bin0,bin1,bin2,bin3,bin4,bin5,bin6,bin7,bin8,bin9,bin10,bin11,bin12,bin13,bin14,bin15,bin16,bin17,bin18,bin19,bin20,bin21,bin22,bin23,bin24,bin25,bin26,bin27,bin28,bin29,bin30,bin31,bin32,bin33,bin34,bin35,bin36,bin37,bin38,bin39,bin40,bin41,bin42,bin43,bin44,bin45,bin46,bin47,bin48,bin49,bin50,bin51,bin52,bin53,bin54,bin55,bin56,bin57,bin58,bin59,bin60,bin61,bin62,bin63,bin64,bin65,bin66,bin67,bin68,bin69,bin70,bin71,bin72,bin73,bin74,bin75,bin76,bin77,bin78,bin79,bin80,bin81,bin82,bin83,bin84,bin85,bin86,bin87,bin88,bin89,bin90,bin91,bin92,bin93,bin94,bin95,bin96,bin97,bin98,bin99,bin100,bin101,bin102,bin103,bin104,bin105,bin106,bin107,bin108,bin109,bin110,bin111,bin112,bin113,bin114,bin115,bin116,bin117,bin118,bin119,bin120,bin121,bin122,bin123,bin124,bin125,bin126,bin127,bin128,bin129,bin130,bin131,bin132,bin133,bin134,bin135,bin136,bin137,bin138,bin139,bin140,bin141,bin142,bin143,bin144,bin145,bin146,bin147,bin148,bin149,bin150,bin151,bin152,bin153,bin154,bin155,bin156,bin157,bin158,bin159,bin160,bin161,bin162,bin163,bin164,bin165,bin166,bin167,bin168,bin169,bin170,bin171,bin172,bin173,bin174,bin175,bin176,bin177,bin178,bin179,bin180,bin181,bin182,bin183,bin184,bin185,bin186,bin187,bin188,bin189,bin190,bin191,bin192,bin193,bin194,bin195,bin196,bin197,bin198,bin199,bin200,bin201,bin202,bin203,bin204,bin205,bin206,bin207,bin208,bin209,bin210,bin211,bin212,bin213,bin214,bin215,bin216,bin217,bin218,bin219,bin220,bin221,bin222,bin223,bin224,bin225,bin226,bin227,bin228,bin229,bin230,bin231,bin232,bin233,bin234,bin235,bin236,bin237,bin238,bin239,bin240,bin241,bin242,bin243,bin244,bin245,bin246,bin247,bin248,bin249,bin250,bin251,bin252,bin253,bin254,bin255,bin256,class,all_class
566884.8,241711.56,4640.72,4024.6826,728.3558,948.4435,1248.7166,960.773,2425.425,793.68317,675.7143,13425.525,62308.977,48100.7,4119.8765,486.00415,620.2688,1381.9977,48.94492,740.7968,535.62384,1347.1526,1350.5853,826.71606,1782.4742,2361.7136,502.67517,214.1185,493.418,193.50757,51.84099,7.8741574,565.0442,154.46664,476.61203,226.40784,1674.0332,3941.4263,2100.8489,167.02748,201.91728,381.72195,409.90793,337.75235,376.2331,189.12405,276.73083,121.93576,84.82695,859.8856,809.6957,368.55826,219.83025,539.38654,1101.0657,488.45468,19.811192,200.27405,354.32944,380.65442,203.50946,481.7653,540.14197,301.14636,303.69278,241.42496,159.89761,84.35106,114.97013,113.487434,192.61368,165.17897,196.04958,224.05383,583.6895,102.55343,83.731026,121.6033,224.25801,108.378204,83.8295,120.38527,90.31634,44.503216,30.797415,129.90459,87.53846,69.874,132.04489,164.67186,29.511454,72.56258,196.95491,31.420845,122.72927,328.25443,423.17767,207.77036,307.2929,361.83438,375.12726,541.6537,419.34592,405.96555,431.24658,370.72623,121.49841,319.09085,464.38748,427.8045,273.60526,268.26355,277.37262,247.07974,350.64874,179.00124,292.8006,206.54018,290.05307,145.44212,55.11102,284.88943,156.34726,170.02057,258.13358,188.0708,309.6361,177.63185,270.7212,87.589485,82.14951,227.96284,507.06754,783.81586,1170.3829,32.115417,299.4078,58.57464,178.34402,163.72021,269.35257,267.20807,339.54733,202.98195,340.6573,435.21808,478.7412,93.28533,343.18912,343.20682,539.62976,612.2474,225.47652,323.58585,527.5374,364.7803,349.46143,222.50894,255.48517,208.30737,326.7436,356.562,107.5088,97.66208,72.58514,130.7687,48.83575,34.961777,161.02278,349.20236,234.96489,220.37354,265.1482,316.85107,121.64938,266.65485,348.57715,194.134,84.32495,246.09708,248.45915,187.66653,204.08173,167.64879,111.40923,77.94652,163.65929,167.29146,135.3994,312.39804,89.13313,67.84226,208.961,428.37418,304.13312,243.3412,92.58072,136.1495,130.4075,473.90536,374.6277,271.7166,326.14877,523.82025,593.99115,473.96558,363.46332,904.39014,290.95895,249.048,430.39868,314.17972,424.49203,334.99615,327.2195,95.043594,193.42117,345.3853,276.86136,158.3623,94.59009,184.6992,160.12413,190.04282,82.091705,64.95955,31.522793,70.40649,52.55681,44.415504,240.66168,208.7968,241.12686,220.61911,61.67523,92.8876,177.4877,135.47015,200.3081,12.374532,51.50384,56.93333,163.69489,373.6808,283.04507,246.58199,137.53783,241.68674,347.08032,302.87326,238.40263,568.7902,486.54718,206.14395,141.40166,208.6436,47.8125,Desktop Computer,$Whiteboard$Printer$Phone$Shredder$Google Home$Desktop Computer
569953.5,243967.16,4334.3257,7465.065,3539.6682,2673.9343,618.95026,2105.3162,2874.4873,1516.5778,306.5962,14328.66,63146.83,47838.05,3377.1157,1168.6863,567.75244,50.052685,737.8799,399.06854,886.1491,1495.797,1626.7494,764.9949,2227.0068,2584.962,492.84753,316.37546,404.2598,335.5431,175.65945,629.53577,502.38855,199.16762,339.55655,336.2663,1564.0073,3956.6133,1831.4496,194.25133,283.3354,549.62415,421.64432,28.195389,153.91904,181.99727,219.34102,287.2403,473.83813,788.64795,459.07468,148.00087,354.60635,825.40344,155.37093,752.7405,501.3402,148.88486,170.72005,370.3864,353.77377,386.47986,447.46384,109.1314,35.454926,209.83649,350.4051,328.74274,368.75906,280.036,35.208134,149.91351,82.39308,407.5368,605.0306,540.04846,422.0557,396.46344,272.09442,179.8331,227.81888,279.9714,291.31357,261.56985,224.79555,206.43797,187.11485,79.208336,242.09782,308.63382,100.739624,163.07384,132.48604,241.64223,152.69943,29.49317,322.92035,641.5916,661.7813,421.32385,212.30992,207.85501,551.24646,293.06268,253.69257,119.78979,518.013,314.5103,347.54285,446.55008,129.35938,394.64194,337.44452,302.64523,94.002235,220.24957,429.35416,200.97186,37.188217,44.742252,154.69893,150.56017,149.37422,71.242805,219.34273,432.3466,315.2816,380.81653,313.4804,246.40277,212.1507,329.143,381.41702,737.98315,894.183,554.7185,726.9878,387.44687,177.68965,41.321987,136.67093,76.28136,188.49142,151.89084,87.36587,178.94205,116.042076,304.05917,133.77959,61.350716,465.2152,530.93756,412.50677,549.1287,489.16797,205.44698,411.93463,327.21902,254.88155,105.893776,142.63896,116.852875,76.177246,254.17093,336.9974,384.1588,249.79659,17.840097,86.48789,108.7828,133.12296,152.6222,203.9744,199.58719,52.33249,208.20705,256.8184,61.453804,128.4452,75.54189,155.44142,76.28291,66.89764,167.2145,225.85292,127.34867,140.8923,198.37561,217.74716,63.36068,332.60858,350.13586,111.97478,303.36456,345.13126,253.46579,117.55006,122.24343,290.24692,309.1759,119.64402,183.89706,457.72275,103.42396,517.77856,630.63446,931.8716,175.06096,842.7422,922.42395,749.3254,613.82697,436.49948,197.05803,273.10162,324.61984,57.5356,94.75966,468.61557,227.74763,264.18393,184.60944,110.16194,151.49936,267.12756,365.17145,388.59735,413.4386,375.02603,244.30168,233.10143,174.5977,55.784435,175.92368,178.82121,90.18275,173.8466,163.09041,87.967026,114.71174,69.148445,213.46873,143.03603,197.67241,129.09175,293.59375,174.57175,321.62088,312.15445,331.8582,346.48254,518.27423,280.5919,33.579685,160.32378,226.61983,151.46875,Desktop Computer,$Whiteboard$Printer$Phone$Shredder$Google Home$Desktop Computer
566512.0,240612.23,4197.029,6762.0176,2239.9158,859.3921,2054.3108,909.2308,2878.8193,2004.6847,821.34595,13220.276,62058.5,48793.707,4606.1235,578.81366,585.1505,1376.8187,895.666,1038.9253,526.79877,1196.9227,327.79556,840.31085,1493.6046,2333.6418,1139.893,427.49643,231.3247,341.7311,335.59756,257.8165,361.17526,285.91312,426.78275,64.94266,1696.1151,4103.603,1511.8516,242.63081,107.13692,418.4849,198.85919,90.630196,238.97998,52.3728,191.88551,513.485,351.42108,998.0967,770.9379,433.3122,315.01175,1209.3394,342.35156,255.08394,150.72643,247.79979,144.16544,33.809277,138.82162,175.78627,334.09885,238.95197,342.80862,141.59824,292.18283,138.486,223.01045,189.5977,49.69414,234.46083,88.95275,113.37748,286.3785,162.3636,167.97609,140.72975,132.63359,84.58034,69.258194,111.20745,123.486824,193.51656,382.43372,45.876244,90.90873,157.65561,89.82548,215.1067,323.6163,219.43909,480.65405,229.08304,91.15407,35.119984,300.6523,232.75287,477.95132,389.27863,29.601395,649.4417,365.6325,341.8148,140.27588,449.30356,543.874,359.41318,239.57048,119.4888,116.12359,119.69705,97.68518,347.48434,214.66098,162.24313,376.69528,370.89496,237.69623,57.343945,119.464386,218.76103,142.02237,131.34937,15.254203,170.53256,263.8873,160.29451,209.73865,262.14084,361.1441,353.33722,508.6906,873.6197,1379.5798,400.1025,406.78708,325.4507,174.95006,224.87312,128.66255,157.92296,215.4744,184.81209,42.123383,182.40808,219.15312,179.24362,246.81076,373.55093,303.36545,248.5907,508.10867,401.2128,772.3393,546.9654,213.80267,276.91525,191.23117,374.49072,218.7549,17.289417,140.20532,32.332043,78.778275,59.318417,35.982956,129.37343,264.8906,140.51994,213.90112,22.033447,175.30986,114.848656,181.7169,32.582035,131.09012,99.501854,162.07639,210.65453,94.17238,346.3058,382.12805,114.67603,87.498245,50.203625,115.58495,64.229294,168.43933,315.50198,513.88007,217.37904,268.06424,17.802979,46.741463,139.7,224.08887,252.80928,252.93991,384.19354,283.31403,197.63458,514.04144,507.73117,691.219,232.4383,268.9059,1062.3805,844.7423,309.49115,207.84183,256.81888,277.0154,227.44536,261.8844,323.14755,373.76224,398.29797,278.7408,9.669448,106.82971,277.0205,146.34972,55.372314,34.558765,167.4668,134.69305,244.58342,170.84601,115.260635,216.93541,199.07993,219.49614,207.65446,257.95312,137.4231,74.314835,177.9375,46.0892,73.82248,129.99168,196.78568,55.79032,185.44316,175.29695,199.17378,242.1693,166.60735,153.05466,268.93658,201.50241,532.8921,604.2922,93.99282,150.0094,132.50752,64.5,Desktop Computer,$Whiteboard$Printer$Phone$Shredder$Google Home$Desktop Computer
567008.0,241993.98,5374.8154,4630.185,2496.7053,1937.3829,608.8682,3182.1973,4817.1196,2638.1704,2432.7888,11903.721,62135.895,48624.33,5020.0967,1365.9987,384.85913,531.76624,1499.0902,864.24475,1147.2543,752.06244,918.36993,357.7441,1337.582,1724.5548,222.9672,485.0895,165.52658,495.03983,342.24423,402.34433,857.591,274.5365,499.10748,139.74428,1848.5773,4262.881,2335.9778,322.9355,258.75427,150.21104,269.79355,53.719643,439.2621,647.7406,257.0106,186.93987,487.7225,805.7141,750.0049,332.90533,482.78708,972.96576,518.59503,579.64056,506.87268,546.2646,263.19522,248.342,59.546158,541.58563,702.64276,642.3043,217.74617,403.10425,333.6378,215.32602,330.4623,293.5404,296.5295,302.84116,244.98428,483.80862,455.13696,155.54477,232.34723,148.8774,43.740444,229.73575,89.63294,194.62196,65.19437,186.95857,120.28813,178.16995,308.04724,379.42157,331.8094,320.4574,277.7756,375.50397,90.6966,306.0721,220.30225,220.56734,165.2105,136.58221,658.104,709.6301,253.39088,246.52869,205.17592,419.04184,232.64342,312.75552,193.80745,265.23734,195.46793,238.34955,94.135216,178.34077,231.44353,209.42093,316.90582,142.05731,250.42387,52.98404,104.97245,113.126564,124.21072,239.09126,248.76126,263.629,232.18672,153.03645,138.10512,166.0975,232.44498,327.93433,281.23083,8.22733,238.04303,644.49316,950.23596,357.02554,348.00006,191.36041,143.40076,260.90488,273.54724,154.1947,101.63851,128.634,193.74623,191.10669,183.78658,172.77673,241.01279,167.15889,353.89044,721.78064,924.2426,251.75198,56.83359,491.76523,250.9195,279.94772,347.99838,251.1175,121.00292,46.501087,110.09461,145.75667,184.8968,248.33409,240.6856,231.0846,288.68884,324.65894,255.02032,149.31325,207.6551,335.02997,168.42284,295.22308,312.6812,123.21728,206.76898,334.98334,58.76188,296.73965,178.88329,317.92264,146.68394,94.36379,239.38889,176.98021,126.21516,142.10686,324.51193,164.01335,311.9156,147.78993,91.5905,183.03949,118.08922,130.3318,152.66264,161.82782,135.7691,196.84193,98.32595,241.4219,674.81104,846.63196,332.7538,927.3005,593.23804,493.69556,518.2126,488.80795,343.3317,298.87674,286.86377,400.88074,353.97034,285.22787,268.51163,316.78326,120.70131,177.53217,238.58441,340.9905,133.3888,90.261185,95.97793,153.5132,154.9177,169.09924,148.46709,275.28607,252.39888,263.94357,202.107,253.95248,129.71053,159.3867,258.355,315.33478,216.18877,188.37177,163.99121,120.43058,76.101585,130.89417,141.00108,70.78497,26.732193,82.95758,252.88354,314.1353,536.4054,61.40681,522.0643,490.91846,136.78125,Desktop Computer,$Whiteboard$Printer$Phone$Shredder$Google Home$Desktop Computer
568776.0,243218.42,3619.3638,4578.4546,2550.2515,333.33917,2025.8524,1306.8665,4505.2485,3968.3772,2456.4155,11092.245,61821.777,47991.457,4426.326,790.45233,650.47943,738.1443,234.95686,672.3077,463.11545,1246.573,1132.557,363.10754,1788.8641,2152.1196,566.6752,102.518,185.6771,12.074466,248.05644,790.4305,780.2724,306.30206,79.15641,218.75282,1812.715,4496.0356,2061.117,171.82794,243.17558,206.28261,183.55267,261.78473,347.89236,417.39194,305.66333,43.622635,217.3499,896.69434,668.2272,85.310974,253.68002,1007.5289,711.0116,91.24634,417.4971,342.38,303.50314,224.19717,288.67505,684.8951,864.4131,266.55457,281.612,235.28552,182.12177,59.96934,160.84901,88.58222,155.83685,43.593765,105.49136,105.76951,241.95381,83.448326,270.63333,72.69256,137.5671,215.52057,36.374275,143.84058,221.0851,203.21867,378.08875,354.89316,157.71266,150.11151,85.03708,151.61426,166.27647,246.6382,168.87457,233.36436,127.86046,210.65645,461.56064,407.51636,725.80634,798.2639,326.5802,410.74164,46.538467,254.52791,185.44972,196.10785,349.99008,254.15259,393.12112,417.32574,435.4459,290.22696,136.86197,84.42057,223.73396,191.99788,27.29044,53.35226,258.4955,57.479267,48.575314,89.74175,111.74374,232.89156,203.49654,108.643196,147.79333,158.42517,110.20074,95.3649,227.65009,318.7429,349.08264,918.1393,1078.4839,79.29298,509.0507,234.5664,85.56507,146.90573,107.1665,169.89154,132.01628,39.135357,67.78566,190.9075,247.2346,86.31164,177.98564,212.67003,370.46945,569.4938,1049.7463,561.0685,309.7538,304.94647,154.3008,130.92271,324.5783,257.15805,38.469303,108.1405,157.05856,141.14035,60.158802,98.38725,119.26059,105.21422,210.5561,5.1570454,279.59128,149.25223,139.42587,204.48413,171.51521,54.91446,204.651,42.311848,180.85614,247.50647,444.8136,314.636,26.719883,212.60898,37.4077,195.39568,176.23782,321.05646,357.3178,366.3113,316.08224,297.8976,145.06609,178.54536,164.87259,249.33365,259.6027,480.24896,264.89096,151.54799,195.47087,102.74605,53.747353,12.936324,212.10416,950.61334,986.7603,730.7314,1029.3203,673.3722,427.80554,344.4984,251.4746,117.94654,59.043602,141.536,250.97957,165.79353,31.349518,255.63474,218.9431,222.57198,273.48004,278.15552,229.75128,137.60948,186.92612,176.942,208.80518,114.692215,15.508495,11.153389,122.06281,53.88935,130.13507,274.37024,385.2347,277.9119,134.7968,214.74251,232.11224,251.74147,121.94507,103.685326,86.67139,135.66908,130.14552,126.18923,99.17866,135.53212,483.27386,635.245,319.00906,297.5566,91.115364,221.89844,56.21875,Desktop Computer,$Whiteboard$Printer$Phone$Shredder$Google Home$Desktop Computer
566866.75,241213.98,2243.7239,4276.8936,2138.5593,2147.592,1740.877,2647.6729,3478.8953,201.1411,1649.4313,12398.04,61256.65,46574.914,3077.4663,817.0101,875.8026,371.8677,214.30296,815.6372,744.81274,1366.3385,1006.48846,472.25888,1221.952,2415.1968,401.95547,777.62976,502.3411,847.9737,313.27753,717.5355,598.74225,574.1166,142.48387,223.79163,1680.8375,4558.357,1859.0566,210.47804,265.87045,190.16214,244.77844,320.055,123.383934,201.63916,64.556015,432.4043,350.04477,639.7359,769.7861,522.74817,1060.4187,844.5156,265.96335,37.05687,343.1591,157.88475,290.489,356.7854,145.12279,467.6096,595.98444,276.1556,158.64471,245.7924,337.9758,147.87402,252.67262,70.73076,158.38158,286.97717,182.33937,240.89886,344.50812,185.61237,128.85388,138.05844,31.107315,149.09637,119.76004,126.0662,41.353355,129.77155,120.14538,229.73302,213.08022,399.84113,331.3945,328.34756,283.76425,100.78838,73.24268,110.19975,242.9743,235.21051,422.84952,343.94424,72.007675,81.46166,720.129,506.89566,173.55734,252.04688,227.44737,537.5864,103.36476,241.43753,272.73984,170.76414,311.4948,198.21332,257.05984,89.50188,200.78743,88.250175,195.04742,80.91413,344.44,137.50705,121.352264,322.13895,153.79814,211.9168,78.75477,78.28302,56.855297,191.49847,245.58975,364.66376,277.21326,333.80148,330.73135,798.24475,942.72296,281.5301,470.01556,172.16522,56.632427,60.310047,146.33662,222.38434,247.44008,108.42134,42.22355,189.80061,112.83657,260.15005,404.26593,379.81293,238.93484,112.17701,697.40076,750.77094,81.76026,361.01773,249.0589,142.56052,295.0626,293.98242,11.394099,149.49731,215.96303,151.59564,76.47796,122.15965,258.3569,161.42136,247.17525,139.83926,189.37628,108.0591,178.32977,72.89167,36.108547,89.592064,57.72402,126.33196,164.33698,163.7402,59.157516,70.66154,15.206653,19.128952,49.780346,69.6717,247.70288,228.04512,234.7801,220.51537,248.44281,161.32161,364.08093,134.8374,150.48717,79.1476,170.40974,149.54857,196.20642,26.7504,238.69537,332.95923,72.852356,333.78818,1015.85205,1104.2451,252.60019,883.99554,489.64023,321.12335,234.94872,479.57333,323.2173,257.3825,281.11615,231.28658,58.236847,186.68109,89.79063,87.49362,129.52252,205.39647,206.58795,43.35786,126.50664,44.290543,105.36557,85.75905,30.329943,119.249466,62.534016,116.71181,146.94936,102.51221,169.02434,399.43802,227.9938,95.46874,247.01779,311.25406,236.22426,303.2571,100.8048,116.23303,248.83057,24.439802,53.252815,121.81706,175.13196,205.81743,343.29575,241.65456,549.4749,529.9335,101.63746,208.95915,90.21875,Desktop Computer,$Whiteboard$Printer$Phone$Shredder$Google Home$Desktop Computer
568783.8,241950.89,5719.5083,8408.351,2484.227,1147.5026,1005.8483,763.34906,3038.076,1118.046,759.8784,14208.178,62041.516,47559.46,4469.885,1047.7919,791.3297,950.0488,640.42804,1225.148,411.16522,858.12775,1221.2477,756.11304,1636.8854,2110.7996,269.86023,434.00092,202.71089,237.51456,326.9768,507.0791,540.1039,59.193073,407.45096,347.76144,1733.1344,4258.289,2353.4014,611.52545,415.14288,343.4243,60.63031,282.95804,324.68478,273.3303,264.8423,360.6105,479.4982,935.57544,455.58182,82.08534,478.97552,487.00934,825.1232,345.82935,631.513,364.3185,127.5053,53.239037,200.01048,571.0947,965.90875,515.6174,89.22914,160.09268,119.44605,150.20567,67.90013,152.1832,187.59657,236.24739,161.78429,339.63824,516.93134,287.924,105.02835,142.59418,144.94926,111.66193,77.85794,333.92197,259.3683,30.054546,222.27885,46.52032,65.776245,161.20071,146.2518,144.23398,198.24715,223.30281,183.34023,238.63922,176.75749,290.72845,304.64432,605.78174,588.272,163.1935,103.15497,692.3221,373.03616,148.46179,213.02597,370.623,338.42737,97.68379,85.57333,54.551044,57.23267,178.05858,118.12469,239.2949,174.6703,254.53665,282.27316,120.56697,104.34942,260.18814,297.0257,123.27626,182.20126,176.3625,202.96822,228.63472,219.85336,136.7518,28.061655,42.271664,193.90527,286.02377,356.74988,535.4886,930.08575,193.13281,504.51666,391.78024,243.58159,182.20589,89.79457,82.12127,238.40933,204.39388,321.4982,364.28778,235.9315,266.88345,205.84656,103.852425,517.79675,755.734,721.2237,257.46814,288.2629,188.35786,253.63889,355.10544,157.28473,184.47772,64.24385,272.2858,143.52826,17.805004,79.06524,114.70054,137.45024,99.193016,227.1472,209.95657,68.50301,188.90764,211.66438,72.16681,70.08206,104.32558,90.831314,115.19698,28.753098,118.126144,183.79231,42.313896,128.8822,217.35393,236.90152,166.3127,283.15204,63.37214,113.003716,428.02072,252.78984,313.7829,356.903,220.9747,57.211693,196.97946,79.70659,48.878605,71.75991,191.88034,104.35449,129.16914,322.36844,529.2965,689.11536,788.4091,274.5677,630.917,619.1709,592.1637,320.4735,38.441048,99.21604,219.75375,203.6998,334.06564,278.79047,137.8752,27.070194,104.46237,112.94798,164.37732,328.87784,236.10327,189.00655,294.13876,174.48705,209.83902,162.60667,129.4177,248.7656,359.59427,269.82733,414.15555,228.24261,64.84583,119.84898,212.86739,182.3528,284.71667,253.85489,230.27737,301.4149,377.61932,198.65508,293.13696,145.4293,156.30096,270.36917,517.0861,360.21744,154.85219,282.03793,599.5979,180.64038,190.21399,205.4375,Desktop Computer,$Whiteboard$Printer$Phone$Shredder$Google Home$Desktop Computer
568060.6,241453.33,3178.9277,6945.2544,2464.8179,1076.235,585.93,2063.3213,2810.348,2299.142,835.32324,13628.997,60825.855,46472.777,3629.3018,863.9417,428.90805,908.25256,528.3883,510.11765,505.18564,1040.0273,562.23596,196.00252,1580.0532,1783.3376,413.64816,222.85657,225.91644,714.40967,425.3788,100.02515,424.02048,169.86668,137.08241,201.23228,1578.2367,4103.0234,1915.6013,221.88303,214.66365,96.26635,99.429665,318.8236,401.71082,431.40155,437.91617,574.6384,284.308,769.19476,927.11554,505.4684,512.41516,1227.086,1225.7406,302.24615,438.18353,396.16486,402.11536,288.42032,181.9847,428.7366,718.4759,117.34455,162.16211,131.07536,145.75261,165.92717,152.59885,176.44357,287.968,357.62692,215.75752,122.52278,455.91992,201.67822,68.85952,89.49741,81.0105,36.526924,142.9114,242.30453,166.0091,340.81485,85.501114,182.70749,77.15197,157.44357,146.17258,101.45081,176.85872,261.88153,247.87688,82.97016,87.37594,39.981907,130.35251,462.5355,1018.70734,1042.4354,245.88791,559.2464,400.9318,253.4619,378.8119,292.91467,308.4998,454.03973,206.34084,170.50778,144.66417,172.02686,124.306625,282.72983,371.17462,183.37827,323.63943,316.14554,278.87173,232.56874,265.31857,82.18753,104.05788,116.0757,136.62611,132.42653,104.7419,46.02269,11.314294,181.60016,280.77786,337.3103,460.46744,877.58594,1089.3689,149.87389,391.3882,104.72187,103.134384,256.82047,122.089935,249.97054,121.74904,120.42177,159.1172,267.34482,203.7058,173.6375,193.63632,60.458714,209.75894,473.153,975.7605,471.20087,294.2771,146.57823,152.20413,191.09163,295.80292,381.57358,198.19334,79.08526,53.28826,233.54683,199.27797,135.37231,75.7474,99.62867,163.85403,150.32335,118.93183,39.67368,164.81071,189.08247,46.223045,133.48135,53.427746,48.864513,57.651165,94.306435,68.31689,90.81616,149.43523,165.15608,267.8126,160.04976,98.35179,212.6746,74.46372,141.12764,582.00446,444.44016,189.87823,102.367424,209.85602,235.74092,172.20398,116.91037,146.32329,171.2971,56.972885,133.55429,424.76276,457.90747,393.72018,756.62103,902.674,353.59937,901.03925,554.0007,492.243,476.31076,217.96898,114.92737,311.1762,371.94876,226.30109,74.23133,99.34432,93.02143,277.9127,249.22049,208.58669,126.181305,149.52359,27.917017,121.23281,161.33546,112.388084,34.62554,161.45927,248.9538,201.01381,198.67992,81.22294,201.07874,274.45218,239.47015,303.4025,334.1437,234.97493,91.59393,162.07353,45.965023,320.1955,255.5292,242.68079,341.2274,425.79227,566.7312,567.9669,426.56287,124.342285,319.93066,64.67125,206.40486,301.78125,Desktop Computer,$Whiteboard$Printer$Phone$Shredder$Google Home$Desktop Computer
568687.0,243722.45,4484.3027,4203.784,1723.501,1227.0135,1189.3246,1050.9187,1998.5339,929.0011,1157.2966,13126.701,61803.434,48598.215,4407.636,567.3391,326.85965,821.25256,878.3085,748.29254,708.66815,1461.9137,928.37024,354.43442,2175.084,2461.4329,1190.7635,254.88591,150.0542,359.83273,129.19429,671.1864,748.6576,500.96576,129.68575,76.600784,1822.9415,4357.9326,2066.8464,428.63632,67.58724,215.62842,63.435658,447.91467,288.756,474.6078,300.4686,408.8338,171.72539,756.0442,399.9772,158.04192,320.42236,742.8971,1249.6815,493.0521,424.2422,556.007,529.79767,223.3592,289.69614,494.65024,430.37305,58.972286,399.41998,473.22208,391.32516,323.76053,230.1424,99.937904,142.97481,130.03033,159.33289,168.80258,598.6403,249.36426,204.22693,233.54425,93.46825,143.11392,158.44313,133.17136,113.264244,309.48547,174.27187,25.486372,136.41212,64.2632,212.97372,37.84532,209.3781,433.1842,295.2371,468.45557,288.60596,96.24749,248.7672,152.0241,358.849,698.2957,356.53278,591.0969,569.1938,507.5363,432.47693,222.23215,253.44084,293.45828,355.11084,15.377746,197.17116,136.0691,88.21257,185.27031,165.74954,209.63992,31.968733,203.0875,177.86884,269.0499,115.34913,223.13924,98.80182,47.993027,173.44838,223.9147,209.16566,136.01958,93.72527,268.74133,276.8386,344.6917,390.8469,919.74896,1169.3793,425.26355,266.22748,173.94902,313.2803,519.3789,467.23346,336.1819,149.82611,37.742954,71.16043,198.93642,228.54793,248.55003,210.45584,332.68954,450.1712,606.3241,374.44846,772.70746,349.58975,541.91425,315.0183,122.472855,225.44354,228.6894,269.83105,155.70462,218.27351,87.207634,177.22993,212.54745,192.09126,262.18723,225.76883,282.6702,123.86352,265.43326,233.30426,119.36965,266.54022,128.70668,64.36417,190.25,84.43039,20.921032,146.31412,308.99484,211.54124,24.237919,196.15881,140.55745,223.7791,121.059265,149.34248,205.98553,67.56122,285.53644,323.00903,355.1996,217.08025,128.97815,270.13614,224.07536,135.64432,119.10723,152.71799,201.46501,227.45894,473.53604,394.4107,315.67313,924.1977,1426.7322,396.61734,147.9586,196.3552,434.2985,316.14502,326.72632,283.9641,445.489,231.18001,105.80766,182.31877,129.23364,195.78801,162.75104,159.78941,230.09421,132.01843,151.27005,52.806328,205.6246,378.77676,339.87305,208.71306,206.56967,164.0773,140.07329,45.18967,152.90227,114.53745,140.44434,46.210682,164.5326,121.66158,129.8275,129.17252,206.51288,151.18736,323.9951,125.30803,89.125,180.17578,41.828495,70.82106,563.03143,676.3885,256.50482,126.00096,75.262474,340.375,Desktop Computer,$Whiteboard$Printer$Phone$Shredder$Google Home$Desktop Computer
566800.6,241181.17,4971.0215,4737.017,1101.7471,1403.3422,1817.4976,2810.7026,2183.1323,2109.226,2065.3958,12076.359,62763.902,48517.777,4379.894,1257.9934,884.1461,736.82526,1102.3013,593.7456,409.236,2094.085,1976.4838,784.3962,1853.1047,2219.6326,386.0385,413.57526,126.649605,34.34379,303.35385,474.6602,409.26053,89.224525,324.49725,436.2791,1511.0454,3967.2812,1896.3544,292.57513,431.27673,169.86559,90.56851,25.209036,135.15077,276.63193,348.2446,245.80844,298.84567,638.1981,637.1649,207.49579,370.583,946.6052,512.1496,486.91187,381.3218,307.87128,535.2889,405.55264,304.5738,355.47086,592.6209,528.14703,202.04521,260.30423,165.41856,141.90993,178.08046,303.03293,336.21313,379.38763,109.40458,243.86023,722.7617,196.329,130.88576,138.6089,68.03182,213.16458,104.13996,225.08017,230.28322,171.89621,291.9947,302.6755,213.45923,208.37227,244.15536,208.5266,38.203133,80.95179,190.51212,126.95127,223.75726,485.40094,423.09982,516.4217,434.9757,295.26077,617.33887,154.36835,92.107666,231.07948,202.11903,30.463255,311.78806,69.126396,522.1744,463.83792,139.22583,222.8636,188.69566,180.01369,198.62756,269.43765,112.48814,158.36156,77.82266,144.1127,29.272045,45.63924,71.76576,174.80635,31.323038,214.96559,231.745,154.82597,57.707626,100.090645,231.50003,353.26367,470.75903,903.56055,1124.8951,249.29732,118.25665,132.90555,396.64386,381.54782,352.59348,241.49298,137.9884,135.52847,198.06665,125.37232,221.12154,303.78354,452.77103,327.71683,277.21347,410.7076,328.27188,766.665,311.95425,454.16824,184.30756,248.9582,95.083496,172.57904,26.125692,230.28424,122.81362,171.13434,250.90588,278.54504,55.342274,143.21252,77.68536,197.92308,265.8698,178.20203,191.31393,304.59454,208.93117,210.27348,126.49134,37.44505,79.49021,249.31369,146.01482,251.29742,172.06648,66.58753,209.00484,236.57321,204.41339,65.47499,137.4554,126.26956,100.87717,119.13664,220.64374,142.14723,200.43217,110.22678,106.689476,273.72284,195.80743,247.84784,366.98706,223.48302,200.06317,368.11948,463.64877,183.43533,886.36426,625.35925,854.59796,494.2733,363.65747,376.56125,143.22401,49.58346,311.80756,297.0857,169.95522,64.58056,118.494804,121.34697,308.4077,195.68425,123.89581,86.890854,23.060774,62.34348,161.62772,138.5483,302.5278,176.81526,110.604095,47.953667,175.11267,136.97,84.21937,39.79111,113.6669,252.23193,246.62102,181.89224,284.84827,79.7599,175.0607,59.40095,356.45883,322.38254,193.511,181.85487,21.122894,192.6555,365.1218,314.84253,334.30875,417.99667,86.80403,263.67175,0.65625,Desktop Computer,$Whiteboard$Printer$Phone$Shredder$Google Home$Desktop Computer
567803.6,242025.31,3688.7515,6467.925,3075.3596,858.19226,1885.6256,2589.0059,1572.9785,1861.2412,1639.4839,11219.935,60892.715,46767.164,4123.3315,798.85205,1200.3263,391.28653,494.62927,657.0188,241.24673,1244.8363,1068.5101,471.29715,1806.9938,2317.905,642.1357,169.01753,526.019,216.95706,451.06204,177.30655,730.9176,197.67137,468.06528,486.354,1690.4344,4137.121,1804.3387,167.95633,239.86131,139.53691,136.80241,59.297165,60.666023,97.89309,410.26077,287.92877,477.14313,891.4275,554.9604,346.1642,870.48315,1316.199,874.23425,297.24908,397.0448,166.82045,86.808174,164.87245,424.27658,575.3557,483.09067,243.00673,261.66846,266.34833,111.565994,115.733086,215.87012,373.83276,128.89212,36.021122,168.42638,133.28865,535.75476,393.8308,202.12466,168.47067,171.01224,61.254875,141.2876,97.94703,183.35928,259.95627,224.96712,192.00098,164.27959,56.300835,39.133358,230.92957,234.35666,176.12955,6.799797,143.43874,145.2963,114.92534,199.50941,508.39243,626.46796,814.5375,442.00214,526.8368,459.74084,331.46613,335.81595,552.0245,364.27032,419.4844,273.18338,445.40338,397.99158,398.39304,259.6297,216.34865,225.64511,243.9873,249.51234,92.588806,167.4736,325.84262,192.05109,60.754486,60.353382,121.052795,216.0012,283.32477,226.023,153.17435,202.7612,296.27304,285.15176,406.0393,538.5724,721.379,1004.0761,201.31291,660.9556,492.35712,226.53166,144.95622,318.1888,287.33463,247.91393,245.37457,242.54974,48.334892,194.01173,204.94101,178.66962,202.46623,447.99228,722.53705,866.829,545.37195,132.8911,461.01196,335.2176,211.52118,224.63994,117.186584,216.19061,134.56009,163.49623,123.279434,234.99953,139.93124,145.50122,85.04285,42.757416,208.50163,164.10243,221.09584,215.57027,269.23755,5.6635838,50.70084,133.46396,203.81161,182.17596,152.10971,205.8189,132.3015,193.13109,219.97192,155.87328,218.43793,124.85268,82.309845,30.444742,84.2827,172.25768,125.59196,171.97908,162.86052,133.6517,172.63968,213.91553,18.583069,117.9952,222.56825,251.28018,223.60115,390.9044,381.69736,600.49927,1097.0323,655.3791,347.29355,796.9551,620.4211,317.21103,184.28816,344.96597,334.45126,433.02686,536.19763,274.282,208.69801,186.96803,201.68295,176.83586,359.81552,293.79456,148.10428,210.78944,180.63252,159.98697,178.08047,59.616238,142.26888,20.988916,83.76904,4.3677964,225.70718,204.62039,165.31302,167.84927,245.57146,249.6696,80.19862,259.20648,349.0036,197.43816,84.783356,265.87592,42.609283,41.322018,134.23055,101.38911,340.19925,396.46326,414.67706,153.85382,498.82883,329.58502,274.4854,157.125,Desktop Computer,$Whiteboard$Printer$Phone$Shredder$Google Home$Desktop Computer
567249.0,243230.77,5856.513,4978.3604,1081.3663,1594.9703,1299.8768,703.2457,2825.3933,485.25833,1787.8325,11901.649,60410.9,47358.023,4323.6714,791.3275,455.70264,342.9128,487.4781,1212.9563,753.7934,1446.0499,811.8785,1189.6295,1769.8712,2718.7761,393.57486,446.6013,313.2927,275.78302,355.38028,304.0289,1017.49207,155.60077,365.19873,182.23749,1475.4937,3801.013,1567.1576,55.441833,355.95502,102.68647,317.5864,130.35864,214.35085,337.09958,356.28043,331.84048,475.76813,688.5751,856.25183,30.781773,8.461888,455.26688,1184.9376,750.03845,182.3081,244.6825,140.81894,214.24496,343.64017,474.22726,877.3566,144.51671,127.859634,40.85029,195.19623,121.73819,88.668846,281.44403,168.47057,163.94557,134.09358,405.06738,466.34546,440.06763,234.51129,153.53322,162.82056,188.0555,74.75472,89.319374,401.79065,193.85732,338.49573,66.59813,111.683235,68.69229,80.0039,291.40454,232.01501,324.61346,132.39189,222.00507,187.82646,394.29572,417.0695,461.83963,602.714,837.0039,683.2312,89.309166,34.933407,275.78485,219.04724,94.04314,226.07935,118.84089,359.5749,464.70624,366.47897,207.61258,154.15901,149.16205,280.2619,218.8655,243.7671,52.93501,281.1616,179.88098,74.39494,206.41147,127.680336,318.81906,220.39098,311.23828,271.74188,268.05618,138.0786,284.11386,388.46414,473.6119,410.84677,714.8113,930.9385,83.37692,664.2621,380.43564,165.99113,48.71009,78.03904,229.91162,121.11504,216.78404,214.40045,337.6874,246.27585,294.1015,285.58167,265.09454,25.677477,110.37471,594.39734,711.05817,778.06635,286.35223,205.98245,199.89186,251.711,251.64015,61.392315,101.65465,245.055,217.5666,78.800316,254.06842,221.9049,361.4035,258.08856,164.35234,157.90504,81.580925,83.24141,178.59155,225.4628,193.20325,131.09961,166.67628,139.8909,98.107445,183.14407,149.14838,117.259155,29.584202,113.07362,87.68789,36.163082,42.752373,108.668335,33.002903,98.76065,100.70346,49.205826,218.52594,40.84427,143.32185,58.69728,256.40057,168.84111,220.19388,247.1674,142.17543,147.71887,266.9588,187.36804,11.477184,1090.5391,977.79144,603.9893,207.63614,83.609665,231.35413,383.67465,235.7585,323.04785,250.42111,136.04834,145.1777,351.21103,258.47455,281.93335,176.78392,192.61444,145.86923,253.0743,87.621315,102.323265,112.16655,182.30312,98.055855,145.25403,73.76194,109.08096,77.14824,267.63257,268.57697,207.91106,183.27238,100.84542,35.725574,177.56638,236.34503,284.08112,139.97824,383.43546,361.31894,353.29355,114.39775,204.66821,253.85841,224.02629,402.18085,470.34637,235.93465,252.01884,216.41646,121.34375,Desktop Computer,$Whiteboard$Printer$Phone$Shredder$Google Home$Desktop Computer
568240.56,243906.75,774.8756,4088.1,2524.8953,1176.3021,969.14703,1391.1672,4782.3857,2216.8757,1062.4034,14347.59,62329.973,47998.953,4763.874,76.59288,340.07938,1053.9894,719.7556,750.87244,746.24274,521.4405,794.36316,411.681,1659.9164,2623.006,736.17004,32.52501,461.4735,257.47104,262.98627,441.54224,726.2349,209.71063,360.27634,239.40097,1951.8383,4359.9307,2376.8074,261.4075,91.52757,174.71364,187.90678,199.55338,227.78326,87.0081,387.1056,438.51157,136.76328,822.90717,651.2211,340.4326,331.77444,771.12115,873.09576,320.04868,186.47023,166.88588,137.02715,203.26402,289.62015,647.37585,629.53973,116.862656,70.79009,99.81053,123.28643,169.63283,80.034035,75.632866,154.99896,143.7157,143.61682,358.79214,567.38916,352.2019,257.89975,344.819,290.23975,111.33529,140.61354,192.80206,518.3218,427.74228,227.44928,33.78433,40.043453,121.07068,282.3092,309.4127,250.70189,270.1657,150.37975,75.06453,119.73844,270.3601,489.78525,315.7821,573.15875,404.16968,438.88638,363.2525,221.32654,204.1502,1.8472465,260.11905,278.48257,446.18353,374.7756,305.70377,168.26381,239.81934,393.99176,330.63342,357.27164,247.14915,105.72477,318.44513,196.10733,120.09474,89.04822,169.49142,160.63037,91.37027,255.37564,99.01734,177.61824,202.21503,112.02873,234.69475,298.24222,244.69548,308.32208,863.5061,996.1492,120.2911,534.344,277.66632,311.16196,147.11517,130.23288,113.33907,54.208645,184.1597,189.0945,185.00049,191.789,153.97531,93.185715,251.9124,421.38297,472.56943,259.98785,764.74884,721.7452,227.65839,100.773094,39.707752,117.060196,44.76981,177.61072,240.66277,198.84456,104.94039,64.03464,61.34207,112.47611,258.99213,166.10999,184.57916,295.66934,186.28047,73.71914,143.62604,41.215202,58.386185,40.227276,42.287926,155.24394,117.598656,77.71528,194.53633,214.81657,247.95207,91.329216,213.85677,244.95677,200.64716,76.91615,50.384262,85.10683,181.52809,204.11145,67.50104,200.80777,228.6018,139.4385,261.73468,369.7345,308.1299,94.22308,92.56131,144.66814,252.7979,700.15985,953.4834,223.96388,1151.9792,714.51996,243.47513,49.04317,16.174402,155.48138,171.31454,169.5911,95.35179,231.16095,275.4209,135.9554,249.32922,218.41945,240.88275,267.05215,327.6991,307.5095,178.7927,308.86374,436.19647,519.5128,448.8863,299.24716,130.47742,120.77261,103.7384,157.10869,102.74047,162.46437,150.84016,195.6055,215.94427,166.3525,186.81877,178.41121,57.904003,141.86296,100.30621,313.9769,252.4137,264.29343,176.14186,343.27606,409.041,246.36742,198.71832,412.18988,360.47018,220.0,Desktop Computer,$Whiteboard$Printer$Phone$Shredder$Google Home$Desktop Computer
567959.75,241359.73,3384.6592,3982.4744,2782.123,2820.0354,889.9984,2646.2312,2920.4197,903.98267,448.88977,13110.633,60620.133,46076.8,3246.186,586.74255,1157.2778,487.155,1178.5664,381.49066,596.6043,969.3618,1132.5028,438.11642,1532.0491,1880.6085,242.70273,689.4328,63.03382,284.41312,128.14511,628.67175,679.02124,437.5668,604.06555,459.86124,1593.1104,4098.6562,1641.8163,355.39407,269.2651,190.04086,279.67908,227.67426,409.5415,194.692,137.6713,183.83383,387.45236,1180.9081,1090.7247,665.9761,1074.7626,557.7176,595.9716,759.5664,377.9252,245.41753,239.7633,269.16028,41.01265,150.03479,473.06567,142.75542,157.57489,203.71008,289.33633,340.3344,148.38087,331.25986,203.74266,55.159473,129.79715,200.54225,482.8157,311.7875,184.83699,294.6531,172.33505,146.57065,63.324615,72.81169,196.39705,99.43638,190.0493,145.08499,181.71419,134.88171,187.42029,196.19814,335.73093,631.1933,391.50967,226.64388,92.31044,357.85333,415.99332,322.84326,701.4354,1200.4877,832.9224,282.15167,111.17981,245.1087,304.69733,332.89917,202.33319,271.14087,250.9196,41.43156,17.076097,97.62921,14.938543,131.66862,152.58662,273.32193,168.10745,266.1792,14.668056,80.63579,109.4013,37.910854,107.615616,297.37036,115.8732,38.839092,140.19365,234.30333,179.4788,282.50464,324.2142,207.30539,304.1771,744.7138,1184.0397,146.84778,542.2471,291.26932,119.26984,150.85641,67.23086,22.275196,193.47815,275.16348,157.55595,38.55899,98.073265,61.25693,140.20824,54.36225,249.70435,389.69318,544.28845,198.52855,537.4344,184.52971,187.33879,157.57678,103.981766,319.70508,232.23453,177.93047,225.93011,196.30188,123.148544,122.79653,226.7585,202.577,228.35997,119.24379,144.8597,86.34661,102.20102,41.81514,60.795444,51.56284,65.87936,80.80999,48.868946,27.397028,49.518044,110.659775,371.74594,234.07425,236.9735,241.9172,170.82506,138.0994,241.4685,507.81198,455.22336,227.40594,94.54577,36.846283,91.247986,171.27763,160.0143,156.7319,173.31886,67.458595,407.94717,653.32043,488.1434,440.0819,641.94977,348.73593,1108.7422,723.34247,628.0728,363.50317,171.33247,193.29117,179.17685,181.17282,325.57782,269.14096,193.05919,131.37968,31.537703,82.589165,304.1315,230.02579,285.92908,243.62434,182.68413,127.04164,166.28682,132.15302,114.47992,153.93695,327.85114,160.89706,143.11153,181.45938,175.76285,273.45016,116.3818,134.72566,173.78596,67.790276,235.02417,209.43417,189.75458,235.88565,177.306,205.0529,288.42154,156.03075,212.77707,257.26797,247.64516,192.54712,92.28323,664.5203,661.7285,252.99963,300.1875,Desktop Computer,$Whiteboard$Printer$Phone$Shredder$Google Home$Desktop Computer
568995.0,243144.52,4701.747,4724.627,1873.9359,1599.4733,607.4191,404.71295,1625.1515,1891.321,1136.0193,12917.549,61681.555,48200.617,4294.5405,740.4669,868.25494,1030.3566,347.74426,822.9804,207.31808,665.0383,1355.1782,177.66426,1414.4368,1442.8706,758.54926,371.8092,742.1935,366.9933,284.86755,407.407,635.846,341.72855,457.29977,475.37314,1592.436,3996.0642,1821.7698,427.7631,44.468445,82.71335,231.90201,308.11404,247.8249,476.89777,178.1347,196.90186,165.2899,1147.5427,989.85254,476.3581,337.6174,648.21545,1063.9973,223.03288,84.28666,473.23453,146.1467,314.77142,301.78525,427.37292,617.9497,146.2068,112.97067,271.52347,229.93321,64.36605,174.1495,205.68515,370.65225,74.13578,199.0224,74.27636,488.45288,147.16064,106.04195,401.97076,258.1291,62.38423,77.95434,215.51299,76.650055,71.73149,240.43207,106.85879,290.4367,194.9073,377.2447,131.17961,195.03235,162.07877,120.220116,246.48972,189.24603,222.53867,349.24747,405.98123,386.92725,922.32544,370.16333,306.22348,543.2059,332.25827,345.9056,321.785,475.8004,360.3115,283.3488,172.47899,235.79768,280.76578,242.64883,269.97345,105.94058,238.92488,264.93445,277.92435,122.95487,255.01945,288.94516,403.63773,274.99847,93.80534,264.3276,101.26854,42.74423,70.482834,234.57278,56.29802,274.53833,352.20105,442.40073,530.2571,1191.7103,316.35202,508.55792,381.9672,122.515396,102.56033,32.275097,219.81235,148.8644,264.6713,356.3193,239.19725,246.66872,165.0891,67.92849,323.21844,435.62802,484.8584,712.63885,620.8386,250.13574,450.34906,326.25928,173.20483,430.34222,448.8496,149.2476,129.85112,54.547928,160.93443,253.45734,141.41861,74.21911,65.528984,65.3641,103.1811,149.34511,63.053078,57.102352,264.96872,223.02707,230.75018,99.78464,75.28402,1.4499208,93.82286,102.69296,78.2049,192.17188,75.03285,57.91121,104.379456,193.08427,204.71686,33.712112,278.78818,104.277855,99.59083,91.01317,161.18204,298.24283,202.54666,162.67583,299.76395,298.27005,172.42445,412.66153,126.87262,75.85203,315.15363,835.34186,962.0311,486.9429,464.84058,457.66565,497.79156,337.15137,292.10806,154.81854,213.40578,351.24548,162.65262,387.22495,487.41608,378.89124,121.57925,323.10352,264.98907,219.69597,147.28288,64.117004,67.266335,160.83292,133.98279,229.92816,197.68765,84.73159,128.74028,140.21147,203.25946,67.689766,154.56468,110.71482,70.12015,228.58456,119.2716,203.29716,100.2153,95.47904,119.52767,205.18918,130.53389,230.7446,208.89163,374.97153,258.634,153.55424,302.56863,172.36436,599.05585,799.09735,218.43243,3.96875,Desktop Computer,$Whiteboard$Printer$Phone$Shredder$Google Home$Desktop Computer
568061.2,243880.86,4373.663,6237.9854,3800.5457,1858.2971,966.88055,1769.7537,2015.4673,2600.443,2720.616,12455.933,62468.7,47291.75,3361.8384,534.1381,976.8062,1065.7444,835.51917,674.91345,505.6911,1590.3541,227.99944,62.196995,1195.4755,1793.5752,423.05432,551.9697,526.3095,526.0237,393.06586,185.10567,507.297,314.8567,37.333725,251.81308,2006.4297,4379.784,2041.4347,135.0526,96.850235,321.49643,150.96396,177.46756,114.783646,412.80722,86.70854,410.90247,154.82806,766.22095,525.303,410.19922,188.16911,591.62646,839.043,209.14888,381.0951,279.14224,196.5301,408.8974,199.95856,508.12546,728.48834,137.23193,139.23212,254.40425,253.076,62.473747,141.94377,131.79715,273.40448,198.00246,137.0962,53.83878,463.95535,200.15477,74.06329,129.64165,174.08618,108.61217,162.14578,80.55741,137.05737,196.60101,232.24324,202.8933,215.92949,212.21655,130.91896,141.91522,219.71857,149.75073,87.142296,134.79468,19.98686,304.23392,196.76993,524.80457,743.7097,431.91,184.8185,99.91075,75.60625,148.2225,208.03612,238.45338,212.18503,207.10695,458.63623,247.60493,146.69357,363.38672,326.00366,293.32654,113.27956,278.29535,306.35825,173.52174,161.8671,292.1922,307.6871,112.989395,38.829723,175.39436,163.29558,100.711586,93.65356,104.25611,295.3774,276.52963,331.40622,314.05472,381.82437,805.43805,1140.0547,136.44884,549.96826,180.661,182.78493,110.99373,371.05927,128.79915,202.2228,63.473087,259.34116,122.001595,92.39245,169.00739,256.29315,338.8592,444.34692,783.5086,951.76953,594.9488,109.91839,85.31913,215.56895,351.02463,240.70004,195.8539,151.66547,69.38258,155.05095,271.99783,123.52856,280.5697,423.41843,369.42715,144.60873,116.86648,111.80871,115.43142,89.42693,52.674946,153.77518,216.12607,213.78285,228.60614,118.14403,254.37257,256.99185,201.417,318.1789,237.23343,154.62222,37.369404,96.927536,140.71873,277.09277,298.60513,85.06847,118.279526,108.90667,141.81778,414.709,407.20883,229.66519,161.7781,58.41226,358.63004,183.68929,182.0459,231.50786,225.1868,288.63583,500.26694,668.0747,254.99765,1036.9045,693.2944,500.80652,498.07007,313.0165,146.6262,284.04706,193.49814,289.77396,148.71707,39.300026,217.4711,246.51147,280.33124,164.45099,53.799103,37.77845,106.94873,84.02592,126.067604,198.72226,127.41092,105.418686,153.98183,235.64244,180.97635,150.44705,212.41815,140.19397,241.29109,16.946487,208.20097,360.88272,295.15375,91.524605,61.97967,202.52354,107.790276,131.10335,310.45538,414.7236,574.039,558.0158,182.75603,86.1509,212.65463,105.74471,170.65909,103.6875,Desktop Computer,$Whiteboard$Printer$Phone$Shredder$Google Home$Desktop Computer
566215.2,241743.9,4570.2524,5150.6484,1383.5035,2159.905,1747.7787,3707.863,3966.074,2736.3694,1890.2141,10458.133,61055.67,48824.727,4714.0234,494.0602,163.0749,514.6478,267.92572,670.0189,724.66626,1149.6001,1212.1133,658.08875,1717.3746,2349.3103,645.97595,269.98743,267.42908,378.1827,45.530777,958.9285,729.29474,139.27654,644.5453,251.27348,1803.0461,4355.944,1645.0482,48.151123,163.45392,110.40762,292.37308,106.05772,136.19603,385.90195,230.94711,420.945,690.23975,647.7954,434.05405,506.7738,502.8199,333.62183,1177.238,695.80646,187.52637,86.22622,182.12578,437.0486,389.6801,302.5402,632.60925,237.1355,63.51432,108.35358,65.764145,229.70209,234.08272,230.28513,197.98029,267.00812,242.8643,310.16837,430.9955,134.89117,198.77924,33.676712,253.93283,71.62756,115.19116,107.18362,128.4024,210.05684,244.77184,229.32352,173.01912,209.68243,90.728294,83.0851,105.3139,39.20813,235.27283,173.11497,252.8848,320.35916,673.07764,269.73013,102.16372,462.72882,247.97429,354.27927,481.00592,71.92491,175.85193,136.18205,31.62948,61.794724,213.54413,333.6001,161.333,210.8978,159.40225,132.27336,245.22873,198.42958,213.78452,343.77493,340.65857,79.96686,252.51862,488.84702,431.32913,226.2123,99.516304,39.590057,208.29434,245.41171,280.63016,200.70065,109.1736,170.30025,226.15518,747.63306,1090.4487,255.23909,725.09937,483.4453,88.87356,214.4214,360.63583,87.97282,363.84964,232.83443,32.316586,54.322212,298.46732,294.27002,276.0935,233.15479,660.2849,759.1659,351.2446,256.60495,83.581436,473.3456,590.75165,317.63394,205.16824,223.70149,81.62624,117.982346,134.20134,173.31389,64.80977,18.533833,93.62516,127.76574,100.76806,84.36451,88.51262,164.531,64.872284,171.25551,262.96234,149.63304,34.53212,183.16891,51.381317,72.58348,66.07508,139.03275,164.99039,280.4826,192.31383,77.95005,102.06921,96.267006,265.51758,159.37721,189.05157,383.2052,147.84842,198.59146,170.53214,273.61673,378.51212,477.40674,313.96442,133.4776,442.96616,555.71765,356.99448,71.517296,538.0179,815.1031,863.9456,678.96295,352.56754,446.32877,749.0901,542.887,343.05942,202.27364,135.95578,101.0646,243.81627,374.5471,453.15503,258.59183,174.12111,148.00386,162.19989,148.75386,308.88486,207.25732,306.31967,109.47735,242.86638,85.91699,133.73737,112.034706,108.4387,129.61612,155.75348,179.75365,378.19254,281.02283,54.88637,234.60222,225.6092,207.3258,317.09122,335.5043,285.60733,340.61646,331.37634,298.66815,327.38715,448.11127,464.87723,125.35325,88.580765,68.76821,197.4789,176.76411,14.9375,Desktop Computer,$Whiteboard$Printer$Phone$Shredder$Google Home$Desktop Computer
567410.7,241940.78,4626.0503,4625.8423,2623.7866,1102.9432,915.9067,1276.4576,4390.311,1571.2338,328.39227,13909.189,62586.6,47536.125,3461.5762,449.52582,308.0622,1038.0902,723.06116,506.18933,973.38135,1663.9619,1583.0032,1235.4808,1422.2377,2171.8284,447.9788,466.0028,261.85706,834.65814,99.36306,749.0953,672.0351,342.3903,182.59991,373.35483,1487.3779,3972.3892,1907.3168,141.22052,167.01056,545.9623,140.76202,539.1065,166.59854,149.04498,152.31863,318.00247,543.8452,949.92816,978.9671,300.0734,282.3694,397.24692,678.6358,814.6047,568.21344,281.65277,509.28186,266.8964,426.60565,566.3003,749.50214,24.25807,126.64586,207.12787,439.10013,339.08084,220.75142,254.61568,152.57124,299.88092,59.00834,420.02264,685.36786,675.3239,310.4378,199.36192,94.083305,175.64421,194.04895,262.04034,154.02486,183.8688,61.10108,175.64459,69.96526,83.42584,170.86446,208.63545,92.55558,397.12,244.81075,74.33206,253.91557,170.86621,615.65594,674.5254,444.87393,116.23213,305.2934,329.45813,282.08923,266.11172,132.13028,233.0491,154.48778,138.4579,429.6652,488.7035,83.753174,258.42416,237.3273,322.14627,268.35812,177.2408,221.88524,167.09944,213.28107,252.84041,135.17188,130.75865,96.27937,168.55382,411.96497,287.05145,167.76369,114.14285,151.68861,236.97052,487.3444,302.3299,320.96353,620.3598,930.77374,214.6684,495.95624,136.886,120.16311,135.064,253.65654,284.135,90.947014,150.16165,214.04338,143.36227,91.335205,191.79538,455.84616,488.94116,530.47644,378.80023,470.20587,430.00763,266.72726,175.4234,367.95047,523.8333,260.26376,149.75374,182.43312,84.814705,145.79308,370.1648,343.32883,359.23117,284.09528,218.80412,101.903305,205.08836,130.31427,35.33563,127.25881,99.15084,227.72055,158.88055,154.64299,84.58921,178.16446,194.50545,204.35248,41.822475,124.398926,169.72073,147.99883,129.32265,188.13007,239.35324,171.07141,111.804794,110.04671,248.97849,247.24295,512.68286,369.96954,249.56271,137.41762,148.1606,351.53873,303.44113,161.14458,378.5378,202.86845,250.54839,357.11246,752.2641,1203.8037,262.317,440.66418,642.7727,668.41394,259.06708,291.59763,322.17004,219.16951,55.31261,216.13724,105.529915,124.75968,77.80277,132.36166,163.02374,48.1641,220.19785,120.36192,90.34158,264.37717,215.18974,280.0929,309.78168,87.84487,82.3685,99.07319,146.2321,73.22269,295.20276,284.36017,245.00114,109.10099,95.80254,203.5252,228.76814,192.10712,282.4597,178.32584,198.53835,291.30103,334.02393,493.62738,588.0096,148.47362,345.26154,161.55156,183.07433,339.33438,364.3128,440.8125,Desktop Computer,$Whiteboard$Printer$Phone$Shredder$Google Home$Desktop Computer
568047.5,242369.31,5132.6,7790.3784,3536.7046,1675.6553,2080.8333,2512.4148,5620.2227,2285.191,1620.3102,14160.866,61742.453,47551.08,4418.2173,1311.2786,1298.6289,1067.505,1244.8762,622.18463,289.46054,767.4535,763.4249,161.50435,1762.9558,2548.9172,664.15393,197.00345,215.14781,82.9435,206.46855,353.19315,609.81757,563.9653,487.5338,209.9198,1952.0204,4347.182,2113.8462,146.36275,123.31001,194.3198,330.59192,52.879887,182.30339,551.87354,237.56682,68.67383,160.99216,849.6932,713.14404,426.68463,515.38727,678.38525,507.58173,359.0138,305.1408,512.2919,195.29558,76.88973,110.632774,355.0736,513.64996,67.64477,162.60971,253.65909,77.2606,99.284775,94.60461,14.2749815,51.28817,155.92567,309.13602,204.8483,640.43677,461.1616,234.04536,237.10254,210.71661,208.72693,111.03413,83.867905,136.1453,71.11781,38.53324,139.8138,254.4376,160.89886,182.76924,268.4751,127.58355,159.74405,54.472084,369.0079,121.17444,290.59296,304.42642,472.11853,713.6679,777.0959,391.79257,167.70125,274.69202,182.7526,204.62648,390.43863,258.81473,402.80795,357.99042,439.99493,545.5727,465.1055,113.71276,332.77316,264.61084,331.41696,158.02249,97.44031,286.75662,445.21625,212.33177,139.3629,149.66728,192.64348,208.61392,243.09828,72.233505,37.503204,92.32104,104.26506,244.89145,336.0454,530.3246,866.31805,1000.7675,302.57687,559.11993,150.5234,125.764435,240.29688,157.23317,120.032,100.119225,57.669468,315.34485,69.684166,148.92065,186.36957,57.616306,265.6869,306.82773,742.2383,915.0408,534.9306,112.93382,273.97018,428.47803,253.67348,347.6118,205.86192,205.70692,101.87378,161.3001,110.01248,109.854546,152.83984,56.063263,9.103264,190.57526,74.41816,111.19611,50.015106,250.32733,251.62695,163.83873,215.80632,81.83928,65.31381,136.41513,280.42355,279.03387,94.81389,123.04235,193.58664,165.32513,12.634121,124.80015,91.326096,127.82611,41.860878,123.10101,80.630905,236.0125,234.04971,96.677826,153.07614,116.86157,217.26872,251.6711,478.57715,179.54129,218.80348,306.45544,311.04788,171.37642,705.8694,681.217,531.8703,756.55133,683.08203,338.60477,76.52376,98.362274,279.75336,263.7632,191.87166,60.922005,282.33945,267.45212,187.72614,144.20288,220.54881,62.788586,123.338425,65.69569,218.18636,263.7192,466.0161,497.94586,273.89996,298.9169,363.1531,298.13428,360.45798,354.71964,201.3349,63.391193,265.82477,306.6802,189.41022,116.55586,251.56651,269.53738,221.06242,80.1551,52.30604,138.53543,192.78673,155.89537,577.4126,837.6472,625.54016,375.60272,297.85025,80.45818,75.568565,445.84375,Desktop Computer,$Whiteboard$Printer$Phone$Shredder$Google Home$Desktop Computer
567915.94,243297.1,3703.027,5104.116,2523.2148,3121.9377,922.1136,1514.6879,3771.5737,1721.5419,760.8109,13256.871,60642.758,46156.434,3292.7957,624.2877,946.39496,331.41745,595.22876,468.3638,369.8631,1222.59,821.3515,692.0958,1375.9629,1727.0338,406.77994,357.33636,56.02762,327.95538,53.479492,517.6313,586.7892,442.8619,116.28941,291.88318,1591.5706,4126.543,1723.0465,126.50207,292.8552,147.23819,273.60724,450.0928,305.1217,265.39413,151.51056,218.33876,34.29675,619.66046,516.3577,401.57925,198.19261,594.7231,1111.5289,355.18527,308.1762,474.53784,506.34116,249.52794,225.58023,180.41225,372.09607,275.86972,277.99472,288.99942,272.28735,94.04367,105.54596,236.40378,176.3499,289.37018,243.13194,20.60589,500.42822,79.43418,164.44037,240.87752,102.43312,89.63044,190.20364,307.81592,178.59683,203.29478,132.14568,102.25968,188.31293,239.08202,244.7475,259.32388,215.63419,155.49655,359.59903,339.63214,395.47696,172.68633,440.8996,613.76013,875.38196,552.2232,323.70905,318.23325,184.12794,166.96959,425.11035,435.33878,54.5804,329.36386,386.53522,113.70352,363.28668,382.1303,280.59024,234.72256,188.57541,261.25314,211.18521,251.43317,342.26062,173.62856,228.14157,159.3872,92.03895,11.726784,217.121,51.91773,113.75051,111.565865,124.367096,53.380314,57.333454,174.83963,302.7647,758.34296,1259.7064,183.66896,525.3721,189.51051,84.923096,110.1225,100.75762,183.9977,69.44585,170.42363,286.8606,270.06186,273.68054,236.02103,254.74573,502.494,619.9815,714.92255,499.29678,437.3696,300.29358,90.72489,30.64203,281.22467,342.42496,313.71927,73.220116,194.35233,187.7207,200.32545,170.3719,238.68153,323.42334,385.98074,252.69194,85.22078,131.50092,122.19977,348.69217,315.08197,69.50315,132.01753,172.1448,98.625305,69.41377,221.53096,149.80847,108.47384,82.28231,194.4269,199.9479,158.86241,110.496056,185.2315,237.62627,154.58087,162.7477,28.209099,82.249596,191.78984,148.67465,219.24059,164.02016,349.60202,90.44507,373.88345,370.2086,378.94043,327.26053,470.03027,468.40198,582.3805,152.20148,995.46356,496.5937,140.6744,428.70007,373.0837,226.19814,119.81568,172.15,195.17123,144.67906,36.537224,22.547028,205.54799,407.23978,258.36163,176.87587,131.56308,62.35571,141.02312,213.80544,180.72673,54.378494,57.30744,90.50497,76.04141,107.80246,113.965195,50.04575,221.28293,150.09584,127.32974,314.10242,187.64462,82.30407,78.08148,72.71227,73.270226,212.97623,126.49163,36.959877,253.9089,408.446,214.39925,280.7529,686.6629,178.2609,296.1035,567.8414,449.23483,7.8125,Desktop Computer,$Whiteboard$Printer$Phone$Shredder$Google Home$Desktop Computer
567583.75,244002.94,6275.268,6734.936,1694.7926,62.556515,2177.0142,1731.4904,4046.7427,2175.9023,2932.0688,13082.807,61471.69,47245.36,4196.92,517.7112,829.8377,447.83682,1170.5675,1096.692,659.4587,107.33812,884.7826,761.3059,1639.3981,1738.7971,721.08276,566.4759,157.55113,446.55002,270.27643,451.976,368.87927,424.8045,88.45789,221.1845,1836.8738,4005.09,1897.3798,277.66434,282.92953,416.57126,116.44271,35.89821,360.76108,276.76575,391.81418,212.69939,366.98297,1167.0808,698.6493,181.8846,930.9266,632.7483,282.59375,472.19797,142.45264,228.59695,90.78295,253.73323,228.08043,473.47073,449.534,118.83987,67.27731,311.76566,196.54086,194.02705,71.83482,245.57585,103.98095,135.45798,188.67047,76.464836,620.1543,370.65515,180.95847,148.945,205.78102,51.75643,242.49596,301.7253,214.64302,141.56111,192.84743,326.80698,103.59134,65.403496,175.84802,122.079056,234.75826,243.22241,335.1985,196.12727,148.97116,153.99261,222.75941,220.51324,171.73074,505.41998,546.17303,187.21764,389.35236,212.80441,107.862144,331.65967,173.88676,49.505833,175.8535,528.4877,348.3994,84.018814,153.50401,104.24526,153.98645,90.43012,210.42183,110.66387,255.10916,83.53627,81.44555,161.2132,254.89413,370.7618,102.33781,143.53821,99.9516,183.3248,87.59299,222.69426,312.33163,437.99387,393.68185,633.1832,1036.8695,387.70483,692.02057,426.21124,226.27965,228.53386,19.694717,124.90104,169.21631,441.0643,278.65143,169.59831,247.03264,370.22495,251.83058,287.6235,322.644,545.0727,1246.1868,1101.8075,114.71986,204.38463,255.8425,106.28798,121.5594,26.71071,125.53836,280.73044,237.24144,69.69251,175.86012,101.03636,107.13712,144.4445,138.50967,66.172264,202.90135,174.82967,398.09436,205.01662,79.702065,76.19376,145.22336,60.058567,38.823135,78.37254,141.44833,103.377716,135.39285,128.9142,68.538765,127.658005,143.44112,174.23514,366.3667,347.9096,330.4968,259.88348,194.96176,63.828938,166.52925,211.86523,292.2348,133.16089,86.14621,82.77806,134.4999,227.44708,270.4091,426.8938,671.7966,908.3657,333.2958,801.7026,586.8622,498.77435,380.3854,582.2609,557.60645,616.72003,392.2935,222.87543,135.05782,176.09132,52.204693,148.69925,205.89743,272.15045,67.12631,304.35995,311.2907,282.36505,114.51087,131.64864,105.22707,200.74748,275.90964,442.6135,373.21646,262.8176,119.33204,115.851814,97.2537,167.48003,77.82518,140.44048,127.19645,156.95865,198.3645,372.5323,141.69443,138.89635,159.55971,293.78912,422.751,232.53949,222.80318,240.39673,407.42386,396.32828,131.82353,399.22012,330.0,Desktop Computer,$Whiteboard$Printer$Phone$Shredder$Google Home$Desktop Computer
567287.25,241930.95,4570.621,5080.029,782.2396,1750.2286,1625.3043,3165.2214,3584.7268,1722.6671,1143.296,11231.442,61109.715,48119.82,5198.188,1229.7518,404.3985,1348.55,1157.1312,1458.4475,588.7838,1403.1827,353.4257,308.01093,1629.3969,2289.753,805.8065,433.58405,272.7906,373.372,332.56967,54.516514,195.24658,305.38556,131.27965,193.67282,1932.9613,4486.184,2171.4736,391.46188,310.32584,177.36938,339.81024,367.78964,447.07993,215.01793,475.94308,204.40125,109.630165,871.5918,836.34143,235.75499,454.96457,1028.9545,452.78262,347.44586,459.2882,306.87823,235.87753,252.29895,203.18054,528.12823,615.80084,125.0702,146.79926,222.60777,255.82477,20.042494,40.574802,90.42632,245.74693,117.135704,271.66904,488.58255,594.0134,181.31143,85.69965,111.96619,65.87331,59.307,98.86452,101.11878,75.82777,184.41644,74.76779,87.24005,213.51349,288.9653,163.2992,203.55775,112.1476,69.345055,60.48128,145.49918,119.13103,146.69191,297.3823,265.6738,277.56952,823.5076,447.627,273.24432,27.332365,178.93176,144.8852,85.099945,412.23422,354.24136,316.3712,488.1145,91.54523,86.19715,72.881294,105.59803,262.33002,167.87679,208.48131,36.260986,213.70667,130.62338,189.74655,279.3426,205.07356,42.63161,69.0833,191.43834,198.83162,153.52016,146.36876,210.61526,321.29352,286.13843,380.6532,744.49915,1248.8889,292.0213,559.3785,436.95154,279.2275,270.24734,133.64716,72.81355,334.97363,334.73782,79.49457,294.82138,292.16165,134.75157,72.92558,113.6681,174.32979,403.07846,989.70795,594.5419,292.24664,320.2309,183.61902,169.36597,127.691185,83.42169,101.44218,336.34387,315.51477,86.24904,282.18787,299.25497,307.2861,322.1186,89.67279,87.701584,95.48781,198.17424,259.8773,410.2737,311.16763,178.7687,134.09526,177.19983,191.50526,246.79065,209.56558,40.037823,43.531116,64.83825,103.25647,145.55377,126.27849,80.767944,114.61924,374.21335,326.93726,302.6343,269.5457,262.2356,123.3531,183.2639,200.26869,173.06699,504.8065,393.61368,154.54076,229.2968,302.50732,400.29782,348.15182,800.90704,507.95,770.0567,828.25323,353.69632,87.16947,142.10927,101.5603,51.25787,60.477406,318.0678,155.10376,313.20175,464.017,324.48956,301.6738,175.55032,237.81136,229.05968,160.37907,205.5247,249.30229,97.73222,22.312883,140.23982,76.80051,162.90295,178.52708,47.542625,66.231766,117.63135,118.93997,84.22119,126.95644,175.82329,103.88456,169.35397,276.35547,207.44725,224.91855,245.04189,87.87107,91.452576,130.5128,282.749,286.41827,607.517,413.5999,219.7679,93.794815,222.35503,293.875,Desktop Computer,$Whiteboard$Printer$Phone$Shredder$Google Home$Desktop Computer
567759.75,243006.92,3345.32,5773.622,2168.7007,3170.093,2261.471,1462.2875,2187.48,1422.5385,1757.4138,12097.699,61716.09,47675.188,4473.9307,734.95703,790.76746,577.5378,993.8401,654.0008,853.24677,886.84296,889.36597,464.99298,1398.1511,2099.6968,473.5453,168.8596,254.03914,470.2339,345.62387,434.30756,615.12885,59.216038,82.66654,582.69543,1746.7158,4155.0493,1805.4993,352.56766,274.30753,92.81946,138.04524,314.59482,419.62714,344.00897,207.25432,328.69968,416.91238,496.74985,382.82626,131.67072,280.468,749.7206,942.92084,386.8111,186.4763,114.895355,206.86339,78.03475,157.68625,426.6579,419.02994,273.3492,86.08375,178.61258,187.12271,124.119225,5.7218585,247.1721,113.67475,22.542683,118.621796,126.49719,230.2882,273.12286,143.00613,276.3902,191.61873,23.822857,261.97278,65.69399,136.66135,26.703747,188.42087,115.10767,64.83338,168.38779,324.74942,259.00064,123.962685,145.65953,329.7791,214.37,236.52798,246.26599,185.5522,399.39743,1121.9651,551.4063,153.11742,467.61365,187.68355,164.08044,279.6932,112.31888,379.79065,636.471,559.6815,45.96675,293.99133,91.10857,114.08082,28.968515,60.87725,244.44159,94.15998,129.04524,56.73022,82.15731,124.36727,255.08342,129.14995,160.6217,190.81584,391.5565,272.7181,238.86841,248.56897,124.326675,142.31506,257.89914,351.61526,791.82416,1003.05304,48.82931,573.3451,290.89243,165.74948,39.809814,114.89279,76.89542,129.41872,266.893,152.3001,234.45595,164.45021,297.66873,209.6137,129.33714,87.361694,356.04626,804.5181,357.017,292.52106,266.75806,187.31775,139.49852,206.49913,244.9925,172.64388,182.21063,296.2376,62.748154,63.143124,86.96573,66.10911,206.1916,199.86891,206.2457,151.96196,126.50865,128.96956,150.25742,270.86923,154.08284,137.85742,130.56178,133.90541,43.21435,170.89174,121.526085,83.71494,72.01397,113.04771,210.59265,55.38414,185.22507,328.6777,249.64723,458.26578,317.77087,156.76181,162.7259,170.89775,310.83057,301.0411,256.8295,305.73203,179.47438,29.234304,56.337852,150.08188,221.31342,341.0804,743.2536,1172.7578,101.48785,837.949,402.07898,216.90822,164.02798,185.27141,375.83478,336.32697,288.88254,186.19788,506.27756,520.7046,413.99127,462.95016,313.75305,228.23076,220.74979,266.15796,278.8664,227.08232,224.46667,166.79646,143.53166,202.21147,85.9961,98.82916,152.55843,168.09372,172.78453,224.0234,228.08766,27.205708,140.2046,28.564363,177.02728,134.94785,126.30758,175.56529,259.42496,206.62593,225.95667,229.02165,368.74554,623.1774,253.63588,391.12076,496.3506,296.16675,191.77689,171.21875,Desktop Computer,$Whiteboard$Printer$Phone$Shredder$Google Home$Desktop Computer
567406.1,242258.55,2901.548,3831.3652,586.5281,408.10904,603.38605,785.89685,2613.761,1595.8296,1109.8369,11703.58,60765.95,47815.965,4474.239,1080.028,732.15106,631.0703,1190.6879,966.8802,97.41092,987.51227,673.37756,1472.6007,1971.3798,2486.5522,536.0316,699.4518,427.84222,261.7314,519.2411,176.27153,563.35913,330.01807,600.8941,137.60133,1827.4854,3674.6135,1791.5416,87.43424,357.65445,246.00026,239.93773,302.33667,210.27321,561.09827,164.5108,136.78973,242.18459,921.8133,585.90826,513.75525,450.74774,622.9247,411.80176,69.40898,572.3813,346.36502,268.75967,287.59055,113.267715,273.80215,432.3209,101.3568,69.290085,129.15717,286.8915,312.20258,265.0983,77.81469,207.62933,154.38823,167.33351,418.95468,564.5505,170.44836,146.94475,62.257526,108.17417,153.58247,433.7883,219.68173,122.41903,161.22017,93.73657,81.41664,38.22777,43.08504,192.45328,118.09812,49.04019,16.38039,226.01839,156.23227,105.053955,323.2074,43.907925,343.31705,906.3175,960.6741,783.9007,171.26613,267.98975,375.6332,379.9672,408.5214,309.422,126.722404,238.59326,133.30408,504.24237,355.93115,72.83712,88.927895,99.081314,144.35432,128.4565,307.59073,140.18346,132.39433,185.93752,39.64956,170.40675,193.59799,251.74171,143.02274,91.67318,317.83218,374.54605,246.74467,159.41403,223.84555,430.9226,783.2698,866.41516,144.47755,441.58032,286.9855,192.92397,194.86679,168.47714,148.6195,266.82312,200.73886,159.5526,83.05292,121.76724,62.496277,244.11081,314.57477,206.69675,404.4218,732.6978,285.17673,329.10898,320.0777,180.0722,102.72268,279.14197,80.667984,154.80597,78.96512,85.210785,156.34363,186.10182,19.893969,203.3643,302.86624,310.6695,56.57617,81.409904,58.084393,76.68147,32.474186,193.27983,171.18835,151.44087,144.13676,180.5646,297.8953,154.28537,141.29,108.90148,158.60881,193.94594,139.84773,167.65276,88.54981,171.88902,126.0907,257.97302,95.13071,56.279457,190.55933,308.3771,192.75089,271.1372,223.54175,99.3202,205.31784,153.55026,157.52875,350.79727,290.5605,246.6092,488.76285,508.40158,705.3491,805.59204,521.70233,338.01215,335.52313,155.1572,13.84224,92.650185,19.413147,41.130985,107.80567,143.33963,213.78284,179.88097,285.40317,296.79724,262.24292,188.51619,143.59941,272.03693,177.19052,108.08588,20.187695,215.69337,230.81798,339.43185,162.37613,149.8108,153.43791,269.5049,322.85193,318.9352,234.7542,80.20994,167.66531,253.05313,305.3315,430.60886,459.06317,269.69363,105.47279,211.5769,395.8637,597.334,431.43314,230.31747,97.22572,118.8959,236.48343,97.875,Desktop Computer,$Whiteboard$Printer$Phone$Shredder$Google Home$Desktop Computer
567664.5,240030.23,4828.4717,5143.807,1573.5555,1198.3247,1705.0408,2300.7217,4380.221,1442.4238,406.4694,14007.55,62404.78,47751.594,4320.1294,746.3261,265.0502,858.20593,414.4389,251.82936,382.72592,634.1679,916.1852,564.5442,1602.8932,2253.8987,566.9934,196.8162,54.345123,436.03348,485.9956,1108.8032,946.9205,541.9852,90.61524,184.69336,1624.2195,4202.8677,1887.7634,151.32762,158.33833,96.06369,149.03464,216.68103,197.8102,199.29874,86.803375,391.05008,954.78326,1476.0464,967.2789,577.1415,762.4203,721.23,118.86187,150.86351,237.93156,140.37547,153.8227,212.94647,185.78333,158.95955,525.4814,271.48907,282.24118,244.5194,201.2042,397.79425,115.56147,189.3349,312.02426,210.80954,147.52501,197.95697,551.4814,509.73184,184.33919,42.64687,162.38431,171.7689,19.554787,140.46477,152.34747,148.35835,103.35151,109.77061,168.39644,202.3737,104.32707,131.38885,102.82991,89.94182,179.22723,240.39227,303.8806,116.66341,37.392822,331.70297,323.1651,553.53076,645.3096,463.61288,197.99231,186.4505,82.71945,389.1548,554.65283,330.36917,406.90958,36.513237,141.86644,64.80255,267.26428,141.13641,54.131054,56.85672,16.332228,99.35384,132.09064,109.84187,159.3996,75.13355,156.5901,200.63423,127.95127,151.99837,203.43988,281.60165,143.91216,244.34854,187.1157,305.7906,465.76138,745.1073,991.8902,86.42995,629.686,306.1806,217.48831,228.09962,179.831,87.43496,265.79193,324.54727,214.39995,161.9181,218.83426,105.569016,253.24985,423.81992,314.42795,334.72028,341.463,445.9637,236.51257,141.73634,194.83472,99.264336,123.583626,235.01271,419.40225,370.346,116.3841,72.4018,180.2491,115.90481,114.495384,131.7104,341.38245,403.539,296.4408,275.82614,138.19714,50.52821,105.08226,187.51529,109.731544,47.98799,21.962652,53.922756,104.63982,114.15492,88.13141,184.09474,190.6053,265.53116,315.9644,151.07893,71.03473,143.15799,25.94042,92.7186,256.76984,258.56152,229.53526,457.72644,325.8733,260.12445,278.88748,170.23314,103.97488,327.1938,531.7687,800.89026,489.30878,713.48535,595.918,324.29413,503.5297,504.18353,449.83783,203.35648,84.543816,46.04049,149.05698,225.62216,239.18556,209.2922,153.45761,235.40779,222.82605,180.82309,292.1455,74.37573,209.67921,234.16922,268.23972,175.5435,33.565014,114.89865,93.20819,209.00278,166.9865,147.76091,265.02725,142.3946,173.77715,224.36736,67.80008,29.339987,48.773773,71.044136,44.29998,87.1903,96.22486,98.81412,196.88553,129.77477,205.96101,247.73647,262.8568,287.32407,231.89514,170.10628,408.66183,195.15726,419.21875,Desktop Computer,$Whiteboard$Printer$Phone$Shredder$Google Home$Desktop Computer
569019.8,242479.2,2931.1033,5569.8354,1693.4594,1549.6807,545.1598,1614.0428,2809.642,767.3963,503.38242,12870.055,60130.64,46223.715,3765.6772,394.87897,1288.2751,473.37354,875.9087,299.49026,687.68787,1022.5697,407.75003,507.42236,1672.4323,2453.1929,919.9179,129.45091,225.9675,342.571,318.73465,413.9076,1051.3585,226.51093,220.79433,278.73425,1812.9103,4597.424,2090.2048,344.19476,388.9943,247.98814,342.72195,284.25043,367.35202,257.52545,243.54778,146.9571,51.12143,365.95,578.5181,88.11168,246.2789,951.56537,1242.5358,408.70346,48.544697,316.40128,109.20534,151.1759,211.75308,863.4335,837.8292,646.13837,374.4312,488.7824,307.8047,425.3848,188.0631,399.93365,407.87872,273.9998,118.123955,368.51532,480.22043,160.69258,259.6813,219.46667,220.2459,306.32678,262.84296,75.16546,270.8765,333.47202,380.64148,158.13751,135.93805,120.28492,204.87762,357.27014,305.43695,109.86626,228.10417,271.13272,258.73737,85.31445,368.74365,563.02484,347.104,209.69699,307.93918,200.45207,228.44522,204.71756,421.10333,378.06824,207.18233,665.03235,298.01935,243.06512,238.80867,241.88725,202.73875,220.93341,339.40778,221.81949,220.21915,159.62881,295.49417,190.40308,120.94643,148.94804,43.07827,113.9226,177.01784,199.55371,344.01517,85.290985,92.05004,410.21024,412.0192,431.94293,564.1035,910.00104,1045.0146,179.50398,704.9493,228.78133,187.51826,181.18025,152.03885,34.683327,152.6896,278.34668,331.1551,148.70557,255.20004,369.58737,298.68628,356.72858,447.95343,171.286,183.7944,261.047,274.53888,140.67442,258.39148,186.73817,232.3792,381.78778,327.7674,440.25418,196.6083,150.07503,147.36499,213.00058,232.87335,326.19632,35.9411,84.571144,241.87662,362.41348,322.70258,262.62756,169.78061,114.18205,99.966805,170.36197,259.218,209.77803,178.83737,207.79172,311.8742,279.45456,269.88852,56.305008,140.53429,100.39412,113.32844,107.93743,53.234547,187.49321,41.923927,284.75244,378.21347,411.47504,177.77934,140.61278,108.46919,216.79039,425.48688,436.0082,294.764,950.5789,897.9952,502.6652,376.1926,189.44446,48.176197,127.299576,21.017143,477.87894,553.6901,485.29773,481.1081,265.86945,158.64474,198.40593,193.64436,117.21826,204.20274,395.49976,283.91678,243.099,71.8562,51.83494,81.353134,168.10492,111.60031,209.12202,213.2784,97.98061,281.61972,360.33728,236.2902,77.344025,132.37231,73.25315,24.11281,151.87173,163.52272,210.34048,277.19073,190.07404,131.69762,77.494484,210.44336,205.9613,193.17638,42.702778,77.498985,148.50359,123.09123,291.57257,599.48596,700.3963,632.5625,Desktop Computer,$Whiteboard$Printer$Phone$Shredder$Google Home$Desktop Computer
568429.5,243402.28,4073.7686,4523.0254,437.99414,372.25723,466.4612,1005.01654,2359.5208,2547.9543,2421.4795,12875.84,61671.47,47816.746,4620.383,472.4923,1223.3854,619.98975,961.99695,332.5402,597.75006,523.28326,1046.8256,468.99142,1716.469,2019.154,857.05554,273.20493,294.31418,624.93475,267.9084,125.25646,877.597,155.68768,202.32532,355.4751,1664.5149,3894.359,1703.267,447.1506,400.24564,288.0789,199.11685,308.3294,66.362526,492.3842,405.7628,336.44696,366.86716,1046.419,814.9242,858.96844,401.00494,466.30392,649.86316,221.77274,421.2773,148.49596,291.4315,19.336319,230.53693,269.40152,412.78207,90.4715,37.193638,120.95347,316.58356,201.20149,218.71309,126.53311,155.64774,90.93634,175.64583,250.8516,547.86786,219.8967,361.78952,249.40167,224.49469,153.99098,41.614223,138.35359,212.62102,91.210556,150.58997,134.08391,67.828575,97.22339,129.66602,367.18082,331.93433,156.18365,83.321884,137.98581,57.362663,287.60507,161.24106,93.88669,52.919216,579.44165,391.36688,457.1144,722.7998,498.22382,482.12955,396.50342,385.30933,412.97302,179.42313,154.59053,329.26398,270.01175,234.72453,250.87646,44.742367,115.32313,126.901054,34.21072,236.34497,68.63597,51.99159,46.905334,265.59027,285.8391,225.987,221.78918,270.5602,129.3482,212.42177,139.45627,263.91455,396.04996,467.23264,917.92944,1204.3202,67.34858,772.9035,346.73874,175.02122,62.871925,218.7252,266.5607,110.94718,148.43236,210.00525,120.79295,111.67728,246.8117,243.37526,211.4377,257.20383,374.38266,691.1157,830.02795,244.0534,122.14978,76.44319,258.81293,423.70798,372.67426,216.39417,22.29841,254.02496,80.19524,34.62995,118.02284,117.182045,76.60082,200.21399,150.47934,195.68385,73.23632,178.13708,277.58276,227.63344,313.38834,227.0313,254.66862,215.53644,171.15765,140.7926,200.04224,83.58475,160.63249,122.03553,192.24602,90.72797,24.949133,117.72318,196.02281,243.84706,86.23473,187.30745,213.9647,113.011314,147.42902,120.293144,144.39198,83.278114,289.40912,370.93738,99.77254,275.7769,432.43613,454.50317,116.23237,984.2625,742.8546,572.9191,482.75183,418.79114,326.8542,116.840614,128.75676,43.51664,246.24197,294.61044,114.071045,228.84435,223.62918,130.28452,98.842125,100.343,177.65958,191.24783,149.58992,74.88836,88.090836,70.5526,129.52357,290.4111,187.64899,101.34428,163.85074,65.98482,156.99396,108.37578,88.64433,9.524093,36.67073,38.11882,107.87419,283.8557,154.28468,204.08249,118.94754,185.91791,123.34557,190.47044,167.54549,83.32866,212.35945,202.36829,227.19936,405.8533,553.3452,730.34375,Desktop Computer,$Whiteboard$Printer$Phone$Shredder$Google Home$Desktop Computer
567127.25,242441.3,3965.947,5692.328,3324.3809,2136.1084,1508.863,1503.4264,1595.7681,1103.5226,1825.0242,11005.674,61704.996,47315.184,3898.2847,767.1975,423.18347,816.4672,1045.3601,1746.7982,877.9139,1391.9796,636.0197,431.41043,1657.0199,1715.712,222.81169,488.92865,526.5167,481.20935,336.9839,221.27997,669.78625,112.13013,28.481611,66.358215,1772.7057,4479.179,2086.2266,465.42618,263.3203,167.68037,221.73639,344.55203,306.69376,203.42688,185.2979,315.5664,239.48923,1057.3401,1068.9142,534.9969,516.2894,957.94086,941.23834,367.8205,225.1822,214.81712,354.0121,194.21667,174.37334,196.78339,586.04895,181.13443,91.1992,68.599525,141.32681,51.06325,163.89172,24.086098,188.71231,286.81802,108.78051,113.262726,434.02707,288.49332,156.763,36.196354,58.98757,175.92741,195.79712,56.779,142.85861,204.31569,368.04376,319.88898,244.3489,211.10764,29.48988,151.72484,119.87139,236.24493,275.499,215.45813,55.164955,96.22988,526.44977,629.8152,482.6414,589.32556,406.5362,250.5942,357.23438,83.50899,195.76788,368.85193,261.12082,493.76163,535.2895,308.6937,196.91861,182.9879,177.79356,68.62125,277.6274,330.29086,128.25569,30.777487,140.165,94.880035,21.560665,171.20383,268.3717,113.92822,64.348045,64.95996,162.12285,166.12651,112.23579,193.39763,126.81497,158.0111,88.593216,478.74606,1036.8076,188.94284,636.01526,315.2426,331.09082,208.37642,208.65202,314.19794,305.3427,264.6669,171.6575,103.03749,144.71027,197.66293,435.73083,525.241,591.67474,476.35406,253.16374,667.22516,262.61307,226.33414,104.065796,360.74384,496.29462,355.60193,440.37433,298.21426,59.044067,206.10136,87.97501,143.62625,190.89967,93.098206,31.153149,98.714424,116.572685,164.08981,269.72134,145.99094,137.35925,92.16667,119.79068,240.41359,186.01944,120.94334,91.854126,150.07288,116.647125,41.137455,155.65834,168.26918,187.76102,68.51987,111.489075,261.1126,154.1066,25.975615,123.32904,102.8475,76.68665,64.01739,230.85529,389.98523,232.25375,81.27119,204.88193,419.8203,457.23553,563.7816,854.77966,611.03284,495.2441,517.7518,347.29865,322.60278,191.23024,347.3818,223.72772,250.49646,317.72964,269.67767,160.24643,258.16937,15.87725,98.12128,29.652761,128.59373,99.343994,143.55057,71.631996,41.35867,130.90327,17.395412,184.5146,170.88252,123.82051,243.17451,257.6419,144.6269,265.70963,230.18521,73.59159,112.30987,16.628046,33.05523,71.378845,85.596596,200.96078,149.29443,98.589554,102.273636,128.79521,308.25858,275.2333,198.44922,375.8588,173.38087,227.64355,62.573437,310.10364,350.69843,75.25,Desktop Computer,$Whiteboard$Printer$Phone$Shredder$Google Home$Desktop Computer
566533.6,241815.7,3549.7246,3979.46,2275.464,1570.3734,640.2328,2189.9211,3679.2273,2468.8276,2160.4424,11835.808,61892.184,48502.65,4111.9688,960.04047,794.42804,708.95215,1112.9459,1175.5685,1204.4252,1037.669,1013.6068,593.65094,1334.9696,2426.036,694.9938,418.42474,245.26326,571.53217,71.86984,785.4276,606.7669,287.60815,292.56027,301.2884,1483.3243,4433.4907,1884.0653,383.4469,66.99438,374.32797,263.91434,391.73038,382.48447,210.45999,370.96564,155.57202,230.60175,891.9424,369.58612,795.35876,695.4393,118.74338,910.59576,224.98836,313.19833,381.20746,326.8732,258.5799,183.95021,610.2628,451.70602,174.66066,98.787796,319.317,151.50345,174.68683,66.185974,240.30228,73.167015,150.60387,159.2613,241.34227,698.032,216.02321,157.65506,198.98135,273.62057,145.49133,173.74397,215.67319,116.57303,212.65034,98.438,110.11788,149.90858,227.90215,168.00803,134.95949,84.05107,114.79357,99.36945,277.93704,146.16284,315.12598,183.74753,551.80493,396.8504,650.6437,742.3422,520.19446,513.1111,493.17944,359.81012,69.58761,173.52187,195.94347,376.36414,20.78216,182.77365,94.352325,181.32791,226.74458,63.08967,131.31993,212.48619,315.0032,161.6908,26.406052,97.78615,263.2541,295.85608,190.36858,271.20163,352.10373,313.3989,219.98058,230.10905,125.97704,343.04822,326.3575,498.9685,877.3943,1076.0342,173.31592,436.0188,310.9656,64.34198,94.215355,163.19644,139.24744,174.04427,74.050354,81.40202,139.13457,156.12068,248.73457,365.57693,284.16263,494.6649,881.43066,789.8071,95.12517,282.44208,452.28488,164.87086,39.76627,61.303776,259.82565,568.08673,462.21436,70.62282,162.29073,134.3714,110.39432,59.671074,174.53857,214.75111,292.23007,114.31823,129.4765,161.49133,387.2099,323.82077,328.01477,96.84357,178.66605,98.504906,97.13922,104.4057,336.8046,227.68887,136.89244,54.898193,141.99103,58.49332,150.57375,258.48288,301.78162,153.40167,156.77264,126.00881,60.089783,248.74275,320.70557,482.20148,243.54233,177.60342,199.02939,391.26987,328.73462,339.5958,444.4015,389.6108,839.6565,796.0842,63.39764,341.20734,889.0819,636.6935,187.8108,417.02893,510.8075,247.03267,220.49245,224.54732,333.53882,183.32193,192.41736,220.87752,202.29543,192.77367,290.69507,246.55037,202.08395,139.81134,161.68318,64.073364,197.32605,167.8295,283.61182,225.15134,306.2675,156.3823,339.21124,328.5245,151.91508,12.943855,98.789734,156.8359,183.80072,248.18028,202.7097,195.82126,40.033527,137.94629,57.79455,456.10226,437.28397,310.86035,596.27844,368.89844,445.69608,383.62808,254.5121,1.59375,Desktop Computer,$Whiteboard$Printer$Phone$Shredder$Google Home$Desktop Computer
566749.8,241776.03,4468.829,4752.4526,466.6943,1335.1997,1310.2839,1181.5083,2346.4995,1937.0494,737.8249,14760.394,63499.668,48814.902,4555.6343,166.52657,1465.6953,1029.7223,338.59842,1043.8677,456.69705,1344.7593,1091.9017,925.0112,1660.3907,2566.6526,836.1126,618.1352,551.6066,229.99196,255.78615,637.9115,824.89056,383.35214,23.92149,56.86029,2317.4548,4244.1826,1970.5958,270.82397,224.44821,523.61566,246.2246,383.4511,300.95053,453.9719,66.75077,90.159874,50.44244,992.7592,1027.143,576.1941,176.84508,836.9085,959.6418,148.49428,12.225144,175.7686,55.197044,165.65004,278.4192,531.0893,562.49475,294.77078,72.8978,97.524345,177.88284,104.716835,169.87234,99.07114,282.21915,122.830055,252.95042,168.53505,535.7761,234.74002,151.49442,143.70096,126.51057,91.87575,119.22402,149.51718,9.089189,377.201,436.6634,167.65964,201.55309,238.97955,41.866173,263.36838,232.40663,227.58049,172.2948,305.4429,401.7258,394.52432,254.30997,256.20535,922.13684,687.82294,207.15625,463.44647,163.14491,132.48563,94.02817,115.36437,153.3358,664.08105,238.96939,60.02994,185.42775,170.22054,62.437897,336.65793,382.1995,187.05008,256.94275,116.637054,81.83974,186.36272,351.57462,420.6311,182.56349,282.2559,125.32514,150.54442,136.36584,174.2942,394.68665,401.68057,356.59457,261.187,387.3628,944.0714,879.8388,256.05276,561.3167,351.6495,421.06592,231.24554,194.93173,88.47675,100.16322,57.392788,79.4307,154.1893,62.122803,150.5528,37.15006,244.15251,215.92287,521.8641,640.2247,159.78896,298.37637,331.8584,224.14674,190.38083,266.52286,46.740154,252.38992,143.36192,115.80627,41.64273,133.80594,164.536,258.055,139.3335,273.11356,215.43343,78.73174,96.63665,213.23158,85.55346,88.03951,156.46487,188.45776,106.015335,163.6673,66.15043,213.59058,215.18314,116.78189,267.38623,39.185593,108.513084,336.39926,271.5941,234.63983,157.43343,95.94899,236.3227,258.69058,43.27089,321.75494,237.71776,185.29591,159.21802,216.91985,335.94693,416.4594,330.9,167.61359,191.03845,218.88414,1091.3026,820.2327,209.83192,780.0258,602.8147,368.39902,479.90167,553.7573,241.90034,160.28964,108.650764,66.53944,178.08963,284.75162,45.226288,115.32197,296.17368,312.7854,321.27313,205.44173,238.65091,165.24963,235.89119,248.56541,215.65138,300.1969,374.74603,286.18823,226.45729,118.35517,21.20883,85.43742,247.78015,94.22776,186.71725,235.91292,53.867596,56.885887,221.35493,291.65234,325.14252,329.6942,488.43253,144.43051,211.42278,412.7871,204.47511,305.57654,421.76422,188.75098,100.453514,126.6875,Desktop Computer,$Whiteboard$Printer$Phone$Shredder$Google Home$Desktop Computer
567792.3,241736.17,4267.874,8686.956,2701.2747,930.52264,2588.68,1373.0382,3568.8423,2555.6328,1579.8353,12977.394,61373.207,47309.594,4390.4736,1118.3646,463.00415,1404.2443,1583.6815,1253.2162,196.26364,1086.3914,1401.5897,464.10724,1516.3219,1982.5602,736.2906,529.80133,847.0604,483.93295,121.79651,337.12497,728.74115,417.64905,191.12126,372.46884,1645.836,4261.0195,2134.8975,152.71451,32.848785,33.389038,309.07462,148.03308,105.47202,217.57272,365.81003,196.09941,98.63625,668.7637,456.69046,415.65137,672.9045,456.4805,509.977,270.9321,102.21427,74.507706,83.93758,191.45761,67.65707,301.93863,508.3917,108.62058,233.47913,327.0512,52.99791,242.31937,304.7896,198.37227,290.58658,260.74814,135.81673,465.04053,794.18475,510.67688,308.2858,268.554,227.16862,134.60332,66.07509,91.2846,108.7801,261.12946,345.53903,312.57303,202.24077,383.1315,125.44477,244.55716,198.69878,269.25998,57.81814,160.76282,194.85384,109.61038,103.5553,84.47862,289.09717,184.11523,309.78653,242.78139,422.73538,196.51761,78.01583,206.60849,184.86873,586.738,271.25964,55.90104,130.0619,243.69177,200.44795,319.06308,178.81696,173.82475,171.85045,224.4058,187.93396,142.04341,216.67017,123.68177,129.8915,122.11442,357.98862,204.84932,98.03364,173.28053,218.45746,446.22556,441.73505,301.59357,218.67513,652.7126,929.4634,156.93156,332.0888,55.47965,81.58059,102.7447,315.41504,328.15573,270.45364,294.4041,274.48547,170.00307,215.95306,241.7999,301.78067,347.43646,437.7866,396.77426,334.4726,793.5116,571.76447,119.78379,207.6697,361.40125,259.37653,73.95187,86.62349,269.0902,154.4308,85.49112,35.891098,141.84589,178.13231,184.45639,383.54013,356.00143,348.36237,347.26517,164.29895,76.42485,159.85184,276.59686,215.75902,241.65147,244.18077,98.82124,164.79385,286.10776,306.35315,217.13426,16.164894,127.92853,157.101,12.1773205,78.51775,134.3645,198.93379,98.17976,163.59691,269.0591,352.2251,333.00217,270.15585,368.6222,575.2672,441.49817,378.48697,618.9668,612.281,533.65643,117.33329,936.19604,565.3769,381.98856,610.3436,529.67706,413.74414,152.11205,166.88106,46.39228,75.415855,28.851517,14.467648,166.17798,410.13138,404.03625,382.8608,200.14743,186.39215,73.44813,102.042885,121.4429,124.82829,97.541145,29.574345,44.804253,88.69392,81.22127,193.048,161.06189,66.28113,168.66548,278.43802,179.97398,33.1223,126.64236,309.3561,210.09894,141.98083,37.216736,51.34345,163.4025,216.10843,268.2398,236.81006,201.84135,202.5315,134.04411,178.83916,272.34637,252.75728,378.46603,169.3125,Desktop Computer,$Whiteboard$Printer$Phone$Shredder$Google Home$Desktop Computer
568747.6,242073.14,4982.337,6111.6543,1253.1892,2824.9402,1431.5017,569.1999,2667.043,346.30493,1707.1017,13006.944,61096.312,47158.766,3420.6902,580.6003,509.086,977.6861,766.2251,423.91833,278.49094,803.04626,331.95532,544.1114,1783.341,2044.8909,1002.05457,213.2502,631.6099,363.60846,67.484886,515.6769,444.73892,634.7183,466.99213,278.87073,1397.2972,3974.5557,1348.3282,327.47012,443.21866,227.47586,470.4437,93.56249,115.476074,408.54022,352.83295,273.67783,159.17787,674.0941,487.6571,406.8058,289.10306,840.3738,769.5747,103.542854,237.74207,429.46506,440.83795,294.87515,374.0905,292.05072,259.08347,111.289986,123.77285,213.13832,308.90805,59.427406,115.41228,94.79708,259.67056,243.99272,304.9244,552.1175,651.6162,245.7141,202.27208,71.361496,218.83952,272.58124,155.66379,399.87247,300.49973,139.62282,137.71996,109.411964,213.73894,128.16386,128.73355,513.8979,355.66208,271.70383,296.86554,145.70807,25.377241,92.98675,226.73,369.2974,834.62103,572.83374,242.56108,43.929844,359.05728,314.85452,319.90594,230.40071,205.69948,434.27045,379.8649,426.00552,306.40482,524.62823,295.43484,233.89445,130.98682,243.02281,242.04533,75.6531,36.344624,180.7669,81.61821,108.690094,16.431534,244.75276,166.94844,98.303154,15.336855,68.422844,129.59615,188.77766,201.13884,126.22053,379.11533,868.45734,1160.024,20.047436,583.79364,427.8361,20.954044,186.49545,139.24153,192.43066,74.72429,122.6863,231.31873,305.73694,50.21337,97.468994,83.96727,295.9729,446.61356,624.9808,761.6114,428.4246,672.0064,151.50653,104.149994,162.11026,275.54752,53.300472,175.60211,161.84483,91.14146,138.32176,88.41316,201.09033,192.99738,237.011,117.18986,209.68623,47.665234,154.32976,61.84947,113.800606,203.57262,53.45304,157.93454,329.73877,374.1206,83.55867,139.68791,61.049908,169.84833,114.40699,221.92543,206.29944,268.0853,200.6459,113.03719,106.24457,297.32996,172.08441,216.6323,262.71124,316.2831,190.53798,135.21835,186.18814,243.24878,172.49324,310.814,380.39868,227.07501,162.72081,543.6436,701.6748,321.5949,598.878,434.01126,460.80008,513.6991,225.19019,196.06483,203.83957,168.8269,44.858406,178.16641,148.45636,261.133,146.06303,312.24854,284.2655,237.33472,35.776825,110.19308,200.98485,181.67433,268.51395,201.21721,185.11037,168.89047,210.5265,185.9852,61.718597,78.92489,197.2994,256.06445,357.05997,53.18271,152.77177,173.3729,210.25941,150.67743,105.92113,144.08105,226.86281,324.58145,330.04922,450.1548,370.5985,222.63403,268.23532,354.64072,193.36333,360.077,293.4629,461.78125,Desktop Computer,$Whiteboard$Printer$Phone$Shredder$Google Home$Desktop Computer
567049.6,241573.2,2942.3403,3404.4392,1450.9647,720.06445,1208.5498,2522.846,4016.4531,1493.3651,2474.3828,12569.825,61532.23,47836.6,4122.015,534.4374,672.75574,172.2776,651.11597,969.5013,390.00052,826.4755,1021.9607,138.69441,2135.8704,2499.4753,1201.8633,218.35312,619.89325,438.15622,589.2133,1154.9795,832.1909,347.05972,308.21057,192.48735,1725.2484,3870.6885,2043.3945,216.64238,258.95395,254.94049,352.00467,231.35944,406.09067,222.88664,72.467896,467.83694,221.36484,604.06,465.18253,382.88388,783.6797,905.82434,313.94208,761.8492,420.2342,449.55655,459.41934,195.2897,144.82555,520.32294,290.27838,106.56147,292.3728,136.7294,292.86905,165.57547,169.24849,60.20389,176.73341,183.40237,61.52026,330.69595,587.87225,478.10144,182.33534,151.77031,238.71808,547.3478,258.37674,178.68745,199.45164,202.86964,98.97119,152.10974,293.41992,447.02133,318.90112,261.8762,132.64258,206.61707,338.51987,182.19217,169.41867,520.5168,352.94638,207.13322,499.64078,1016.87787,834.69104,405.52347,103.5804,194.88254,428.5198,295.56772,116.59363,362.06406,522.2395,325.74457,442.06897,472.49393,312.363,37.154522,40.235104,28.586676,161.97704,139.97946,114.24434,249.07875,343.87378,174.93527,122.19335,153.83337,186.16953,96.78761,206.7338,180.73134,153.43977,211.26971,279.14893,239.70213,172.78835,684.8129,1029.1821,112.08064,381.76263,64.92818,242.58089,110.91138,130.80997,21.353727,94.23168,118.082634,268.31055,198.09285,144.30591,168.90388,225.30965,118.0416,430.69125,585.4714,689.73517,211.32309,433.76462,74.89636,214.72408,286.5236,34.673584,108.69715,75.38941,40.62939,108.04133,219.4415,196.68263,119.76186,148.79118,171.26767,70.99624,126.93872,227.26677,97.296036,74.714966,198.2526,147.27185,174.99231,179.69383,187.67096,102.91106,165.16008,117.73596,275.22537,285.63855,239.96027,111.830345,136.88841,137.028,179.1541,142.34494,115.7444,222.87761,218.96638,173.43835,209.43153,155.39453,162.09094,18.347008,190.3565,270.63342,183.94257,471.34564,476.95212,451.8929,706.7488,829.121,395.15863,535.46405,537.9215,339.942,322.73697,490.35123,442.97766,378.71298,205.27039,277.0095,163.8153,241.9389,466.16867,488.5152,296.45728,203.39711,222.3968,118.06182,206.58057,59.376736,186.92032,172.84901,160.00577,215.20174,171.7038,179.30286,101.94933,77.489815,188.24489,243.84798,106.60399,249.7768,309.11853,162.78487,182.32535,39.067215,106.55851,209.04333,281.92538,148.7644,158.94969,250.5925,249.40767,95.00414,458.51743,552.98346,578.61957,349.92572,445.86945,229.29327,275.3424,364.59375,Desktop Computer,$Whiteboard$Printer$Phone$Shredder$Google Home$Desktop Computer
567454.56,243159.55,3030.5007,3735.6565,1749.8584,335.58243,711.22833,3323.1335,5393.6387,4018.4304,2066.9768,11536.302,61566.156,46781.273,3957.1863,651.91675,815.12,1174.2821,728.1231,1070.9332,375.73322,1037.8251,1124.6045,270.6403,1305.0934,2082.4463,612.9815,483.88098,119.75715,416.63513,627.24133,670.9392,1118.6863,242.83919,266.77036,404.26978,1335.4026,4101.563,1752.032,120.36127,371.52173,584.34296,432.56503,530.62036,334.06866,204.7252,121.32958,204.58302,522.86487,779.66003,558.37695,412.94348,433.18768,812.1866,230.07327,667.2183,460.3124,517.94006,398.17606,259.90402,177.03267,398.41257,604.99695,238.05295,61.835243,112.17213,234.05328,29.223612,27.671467,32.99676,74.59417,112.531166,70.71483,155.09967,441.35608,205.90009,88.519646,60.807583,125.482666,51.378307,222.65057,134.99121,261.1935,131.7723,175.56126,111.66535,126.65758,274.85938,234.7327,143.18741,134.1044,31.242756,240.99982,427.15237,514.293,361.77747,327.2748,340.60294,210.51724,81.507645,550.6309,599.10126,409.7424,272.71317,193.54927,161.17816,207.69833,234.07487,287.55133,496.52423,367.3497,22.232155,151.64702,133.4673,153.59236,195.5703,120.84978,140.81183,254.3052,171.07587,217.39551,387.1205,366.35547,125.22036,108.8269,90.04179,135.53339,218.93857,208.54556,281.308,262.60852,275.89996,280.76093,738.0701,1260.0104,276.39645,345.7013,172.74509,354.0411,507.51205,298.85825,151.07944,235.80246,444.48203,352.63443,170.17424,117.53982,236.08417,307.54648,428.38455,502.14014,379.7362,274.93945,325.76117,88.769424,269.3488,159.80669,232.19792,202.82732,48.934788,168.407,114.7836,182.71814,215.48848,62.55754,16.522192,131.09747,63.415047,191.85924,98.68303,33.95761,4.5782914,86.88391,129.44714,357.10422,389.50662,273.27478,67.30847,69.602165,102.07194,78.70383,228.37148,221.6906,168.44817,145.329,118.44233,238.49374,333.92218,263.97778,130.97974,86.79167,76.76238,170.04933,303.20673,432.41266,483.35532,161.76347,208.44614,316.47662,253.91847,249.38707,151.91795,156.1513,660.4509,976.5683,393.14993,493.54346,703.01465,597.9955,453.22443,517.72736,562.2221,366.09824,130.24289,86.46736,276.40244,451.3228,331.28885,95.07963,98.99192,105.98261,188.78162,52.251686,114.57443,24.85957,119.159584,72.143776,75.91248,210.19235,53.70936,40.102512,234.68188,166.61226,157.31648,263.10138,86.9555,204.7136,76.11405,221.1664,202.63364,193.02505,41.549206,103.81417,176.81197,141.49214,287.09256,144.35658,98.740074,116.7877,309.88525,370.54602,221.17905,483.8821,686.42694,173.63017,372.85156,492.1875,Desktop Computer,$Whiteboard$Printer$Phone$Shredder$Google Home$Desktop Computer
567707.5,242455.86,3788.4514,3938.31,364.93442,1256.3872,1026.1914,1978.371,3587.2363,2188.8247,1180.0983,11989.099,61001.81,47724.97,4815.4546,659.15094,785.1251,465.42282,769.8016,536.03864,708.1318,1234.8528,730.85815,826.65515,1543.1584,2201.0598,584.49664,282.98624,309.86856,714.9356,196.40192,484.16696,931.3818,190.46718,674.35175,367.3706,1718.8387,4654.131,1854.9596,252.63654,251.52191,305.08234,479.02945,353.24875,331.95038,184.55603,284.46243,370.2858,440.31192,750.0103,939.05963,480.4885,553.92883,502.46085,361.1112,433.1667,288.8422,470.85007,218.6417,291.18362,260.79834,332.40152,435.70526,327.56366,76.39116,207.79193,221.31105,187.53726,36.305725,220.42084,32.098537,39.289597,124.17849,122.20428,330.48578,76.152176,130.05817,120.41199,40.882847,20.627998,99.345184,348.2651,248.16971,189.01106,207.93561,221.45274,251.50328,297.3268,155.28627,200.85231,167.7548,345.3906,228.62364,321.68423,136.19963,236.18398,247.20619,229.59785,378.77734,310.75116,116.492165,599.97577,375.64276,299.9827,59.748127,252.83353,231.2626,288.8604,543.8834,219.11734,341.1077,151.24849,341.46945,255.98329,340.44864,216.18452,192.28162,131.0298,107.569466,224.92984,146.09181,108.51262,155.86142,122.04145,79.39114,88.30233,62.352417,152.94351,224.0794,219.80261,52.04789,156.22423,275.68115,796.6079,1302.7701,252.0258,460.4581,423.88196,225.21172,33.97887,197.58435,208.31192,220.32404,239.19572,53.8544,171.55478,184.71173,140.58665,403.84933,522.58386,490.22543,552.6678,604.5407,456.94345,346.51166,270.88235,257.52814,98.49037,209.3216,361.04062,133.53563,60.328007,192.97665,52.58837,196.01816,119.23634,317.62283,265.02386,112.85951,113.62914,115.61819,154.64737,53.63092,125.810326,128.67206,230.5481,159.28499,44.370293,46.54416,96.845055,66.79634,121.383865,129.38603,128.95213,88.921394,58.28776,135.96535,197.1209,182.33076,57.783447,4.8043265,113.642715,272.83185,304.7175,340.25507,231.02477,334.2468,304.18057,75.13862,144.4241,463.5146,579.02386,579.9303,500.52966,874.7465,498.79187,627.63965,622.3761,92.29511,332.68112,328.51788,277.3542,19.102566,111.57709,137.03865,116.89131,149.69579,48.450108,44.39224,150.92314,133.34296,115.20256,167.77557,190.83775,170.5444,34.810253,27.038698,240.67975,287.06012,248.16315,95.69763,100.38344,70.466354,169.57352,130.8182,50.22475,163.79616,100.90544,192.91376,62.760426,119.72383,15.595482,58.78425,95.00705,45.40547,217.97992,207.56303,142.20735,136.80833,122.418564,234.05293,63.433434,560.05927,578.2575,311.62915,273.92877,196.28125,Desktop Computer,$Whiteboard$Printer$Phone$Shredder$Google Home$Desktop Computer
568302.4,241831.7,3665.0784,6481.0674,3076.677,2140.0461,1792.031,2312.148,4294.0117,1665.9733,384.17737,13468.696,61599.59,47742.27,4805.2817,1433.948,400.32343,440.1275,1416.8645,180.24818,27.853765,1498.3239,1326.0391,696.2434,1466.9067,2302.776,490.05307,592.1941,359.71103,88.10729,558.8595,573.98413,687.42834,584.2067,119.102844,394.95676,1838.5212,4085.8572,2146.059,267.42117,152.04271,416.5592,521.77594,317.64383,188.35762,268.00885,353.59158,596.4229,35.619953,563.99896,571.3829,756.6511,949.21545,479.9987,312.35376,187.58524,264.9287,298.75027,354.09955,305.97186,236.00749,469.55502,598.55493,171.50554,51.577686,239.44656,92.185524,106.53183,127.9537,170.33763,244.94724,286.7437,289.33972,235.71432,333.9465,233.73068,155.85431,232.1771,278.78574,226.05792,131.05281,39.423264,87.58547,117.72363,122.58763,168.46278,200.48668,219.18948,39.78256,122.44106,99.3749,63.48581,191.86171,172.3642,249.41774,314.0654,265.75485,194.53732,188.78587,305.17404,492.5265,845.3923,562.37775,462.51236,479.6483,191.34377,54.02927,286.13174,385.6066,314.20096,259.4143,46.904804,63.968555,56.273922,234.73235,191.67146,257.7806,157.71693,128.59312,80.90695,116.26694,128.26411,148.36435,284.6513,228.96904,104.46227,126.88938,130.34735,92.03594,87.715645,55.071865,137.91495,260.5211,609.22644,856.90015,183.02084,522.818,550.8233,498.27374,309.45398,113.03635,131.14897,114.190445,96.870445,45.824123,64.798256,218.02022,16.345886,112.753975,398.3873,266.27585,151.80661,644.9348,1093.4044,196.75833,364.72684,265.74075,179.05873,199.30287,424.82037,294.31317,29.498009,306.56894,133.2781,144.84282,185.31468,128.02286,165.2277,143.72131,233.4188,108.14688,32.64894,257.26874,68.90823,117.005196,95.29371,95.894104,189.46655,142.91814,211.91586,253.27065,187.24222,120.82849,117.3732,237.24362,340.011,339.46262,257.35837,196.75572,118.50136,58.10541,57.47432,177.84395,135.67076,136.38863,254.87418,161.08073,89.12423,151.82559,115.61996,163.40248,314.68045,319.92688,353.0599,801.3806,708.3271,570.7376,667.503,207.4835,294.52103,343.757,303.509,160.96971,203.21404,198.79813,188.4992,132.185,105.83544,104.96173,185.81741,134.45622,70.70452,162.49524,136.68488,77.98898,108.6055,155.67686,22.977175,95.924965,137.68422,62.935097,54.48148,104.0899,81.15535,158.16304,166.36041,206.26735,194.11584,105.05786,104.14263,328.0258,334.78763,293.93677,208.93416,278.5907,228.41035,252.92424,203.2145,30.053635,76.39285,54.680157,230.85808,336.27408,328.20203,539.198,292.23416,133.40625,Desktop Computer,$Whiteboard$Printer$Phone$Shredder$Google Home$Desktop Computer
567642.94,240748.02,4715.891,5061.966,2280.905,850.2152,1158.08,1478.878,4021.622,1430.3625,1252.8148,14806.525,63071.96,48517.008,4370.699,421.26654,330.45105,477.8644,1357.9515,916.70966,936.0484,796.9402,815.5936,95.07575,1444.7501,2384.6138,797.06415,98.57293,248.65636,58.695244,199.00098,421.47858,613.34845,168.31741,149.89238,472.3378,1750.5215,4238.909,2080.8594,385.306,411.19116,341.4414,283.25208,115.52609,46.495605,224.19122,137.35274,166.27837,600.5855,1200.9843,732.7372,434.95493,719.57733,721.06775,231.21768,656.88043,617.92206,440.68097,154.83519,241.38303,530.48175,587.1527,873.96735,344.79092,109.28841,139.28203,193.64993,129.60953,56.141552,133.70097,31.842047,135.74799,283.02197,236.9308,473.28278,318.8917,105.61279,125.024086,146.36853,137.40477,198.1429,205.23763,134.26312,379.0278,416.26996,371.90942,309.545,401.34225,193.74316,225.98425,61.239277,218.41902,143.5669,116.69703,87.70094,282.40912,208.54005,261.7357,381.95346,288.2293,271.0132,577.92285,364.92087,206.41974,188.28064,262.29953,79.268936,180.0883,320.5155,266.93396,206.7676,193.53957,223.04228,57.424995,62.318153,226.02449,217.79901,249.96498,154.18391,84.94491,80.088615,18.399837,133.26971,294.6474,63.070126,295.60416,372.65448,255.83163,163.57294,71.96457,23.086937,223.57182,341.06482,720.5806,959.3968,179.61674,327.9671,152.682,135.16304,85.29917,108.6991,134.95398,115.345665,228.14648,150.86307,229.35274,98.554886,123.657906,216.17206,161.95956,166.04657,460.53033,508.25708,500.38922,744.4624,196.0746,112.981544,124.398605,34.629326,78.35343,200.00742,79.148026,181.85397,203.57751,19.974861,196.42738,172.3104,121.6795,93.73714,117.28086,85.967384,149.77411,307.47427,461.1965,374.18567,396.6854,251.8351,192.13077,220.1717,159.17564,237.98944,122.5938,104.24166,268.9035,185.94936,216.20091,138.29674,252.68523,219.41644,162.73224,207.77861,298.87488,177.37518,191.21306,337.29562,214.8559,106.82555,115.054794,91.742195,77.297005,14.158083,188.97064,483.82776,341.4608,404.1325,632.354,1132.8721,1261.5732,299.44568,276.53314,268.31424,238.6619,229.97607,234.84763,266.55212,276.6498,239.77786,167.8184,329.56357,291.57724,295.44614,88.56356,66.03599,70.38806,222.08292,235.39471,111.371864,82.912025,192.22612,177.29665,115.22225,34.222378,46.675095,116.78165,387.93405,392.3877,265.19193,88.122025,98.34432,166.54561,247.19846,162.01605,110.30476,148.66069,111.62767,230.55956,47.719193,150.8313,219.71051,171.18117,229.50754,242.89337,260.58295,364.38434,595.4709,373.9914,170.8125,Desktop Computer,$Whiteboard$Printer$Phone$Shredder$Google Home$Desktop Computer
567100.06,241184.94,3828.909,4938.61,2171.3176,1790.7737,635.2127,688.19855,3076.7058,1470.8793,2196.882,14255.686,62227.543,47930.086,3626.0933,415.50726,366.6326,1721.2542,624.5516,940.89026,264.91074,993.0524,686.6468,453.4188,1895.9523,1623.3995,182.80731,394.76495,241.73122,318.45404,137.91226,453.46393,1113.4772,258.40628,242.40219,230.07866,1603.323,4314.344,2046.8767,701.60333,391.50967,492.5164,312.49704,337.86838,536.3958,608.8883,143.67567,222.00352,611.59656,958.88434,975.0155,984.5324,1054.1704,743.91064,421.1472,663.5182,486.88565,273.81683,321.58136,492.41602,117.744194,273.18875,457.241,275.7164,231.4712,146.28542,325.81635,219.19002,217.93193,67.42861,81.4725,84.89507,84.70259,248.62022,466.23666,383.6449,173.7318,125.36398,39.891884,140.03496,120.76222,86.44059,268.1588,159.86482,226.91705,182.28854,163.91867,87.45644,99.16461,145.19829,277.8825,67.0266,177.14456,403.0277,222.97043,21.0076,133.20616,165.19888,277.2117,446.25198,613.48926,464.36026,274.8005,248.01694,476.86414,210.22237,178.21352,305.94904,476.85022,379.6291,96.4065,351.03235,110.71257,168.56943,179.9573,341.13654,331.94907,120.835075,89.274895,113.95824,130.5901,57.37908,138.40724,146.5898,207.7445,178.19756,276.2459,317.62494,270.96014,286.27197,209.14145,455.6177,557.46387,847.75757,1018.4452,214.2567,588.7568,211.36838,179.90474,214.47726,79.93315,120.113144,146.13066,256.9445,335.2706,228.17682,331.74908,131.18404,32.106674,88.70394,145.3116,275.91898,804.04126,648.1454,374.6046,425.86685,311.5852,189.81697,357.84683,447.785,251.4745,140.42096,45.590805,52.46524,86.23087,108.4948,90.9037,274.68524,177.9767,158.09215,122.31608,99.6203,218.04749,260.35098,165.91092,82.086006,120.880325,321.76898,196.98605,66.616425,40.409958,72.675224,132.07512,141.64497,238.68295,175.26775,169.07092,239.97966,157.12004,281.18835,246.805,341.0765,252.11601,67.96818,230.48882,225.90628,118.34122,64.63933,144.94856,105.890785,289.45074,400.4164,128.63551,294.12943,620.5414,593.00946,259.9764,1043.2717,1179.0914,541.5653,360.53412,173.05162,187.14748,52.64408,112.09061,193.50233,65.036934,134.34782,138.46329,178.77287,271.7437,165.32028,198.35493,191.17763,186.99889,58.407246,42.970074,120.89668,205.83018,162.59428,115.88284,16.103462,158.10188,213.29826,51.518215,171.14534,117.2546,109.84915,40.406693,95.21546,168.33401,172.46492,163.89873,142.9683,391.59277,541.14307,393.07358,83.93011,129.23251,110.15641,188.85126,489.4072,820.31744,603.4358,273.09473,113.01999,38.6875,Desktop Computer,$Whiteboard$Printer$Phone$Shredder$Google Home$Desktop Computer
566814.75,240787.75,2702.8748,5131.774,1182.8888,1286.0596,1536.4109,2320.6362,3428.2788,2837.1392,2058.2434,11886.558,60938.58,47646.395,4157.094,335.57236,247.54665,300.99316,940.9407,845.32776,1250.9222,2356.8945,1135.3741,545.0281,1564.7076,2598.731,1230.4921,224.17355,252.979,137.54997,49.80055,435.12704,805.05615,215.42339,86.15274,19.86831,1945.8804,3906.5066,1955.211,68.21953,212.67787,141.10321,258.7837,244.1769,441.46414,26.450186,201.70561,62.316692,239.28601,232.78717,465.6893,984.15826,1078.9417,485.808,353.5075,247.32243,369.17697,53.892616,122.354614,231.31871,79.16088,518.7279,688.9341,457.3391,291.31598,127.11505,182.97601,96.60931,198.78027,219.3924,224.04163,59.144028,143.95998,260.16574,376.59076,346.84372,181.3642,219.90868,95.78961,96.06975,203.79474,172.30232,107.22793,139.31819,195.24022,183.72566,135.21426,149.76257,256.38068,278.30383,105.20808,115.68533,60.592403,32.874413,24.926615,183.39497,353.3419,482.2047,169.09421,153.22208,665.44305,989.9737,449.60287,484.6757,388.27078,141.41502,181.80331,232.28455,52.413322,172.4324,378.318,396.31113,193.65533,113.65049,78.40238,109.62674,385.9045,264.05905,124.996254,114.302216,68.42174,183.62401,122.87316,277.46088,193.72679,163.57324,269.22614,261.05322,230.77156,215.88681,340.26767,469.29663,745.8467,875.7897,932.2254,231.17233,434.1388,217.3667,192.31401,188.9476,108.58528,231.61943,290.93533,326.8122,145.08118,110.99545,44.24504,157.09856,155.7559,279.91623,113.77083,210.67462,704.4819,549.5548,410.96707,317.91794,203.88019,50.976242,61.511875,192.41708,308.7437,287.86496,372.06387,209.87663,260.39883,160.40521,153.2202,110.052795,42.773182,199.28531,75.94845,123.77594,127.67959,150.32959,100.46101,36.225002,166.62813,120.084175,172.6791,214.80452,106.337906,76.35077,85.4282,190.63261,99.96444,306.63867,277.56253,239.55624,178.64253,106.65794,78.16414,150.94406,216.21065,114.74703,61.49443,100.4832,81.29407,214.36232,378.5159,311.59924,80.459526,393.6969,525.3217,643.96814,872.63873,528.06555,298.337,477.17233,473.7223,182.29054,350.47913,304.36942,33.816765,118.2417,132.30003,241.86797,277.74197,173.80095,223.84181,233.09482,128.50299,113.15334,33.078106,106.44379,259.5392,159.75961,159.34003,111.83474,213.45842,248.62285,164.32655,47.12172,22.301788,196.91905,24.636377,158.15335,312.3178,228.27986,141.44826,118.05709,263.65353,305.55273,70.12333,54.57546,198.94759,250.35638,145.55956,156.01753,132.62332,275.33536,85.9611,180.44978,395.01855,743.1986,390.705,103.8659,235.75,Desktop Computer,$Whiteboard$Printer$Phone$Shredder$Google Home$Desktop Computer
568741.56,242540.86,6798.424,6293.0674,1686.275,1771.117,997.3845,735.5087,1907.6642,1975.3812,896.7087,11474.7295,60512.59,46970.203,4895.8413,1166.8328,645.2383,1074.6212,689.4849,1026.4945,837.88,972.04193,1076.5352,288.53976,1833.3673,2375.2979,438.79208,84.02864,189.05669,100.4984,98.90356,650.5505,565.99115,272.54236,109.04506,317.3501,1674.4478,4348.239,2075.476,71.785774,88.47442,215.21352,126.080414,367.94162,502.36774,417.0246,219.1174,332.48297,353.14062,957.73865,784.81006,494.9753,1003.7987,520.5024,528.6044,312.8605,232.86238,369.00262,312.67877,233.63315,387.22006,633.9672,576.87415,57.51343,114.6149,122.031525,228.44461,273.04758,216.53014,119.927765,257.70465,225.999,84.535805,143.03882,374.9213,181.85121,95.45209,40.84891,62.543922,215.14932,187.9796,92.924706,208.78992,174.44864,146.33563,37.321926,186.0375,196.2809,119.334015,301.607,143.33075,56.657227,76.52141,48.86517,70.3418,340.1738,415.8162,150.07494,262.41876,597.44025,708.25134,355.3065,415.6165,191.36298,212.07167,204.57861,520.7304,386.81085,107.4593,104.71608,206.00636,156.75713,33.87827,33.626778,154.49075,287.98822,164.7175,160.40268,46.641037,167.31749,172.43849,118.703255,134.42126,281.6112,340.2581,164.71428,226.38153,171.1816,93.3169,64.187775,226.34697,239.61104,313.93768,338.4303,690.2353,102.73201,478.30804,251.53958,214.81299,280.5156,167.87097,175.4122,57.28508,30.30159,73.85904,191.67932,116.61788,365.61386,195.65733,520.48645,747.4029,674.62354,793.7328,277.49597,438.47314,222.27046,303.614,141.07077,363.38315,258.37943,175.56763,178.35114,110.66917,266.08267,252.42113,82.48791,276.13165,234.43394,108.19358,107.00335,257.47372,415.48074,339.9356,174.76901,96.52881,82.535126,193.82466,144.86969,240.36354,119.19477,92.08297,110.48175,93.71301,66.16287,137.69492,114.34985,276.63446,294.56448,202.4178,217.3724,287.72916,144.51598,67.82452,149.40144,5.6633086,96.6671,113.03992,125.100746,219.0636,188.94333,171.68512,467.68652,450.25534,518.3569,838.6147,190.67708,715.26245,598.437,391.99185,465.25955,691.64417,465.38492,343.7952,293.53625,97.40535,201.12837,350.67892,268.31647,68.91603,181.66777,201.50664,251.39183,161.97055,246.98912,209.71545,357.63956,260.92422,289.8097,256.80606,212.63725,82.88115,61.531124,157.21463,331.11655,175.1062,49.351635,117.05405,173.38715,79.18255,202.46652,312.26938,195.2236,123.6556,319.9673,292.41443,109.4288,137.04663,166.06662,150.3737,180.123,415.66248,415.2034,328.5471,571.2308,532.32855,144.46523,353.0,Desktop Computer,$Whiteboard$Printer$Phone$Shredder$Google Home$Desktop Computer
566170.1,240226.52,1682.0784,3293.5942,1975.6691,1494.807,920.13153,3133.1404,4194.97,2305.6858,1055.6263,11791.228,59428.938,45651.395,3340.124,594.2732,1237.773,281.68073,40.52998,1230.6865,670.95953,1176.8418,753.7112,712.76,1314.934,2605.0618,750.09686,511.46255,359.3906,442.6233,83.5887,369.04938,508.55316,451.73932,290.875,101.82185,1755.3192,4216.96,1708.3527,276.0488,292.14044,137.8458,377.7889,121.58614,265.87936,129.91199,264.63568,267.53745,362.0668,912.0866,1298.6748,574.2014,149.02045,506.0495,400.72614,209.64108,185.42918,542.22015,42.59088,225.1127,290.37784,432.64334,563.5867,125.27432,152.30412,45.801018,234.00635,109.79607,143.88293,259.9423,52.966778,345.93753,107.534744,284.18683,650.4097,482.944,100.487526,235.93016,340.69556,359.48285,92.7884,213.81827,37.280975,137.18942,134.88011,51.20754,299.5828,278.9724,323.759,116.75642,262.39484,264.00766,70.39965,203.48668,55.948795,162.00768,171.83273,442.27332,248.33519,64.14142,722.4187,128.41792,231.8062,415.02332,307.6057,217.1459,199.19597,27.183765,48.034153,203.84474,185.0925,311.78677,356.23984,228.13734,149.82574,297.3815,192.76007,334.2488,252.73737,150.39511,113.21926,125.438095,223.77722,234.09258,90.203896,180.1376,113.70012,225.56792,115.09603,201.85164,144.73021,293.98706,212.01717,649.51715,957.289,134.12173,512.3861,240.2496,165.62636,262.8278,368.0087,328.67877,171.58215,117.65802,104.85629,98.859055,392.8074,377.42648,326.67203,149.80235,524.2212,407.3407,142.20912,260.18738,291.21124,177.79306,344.5815,318.19135,369.76508,422.69705,303.59927,384.31442,394.94202,60.75883,116.65461,77.738884,100.91895,154.64061,246.36333,148.86115,347.6574,241.75517,262.5188,108.10606,172.15495,294.96213,239.24432,205.98053,245.55191,199.89384,183.72292,199.88258,69.197975,161.46681,203.10431,135.59404,176.41154,207.80727,228.26729,223.38263,98.28151,134.23383,54.813488,277.85074,343.81012,150.44229,289.7035,303.5962,324.2623,342.62027,520.9774,358.43576,308.98343,519.344,818.5757,763.28107,516.71783,465.50037,159.0197,263.0521,234.65001,143.3539,333.84796,152.95891,134.57205,171.08868,74.556915,287.5405,366.20706,291.49258,200.16289,395.66132,379.6517,109.51761,38.728596,99.09915,86.1635,113.79279,75.337654,97.91942,235.22446,194.71443,331.86227,453.9842,329.77164,23.78818,56.446636,191.65572,291.47192,212.8566,256.28906,192.9265,205.47412,70.744255,198.4547,200.41985,200.69688,181.82028,172.21144,167.6387,321.42575,250.3145,505.43454,554.4275,228.16507,135.47293,403.15625,Desktop Computer,$Whiteboard$Printer$Phone$Shredder$Google Home$Desktop Computer
568408.4,242317.38,4970.714,3241.1448,1247.64,599.48944,787.979,1475.1343,4224.5303,1637.6168,1908.3268,14120.009,61225.316,47605.727,4666.2534,838.2488,572.6876,937.34607,252.31181,935.3072,283.57407,1312.401,1134.7327,853.4584,1847.8457,1990.7422,355.1071,559.588,133.30695,411.34476,450.125,367.59973,757.36127,162.77933,308.4574,428.95914,1376.3348,3725.4636,1953.7263,177.47787,138.78532,111.86435,211.51883,363.05774,233.18532,389.7128,98.586754,196.30858,367.1748,979.82806,257.72214,105.59356,919.9618,734.99225,135.7657,89.439316,105.53575,205.57117,510.88428,277.27603,299.31946,182.06323,362.34473,214.05687,246.52078,199.66216,242.59734,166.01114,242.078,316.45673,256.84137,49.678757,95.746025,76.244736,406.70187,130.04689,251.0331,71.05656,219.76717,114.46646,103.16012,96.905075,157.0668,104.57566,226.36217,155.39137,152.79776,264.32663,298.87555,161.63062,148.81558,364.8812,300.9363,233.55098,58.622463,145.68071,211.16232,245.5465,308.8433,281.68256,557.3733,360.86896,244.09457,221.11758,241.91092,145.276,132.85815,315.17026,181.07118,121.36096,204.34041,276.14877,321.87573,345.72507,89.62997,160.90683,263.98764,208.6168,204.91403,105.89235,72.45749,81.4147,31.784395,148.67311,68.59488,89.063965,123.34134,214.79922,120.301575,231.38046,222.73474,191.4055,186.76117,761.1238,1094.321,139.8154,723.22235,428.25537,268.75403,313.243,370.4884,410.2392,180.02998,86.8605,178.13477,264.40097,186.34335,177.6216,199.35248,441.3593,148.24799,255.36621,878.7825,805.45123,254.48898,628.25543,519.8399,175.35236,311.2551,449.0539,160.61539,192.76088,213.45267,118.89849,15.837131,11.944484,131.63393,116.3775,355.86267,306.9322,190.79857,150.68631,120.25042,150.70639,303.07764,244.3283,178.39842,318.82016,139.75476,79.17027,23.0738,115.750114,79.51884,212.17264,146.04558,139.29951,54.63346,104.6502,107.6462,174.50166,319.2646,164.28719,93.84434,196.48935,97.693535,296.92297,302.31165,182.95961,279.82828,98.62318,125.69329,306.85492,180.02303,592.583,1105.3374,775.3481,240.81104,944.70123,589.47833,429.19122,608.7361,443.62897,277.75833,441.366,387.97797,195.99147,270.2458,74.544655,189.28365,307.94003,194.99045,49.10701,178.78986,190.49014,132.56851,188.46678,268.6481,190.77309,441.70572,370.23898,371.0599,295.27515,199.0737,135.02832,270.39386,220.99277,127.73456,119.63339,74.7093,188.58253,260.2562,170.55246,262.95538,315.71487,57.6679,72.3546,104.07503,148.35704,130.61438,224.42447,433.93088,159.35864,86.14859,369.93906,124.19357,297.99393,240.125,Desktop Computer,$Whiteboard$Printer$Phone$Shredder$Google Home$Desktop Computer
568318.25,241924.66,3780.3916,6707.499,2464.1238,1526.9755,1165.327,1972.1598,3980.025,428.7949,927.6641,14172.032,61965.113,47287.85,4607.094,1275.54,898.9411,698.4686,422.53143,797.33923,302.9259,1398.6337,1436.5642,414.77094,1522.7999,2677.3813,1421.3768,283.34268,428.33817,229.3022,200.35075,775.6655,932.4526,430.374,308.07574,209.58078,1646.5704,4134.6904,1853.8436,275.02878,513.5801,238.41306,168.03636,298.54004,188.16551,185.4642,186.26852,337.1789,220.15994,684.13275,1591.3792,1529.3031,409.71512,281.57312,69.87537,191.49046,198.70227,347.67184,200.5921,237.11406,247.96017,312.88562,247.4677,271.92737,204.29501,119.282776,51.087032,102.01913,67.07627,105.1836,119.3722,174.85703,73.50918,243.2774,436.33557,140.88196,43.566494,122.14392,39.561596,170.64581,376.41016,144.33899,90.00882,155.60158,62.110928,74.54884,156.43655,177.14502,133.00264,166.40703,143.25533,133.49039,148.36061,107.24593,109.728806,156.86034,229.90831,422.0194,462.9439,446.3808,297.034,837.07043,1070.7083,614.6569,655.2164,241.5647,74.74291,187.29842,104.02239,373.58292,295.40988,248.96494,178.70811,112.306465,172.30994,72.64039,20.664715,77.616486,124.45121,153.22586,214.63426,127.33156,52.435745,122.8332,278.4847,172.6338,14.282982,69.111465,102.919975,207.74779,304.2503,234.471,214.99591,764.429,1205.494,17.092703,543.60333,228.09668,312.27917,204.248,183.52438,149.12997,347.20682,129.34453,183.23192,200.27899,306.6113,240.50339,139.44653,172.89044,254.08754,270.4753,747.2424,641.76874,84.82525,178.55621,211.1341,256.79,260.648,63.769142,242.6031,212.92616,348.48865,393.98218,266.18512,124.76584,145.13397,162.90353,271.89368,271.21783,120.70437,72.68235,159.22513,131.99478,138.30318,171.64418,185.55782,124.43543,103.094666,66.87124,117.314705,138.49274,337.20966,291.65073,230.82487,248.80568,198.57762,223.74953,234.7502,248.7321,339.96396,197.2907,167.18718,186.94034,131.54953,314.13406,317.90836,302.905,229.55524,308.04672,239.36327,114.83775,416.47125,1022.54626,597.161,757.0188,462.23138,594.45197,572.20276,515.0054,389.11575,256.62134,190.01656,332.843,287.97293,340.3212,262.07895,209.78745,315.9903,144.19751,31.600887,125.67052,160.35217,262.19427,198.92471,110.83533,234.08942,167.39749,204.97505,151.13686,86.94945,104.55739,314.3483,331.3952,168.83206,85.119026,53.46807,76.896904,120.38785,292.3114,305.42276,208.8863,85.20336,266.5988,256.92587,133.26227,224.48688,112.82719,29.917377,203.14925,442.94354,322.15652,334.1853,476.8751,508.14172,577.34717,980.25,Desktop Computer,$Whiteboard$Printer$Phone$Shredder$Google Home$Desktop Computer
568061.5,243727.92,4538.651,5137.6226,1172.4025,2649.4617,1884.9098,1254.3173,3854.0842,901.9013,1413.4902,13032.873,61411.64,48306.324,5093.4897,914.2379,482.0563,984.76697,158.03181,287.32455,678.00775,299.68362,776.55853,865.2119,1293.7124,1317.9731,602.6174,66.62909,472.51907,472.36926,645.0782,459.90756,537.9603,775.14844,182.69957,170.05145,1645.956,4344.658,1915.1221,337.96936,233.65276,316.11572,265.85178,243.87299,452.66074,430.46802,340.60916,119.27146,137.0566,993.1078,776.0676,1080.9106,774.5893,156.64302,410.1686,200.06131,123.63008,78.347145,208.5119,306.0945,206.67891,403.12756,728.6403,319.76773,270.4253,90.22709,298.66458,223.04063,194.65268,288.95886,31.242004,51.29267,431.8747,377.94138,636.21655,241.48665,229.7402,181.94902,150.74458,51.859123,322.0379,200.10162,119.63439,94.89787,120.62644,130.22572,161.50955,92.649086,100.95724,145.87115,129.21796,67.63662,174.74695,403.10205,92.51147,312.43445,238.13118,150.47188,164.28148,231.38612,354.51117,236.50381,633.88824,393.0047,473.66055,472.58044,170.46931,6.657021,284.26675,338.63858,237.6172,33.48165,97.22459,142.27016,168.23837,217.41426,103.496414,171.13966,194.52788,165.36119,60.293823,159.84216,160.40926,84.46562,426.1231,116.418434,239.44638,353.12875,175.02411,204.70937,269.45435,133.83412,53.25555,635.7418,924.75555,140.92628,692.87726,362.55276,221.25098,55.088108,92.38048,119.22323,11.93716,134.69336,286.30173,369.17258,350.26175,178.67606,426.86307,425.31525,369.82462,702.4219,491.55374,194.69363,221.96095,474.5773,473.1878,223.82932,86.704956,166.95364,116.61137,80.6624,195.68965,197.47517,177.11453,156.30457,31.53166,40.333965,87.4255,70.09943,119.742935,171.04008,114.3517,144.93605,164.04189,203.6114,290.48212,250.11789,367.1845,106.00364,86.427376,254.21184,397.78598,317.56754,320.63245,357.44687,281.80576,289.7114,369.49252,84.711685,167.55177,205.62923,28.187098,132.22217,163.84642,171.46066,185.80904,108.31902,139.38095,303.66437,253.239,430.86264,539.7977,745.16833,289.46844,1057.4832,403.21762,338.9426,138.54921,120.28714,252.31116,191.80193,139.244,60.25163,197.80876,266.88492,385.22134,137.77197,156.5531,217.05173,243.81604,153.23732,58.693825,282.7336,352.3898,289.7125,199.21585,332.07956,357.0036,330.8866,185.61694,94.22016,43.4205,145.45906,158.97263,136.32787,190.39769,199.104,138.46097,141.39735,74.82739,89.06669,198.96146,179.88454,61.69224,109.881645,367.59894,247.77995,329.30017,289.93506,310.42953,58.317432,89.0379,276.09082,543.8454,79.06982,669.125,Desktop Computer,$Whiteboard$Printer$Phone$Shredder$Google Home$Desktop Computer
567399.3,244188.42,5480.5317,3919.997,2292.622,517.95703,734.1396,1398.4028,2156.5051,2235.5667,616.5406,12356.214,61481.39,47206.973,3849.6704,154.45273,362.13696,428.76453,50.96851,1274.1573,609.23737,1376.5376,464.008,625.26733,1611.0002,2128.8127,838.9031,164.40938,369.65042,291.4785,599.4795,381.26196,286.52908,137.23189,238.88567,313.59805,1864.2424,4088.1091,1801.3964,131.09209,403.28473,207.61395,155.96835,279.7403,102.76913,260.0696,353.68628,404.72748,232.41214,1042.1415,984.91797,544.81885,825.8962,146.47757,761.3545,406.54108,330.8312,105.924545,90.94153,392.75833,149.90489,577.3136,682.2281,433.1114,230.01219,264.30008,143.39423,112.24004,192.27318,185.56717,98.9041,127.3441,11.188501,294.06174,427.93015,140.28491,309.80032,66.49987,232.22585,222.60635,53.540554,78.092995,209.30507,135.18697,155.92104,34.80331,74.505745,81.434395,191.34596,82.755516,206.32384,146.54759,63.027424,129.29631,323.01758,474.85913,353.21313,194.63634,140.08722,537.1894,584.14813,355.97617,52.18406,325.3399,491.82367,352.28497,124.73159,79.22712,114.824745,76.49921,165.28586,223.0173,100.009285,232.4411,498.79987,291.01358,136.383,68.93634,78.91423,81.85925,181.12419,85.64083,79.059555,198.8567,211.37924,147.69356,161.20398,199.19777,248.38396,373.07635,297.2284,318.14337,270.59418,710.5459,892.2781,55.998302,547.4102,324.74442,282.90802,94.68554,70.40167,163.95796,52.369446,91.79038,82.90497,271.43356,400.44672,172.70604,276.65396,446.83643,314.69107,638.48706,584.11774,607.14746,446.88107,349.66357,128.44504,232.10266,142.67537,251.58322,251.53806,128.84966,151.44325,106.81209,205.20168,187.35603,127.73134,55.87079,219.27585,145.52824,149.97006,199.40932,162.63275,96.633644,112.99895,350.2614,278.63693,341.2765,258.2237,71.47793,91.32365,110.98923,182.75296,85.827354,141.515,169.17705,24.656889,87.037186,283.25995,128.96973,86.5508,85.99153,117.754585,117.3644,207.41457,293.11133,149.66179,132.15842,258.1199,281.67883,301.22797,429.84808,556.49677,507.10733,474.95508,716.0593,726.4359,279.3106,345.17596,336.91513,318.1391,437.14145,206.88063,105.00779,195.85086,290.70364,411.88098,395.23752,148.72043,195.74402,184.16467,133.97421,215.22847,31.983349,59.5664,127.95054,145.5499,139.17612,88.68543,261.53445,169.54607,233.02594,113.60936,112.21787,225.1207,174.65683,263.68362,217.33607,155.90668,75.219864,188.44897,121.67116,174.92343,65.22031,264.0471,234.47478,226.21057,110.764175,192.60277,221.21416,104.073364,280.60425,243.50447,72.88071,538.72156,433.39658,88.4375,Desktop Computer,$Whiteboard$Printer$Phone$Shredder$Google Home$Desktop Computer
566694.0,243342.47,2590.7358,4201.642,1007.7912,1612.1088,1281.3973,3599.4531,3667.6167,3224.8396,2633.49,11018.437,61135.406,47849.73,4929.7935,886.0348,328.4734,798.688,508.5762,873.3585,92.35852,865.1797,625.2685,348.50043,2161.4814,2438.7876,598.63556,151.81326,428.41446,328.0863,226.67168,676.9467,947.05676,174.79149,207.80649,112.73051,1362.6642,4263.357,2279.709,451.23114,106.309425,85.09145,33.90741,41.45439,231.05312,473.63763,511.6367,427.82938,311.66733,1210.7394,1030.5535,848.4123,391.94507,666.4863,753.9598,475.97208,352.52142,231.48337,135.62683,146.70834,76.83414,313.20786,517.2552,189.55511,167.48701,109.15421,118.84806,132.88275,160.56169,98.70007,155.26207,285.09082,350.70355,204.04211,326.76825,188.26587,34.762657,220.32468,236.67384,83.06646,177.1668,56.255875,95.52807,70.24048,174.38316,132.95064,69.928444,148.68079,157.62955,115.90067,121.386116,121.75404,86.582115,154.57037,186.2532,134.61928,164.86041,270.68948,152.9462,457.90295,432.84076,341.80905,677.7545,581.34076,795.8418,463.20074,118.758865,284.0887,379.70312,217.79486,105.59259,182.74068,159.88747,232.12206,62.884674,160.96771,200.33023,144.23749,173.83092,238.1335,186.87749,85.450584,30.71731,25.112757,23.110825,44.865173,220.26471,317.48538,148.5348,25.991266,158.20412,102.903595,191.28433,672.41,1070.1532,45.89791,400.74866,240.45651,231.47343,217.38527,291.67032,318.4447,225.83527,154.33342,130.46849,95.74637,194.26523,298.32547,310.25772,349.3237,221.20224,400.87265,671.3153,1029.3639,297.31165,472.27408,237.20753,75.40219,373.64606,261.0397,133.57057,237.94661,269.10165,134.82669,203.09703,128.98926,108.66916,39.3174,176.52408,196.00864,134.9234,154.11101,183.85716,224.24068,70.950096,176.91258,55.911697,211.17044,315.19284,186.32277,127.83792,206.6698,249.872,215.46695,269.98428,150.03316,183.31068,209.96643,83.61438,165.7488,247.7927,194.38371,90.392296,110.85665,114.66001,144.114,196.72612,341.5765,478.25397,333.8563,114.69323,226.59392,287.092,651.93976,811.89545,387.2361,847.048,860.2406,821.8062,503.97632,293.7297,196.98059,96.04026,156.8571,150.78876,149.9257,146.7995,155.30936,154.9325,133.42134,172.14601,214.00714,49.404823,190.63219,167.35504,180.6905,200.99113,121.47074,100.664406,51.667793,218.89743,219.49643,172.25282,249.20386,22.072256,71.72353,198.60953,255.71954,218.58786,159.60536,113.659615,149.25674,265.55597,94.99653,160.37404,159.19899,62.02888,90.349464,177.09488,156.69693,350.18365,444.83884,297.58228,293.5881,395.0925,622.3422,398.46875,Desktop Computer,$Whiteboard$Printer$Phone$Shredder$Google Home$Desktop Computer
567185.75,243722.75,6390.756,7329.3086,1265.5311,1593.735,1237.9547,2803.8723,3695.1863,612.9841,1710.8143,12960.147,60541.242,46671.055,4244.8687,213.2009,1000.3304,693.9646,608.5664,982.81006,51.035934,1221.0535,715.41113,523.19025,1048.5969,2739.3386,324.04178,302.8387,247.36066,606.0327,530.4264,294.86514,612.0771,350.7166,109.94078,452.3755,1900.9023,4566.174,1816.7567,353.0192,299.01083,366.33334,285.2229,500.81668,172.98257,151.65253,195.6465,140.0037,393.03375,630.94226,888.95886,687.5249,421.11963,57.15986,1028.5408,300.69876,334.80145,590.79297,140.54008,210.69896,198.27768,412.57986,687.87213,279.11597,252.99611,129.80093,69.26578,202.58543,261.5082,323.56726,128.34804,146.96855,447.86026,52.02642,440.5115,322.43002,95.712135,118.68612,87.00791,169.39615,174.09743,160.57422,282.2091,237.06308,53.374683,72.12157,93.62394,172.99846,365.91687,80.15197,321.53348,456.4851,193.95726,201.33998,376.88693,200.93053,45.100037,317.37082,294.5246,471.81375,372.2844,221.30655,527.537,217.86732,249.45216,267.258,167.99382,486.4048,475.68915,422.76315,380.17746,189.83517,152.61618,60.26774,131.69818,64.48697,116.18475,192.7533,190.61139,303.1387,258.38562,67.44971,118.40623,79.684654,75.61405,48.414944,258.261,85.3998,142.18729,113.151436,135.46387,9.157305,241.90219,825.5274,1003.794,59.137558,447.745,189.36691,205.86604,234.82405,282.0033,258.8312,227.24446,96.93046,89.02359,122.115234,233.44218,223.52533,149.41383,230.90356,376.5504,718.1809,409.34146,436.3606,512.48975,367.39026,309.25565,540.1725,153.83046,201.15804,108.83267,139.23975,154.06711,202.24934,199.08884,142.45268,58.40716,131.53786,106.00725,195.0447,271.77127,397.70975,179.45088,87.26483,204.41403,186.1146,191.78531,118.219826,120.98964,216.38062,188.127,157.15028,237.77592,246.6923,111.193535,91.1513,73.54253,195.71307,27.488375,196.1506,79.40548,187.46062,187.30003,345.6975,149.25905,56.05879,51.807095,195.23334,51.727844,164.38045,440.23105,543.54364,519.6506,486.22177,514.2331,696.23804,431.82913,750.64154,375.86847,323.43066,241.53381,236.44232,170.57318,164.27115,293.1715,352.2352,386.03436,293.25385,240.04054,376.34766,222.0754,281.49542,338.834,247.38564,166.65666,60.725143,81.04951,105.7049,64.6526,164.69553,60.938763,198.23392,202.91927,217.46072,111.75705,153.434,296.80496,217.59111,138.10742,148.46555,65.58028,25.59274,20.258747,236.90244,79.29555,74.14266,271.6145,251.71075,168.4134,167.40999,410.83624,714.597,563.18896,365.601,155.10745,89.213005,263.625,Desktop Computer,$Whiteboard$Printer$Phone$Shredder$Google Home$Desktop Computer
569178.75,244352.38,7754.2485,7360.8003,1907.5845,973.4159,276.07333,1112.616,4048.6785,2946.5952,924.8979,14442.296,61240.895,46857.844,4900.3955,1202.0845,112.43399,509.75726,1397.9727,493.31635,372.29413,241.63498,603.65466,537.41003,1931.0426,2241.1743,179.6273,593.60846,536.7296,591.18964,308.0832,740.4599,821.3347,659.2172,302.81262,266.1502,1734.4089,4026.0298,1506.975,708.024,108.42348,129.5414,155.25662,395.54233,189.16414,429.111,337.4255,431.20682,198.17746,556.47626,350.0195,706.682,665.63776,120.586395,631.1339,696.8853,684.0419,453.48532,194.46078,221.85988,337.0916,163.27957,491.50818,194.68811,91.4589,96.837585,317.69327,156.19751,210.79898,325.18967,177.85617,178.33386,199.16281,341.1616,636.97797,399.83868,278.53973,243.807,121.95021,188.1077,314.4755,158.03609,256.39423,174.08778,137.35448,250.87569,195.73048,170.40736,27.123556,242.55664,120.510704,255.37637,299.99744,183.64162,258.73642,340.2503,377.19254,238.26111,101.87218,326.56857,675.36957,629.13354,562.50775,115.45564,276.72556,142.1075,104.75397,470.36227,700.45703,437.06085,152.61688,161.17245,395.26614,207.71097,182.06836,242.31145,231.14934,160.16405,133.06224,24.29976,181.94968,267.51752,190.03238,132.39757,125.109314,231.98785,233.7944,92.37509,87.37963,237.69785,316.55795,217.47917,262.8681,626.679,1191.3904,298.0789,406.1861,178.04813,297.4443,302.4763,180.98608,40.199226,100.77717,99.83398,146.63716,146.3447,140.42554,177.39969,65.490746,211.07721,178.0905,901.7989,637.7515,297.37753,228.78377,200.83011,315.22318,335.19547,298.17346,143.03914,393.35617,186.46217,54.950146,206.78691,214.34113,165.42516,72.67866,123.53701,47.836693,126.50328,108.64205,32.70609,153.80865,124.93887,260.99097,232.28046,148.5479,113.38339,42.17645,291.3405,286.00238,122.194786,159.30956,202.64693,359.87167,222.17667,228.43425,188.57799,194.2923,106.29116,101.83096,109.174774,152.91763,147.59137,98.628944,228.17221,176.0215,157.73787,254.1606,176.5518,98.84565,407.3973,561.56525,905.933,536.95624,822.8341,346.17007,275.93097,445.52518,599.80994,460.09982,373.4115,185.54463,280.18893,88.031784,56.41803,274.28543,283.6877,78.18491,152.3881,75.56855,113.9619,214.65663,201.52245,187.78638,190.84053,69.55429,159.03867,196.32744,268.51678,136.63815,105.01173,140.9358,53.394924,160.81306,109.13554,161.99417,173.2477,208.05695,222.71556,91.90313,69.25253,317.64978,371.4983,65.807304,69.92504,191.17686,134.77048,214.78896,203.09152,79.08792,104.208405,579.22437,720.988,373.73288,204.1545,332.34375,Desktop Computer,$Whiteboard$Printer$Phone$Shredder$Google Home$Desktop Computer
568144.75,242760.52,899.9037,4346.7334,600.5339,1026.255,716.42615,1863.6067,4638.8545,2055.7336,1260.6909,13796.428,61221.707,46904.652,4301.376,757.72144,206.23308,1303.5533,268.39804,720.442,627.06415,1630.9321,1031.165,247.26491,1813.1498,2071.4521,601.0239,367.32635,530.5639,209.15323,282.0421,388.6096,824.5115,236.12752,125.25482,254.09631,1633.656,4297.1387,2192.5193,54.87183,232.39694,102.684616,76.78825,222.39565,159.74245,204.10045,366.95294,327.76163,395.16608,698.9932,692.9891,600.03796,1247.02,891.21246,285.72623,359.55118,156.94565,55.871674,256.99942,175.62141,257.5009,376.76492,379.3831,201.65562,220.91878,436.3784,152.52821,158.01508,117.14755,287.3383,185.7933,178.5181,122.95968,165.16898,401.23187,199.51968,195.55829,176.7099,25.771912,79.36927,134.3682,224.99297,133.22346,144.32407,136.64784,24.73907,89.48977,107.54434,157.49559,114.476715,60.0405,324.9632,239.85567,254.4999,343.3206,221.48283,206.33037,222.46826,168.32726,499.29724,849.02954,429.30542,298.76495,585.556,776.43756,616.59875,69.48221,370.62546,106.124435,222.658,262.1414,204.7185,45.74386,164.73448,159.398,393.8614,278.13086,106.912674,79.21315,193.77713,175.90169,137.52126,123.26638,256.23334,253.95914,300.87997,268.09695,125.37311,134.7068,366.4186,450.3941,390.18802,283.49457,573.84467,958.9842,358.0746,788.9368,460.54663,199.9418,228.44966,331.20883,169.80562,169.19507,173.81213,62.365498,33.345234,254.99423,215.28732,269.7203,148.50671,181.36537,360.76456,895.97205,488.051,179.97661,358.94687,262.53748,437.24957,456.41376,336.05762,314.86258,222.56146,144.899,324.16235,240.78703,119.15646,129.31877,214.86635,138.85275,69.1553,161.24808,265.75992,291.0348,344.7086,184.07903,181.30943,312.14978,269.05902,306.68533,229.01433,141.07985,69.16012,150.82904,172.72447,110.088936,73.9275,71.447075,57.767017,258.81882,452.74286,211.62547,115.38403,71.165115,74.68621,107.29777,227.01729,132.90663,337.44,285.0939,272.5995,221.80959,257.14844,325.8867,878.72217,970.89355,1043.3136,489.87326,741.8444,599.96045,473.09235,294.91116,115.76477,384.59375,533.97974,436.5903,192.84085,32.50158,116.75163,54.350834,21.2633,210.74968,169.68715,20.219454,93.63424,114.5949,211.2909,312.92694,258.12012,108.63745,93.12744,200.05682,60.51873,37.859375,78.692474,87.36943,208.29916,76.007515,96.2934,164.54836,125.00628,185.13135,92.76541,118.25052,240.17958,474.23312,392.03253,138.02077,71.66274,81.12644,340.7222,277.57315,380.41907,480.06357,548.91705,265.51947,455.1707,411.09375,Desktop Computer,$Whiteboard$Printer$Phone$Shredder$Google Home$Desktop Computer
566172.0,241034.94,3866.909,5666.3623,1741.9146,586.05084,689.8373,1619.203,5952.0005,2467.396,1971.8198,11948.271,61246.1,48150.88,4804.955,729.85956,261.89868,944.8756,783.0341,1147.5497,705.8373,1122.6361,1576.214,870.08234,1692.5966,1913.1836,706.4121,491.3275,320.755,353.34747,196.58678,165.37047,753.18854,566.85345,166.80035,283.97415,1932.4495,4158.062,1607.112,448.51144,123.35553,289.09628,113.03844,249.68428,194.22812,113.02202,501.46664,103.98911,203.53221,1171.1844,987.93115,761.28125,863.55566,595.8097,734.9814,486.0315,293.70963,103.45088,346.28156,50.883358,300.84412,407.74478,797.03296,188.08353,168.77942,167.04292,139.7217,178.24446,119.55148,149.26965,279.96985,95.53338,319.10416,356.31796,550.1883,188.25151,157.88353,64.343666,244.48555,226.0583,298.95895,166.15672,106.94482,245.53484,159.78802,257.18863,76.42124,73.35758,214.11827,152.65326,230.85664,151.11104,136.2613,58.394154,119.43274,282.29028,254.81961,294.87564,249.89099,586.2814,1029.5822,764.47485,200.98717,196.45676,136.40468,171.41473,421.76883,544.3983,193.20601,62.678104,79.161865,213.0036,189.43578,345.14645,269.51163,274.17514,93.34651,250.93498,157.52309,61.58225,261.7999,10.272443,255.90819,240.99971,186.97853,46.1021,309.246,192.18208,88.4491,158.50006,99.21433,191.45612,498.99734,790.6653,1113.0554,399.71198,702.4983,330.37943,147.99463,107.71565,115.71506,330.62506,307.99088,228.53499,141.44641,18.067938,200.0934,81.301506,179.129,161.93925,178.1348,216.57625,1004.16754,1153.5873,469.84576,327.5423,102.9096,173.89813,233.10754,306.9938,218.74214,209.13922,185.11133,196.16953,78.226715,85.22737,95.545845,250.05235,39.39994,41.639153,165.36328,218.5435,212.72498,235.3461,212.74974,401.10797,438.6339,411.4364,81.72455,186.04344,99.55332,258.7958,84.689354,166.30106,302.07568,182.88574,183.96523,300.8937,113.146645,219.46141,279.15372,122.970695,62.343365,101.219345,126.65351,252.21472,327.36554,334.28848,159.26744,147.4024,316.4601,285.7601,390.20047,608.24866,928.03973,1087.1775,376.0818,1306.2472,581.72034,301.0894,206.98444,333.03027,127.12084,313.57898,316.83096,258.48798,114.98392,187.39507,223.84315,218.84346,122.41712,174.26364,207.56586,226.11314,194.24167,176.1828,140.5878,200.26074,54.151703,61.638382,180.53645,104.05994,18.253489,59.232056,82.692474,130.86232,99.9039,134.17308,314.31192,124.8643,43.26461,138.30653,88.22682,52.176826,330.9319,243.4868,238.97852,240.82533,272.05994,164.15286,193.83563,149.60385,604.53687,723.42633,227.08876,173.54333,157.78125,Desktop Computer,$Whiteboard$Printer$Phone$Shredder$Google Home$Desktop Computer
567807.75,242753.28,3849.414,4182.9785,950.74475,2734.2397,772.70416,3384.5703,4609.716,507.99994,1785.3937,11612.975,61168.902,47341.56,4311.0728,589.6144,654.6954,413.60284,465.97986,584.6168,509.1195,1492.6165,289.68454,403.9434,1422.1343,2456.627,982.14905,536.79144,324.0187,255.06172,337.36923,1040.5122,1114.0562,400.49954,141.04533,279.26315,1759.4218,4313.5366,1966.3948,175.1903,104.66509,185.99435,243.51006,255.04494,281.11615,269.9066,275.0876,490.0271,273.3465,514.97205,495.5045,488.71176,896.29315,704.75446,452.1967,337.3377,90.98617,55.06195,270.67252,101.78667,180.16278,385.20285,686.1256,149.52193,55.428062,210.0403,161.33514,101.18093,108.43385,150.20493,213.8186,161.72725,128.9096,132.3538,151.25133,85.891884,130.34181,43.16027,146.5604,67.2421,59.386055,100.49546,208.9383,179.97403,255.87814,118.92735,32.6506,202.47537,130.67856,103.50155,211.03107,121.46228,118.09523,99.13208,80.10787,253.04907,106.89008,167.57904,386.62375,431.62274,703.38025,486.30142,426.1946,498.07315,266.25293,175.6995,611.9535,417.01562,196.83919,70.13489,341.41193,238.24446,168.03984,223.87021,108.81104,92.84579,91.82734,58.89921,64.78402,101.2642,286.81467,116.037,86.69973,67.89815,26.636078,102.16054,299.24973,227.81992,236.64218,106.643585,150.73463,332.63876,541.3633,908.4777,1126.1234,239.2001,708.2435,233.43813,155.31364,146.72597,135.55244,146.59305,274.90808,187.01129,138.77223,189.83325,286.50443,378.97183,326.8614,186.25235,289.39206,600.4145,981.54175,555.66895,154.2189,34.628662,316.4743,179.90123,37.826992,139.50801,120.95832,151.2022,288.72864,227.30403,204.60751,96.734695,238.13606,145.65054,158.51187,370.32843,173.3461,158.42024,402.48044,293.71463,219.23183,99.20597,202.52309,290.46252,280.44623,233.28943,258.77588,172.81357,239.69067,126.05204,240.99208,314.11014,185.1002,177.96027,274.97696,284.80084,95.36264,211.88016,245.096,112.739365,85.8084,151.55074,219.58769,121.13705,282.73138,168.15408,172.36618,231.51997,351.03656,618.29724,959.869,543.70575,732.0531,631.3531,639.4297,493.77606,489.02017,262.17517,111.486626,152.22546,224.97339,208.33673,64.80879,47.21159,87.936745,332.61398,309.8974,115.54345,46.832844,114.22409,134.6355,159.73044,89.19426,124.80609,118.5422,165.23909,164.86021,88.740524,171.54958,169.15776,75.95542,148.16078,85.81813,327.95322,252.16785,190.06079,195.87404,32.398045,210.45432,206.91568,199.22871,21.735687,96.49829,124.87156,117.34607,237.74055,424.41327,122.786545,247.18723,405.94196,301.9729,353.78915,192.25,Desktop Computer,$Whiteboard$Printer$Phone$Shredder$Google Home$Desktop Computer
567244.7,243064.34,2390.1538,3678.1558,746.2593,2031.0963,406.33954,1195.6515,3427.141,3101.2808,2514.6973,12052.78,60879.85,47466.625,4161.296,1228.8883,904.65485,707.7607,450.0993,677.86914,1071.0767,1409.9045,2063.9417,744.0064,1312.9186,1797.1136,442.78552,955.43494,297.38745,181.43013,432.45972,338.09857,606.101,121.61728,495.57507,523.1803,1678.4902,4451.215,1919.3107,76.15561,370.72824,364.53287,279.14865,384.37015,255.90437,298.39148,96.04363,379.83234,161.9168,318.51166,523.7958,775.4894,977.8949,223.77553,490.70786,217.9571,81.57887,158.79886,209.9179,174.19672,77.94996,543.61786,612.47327,171.10143,26.12265,263.65433,20.73042,75.69356,61.78341,149.13614,156.67923,67.27429,227.11739,212.27277,270.2203,249.8397,126.27459,328.6066,298.74,284.1395,301.34866,326.32724,91.94742,103.150566,216.87788,122.07799,177.9089,92.448975,59.568882,301.99982,217.0107,138.24475,44.597244,104.716545,99.612175,215.13823,103.29407,173.44026,370.94714,403.65805,467.20355,866.32996,859.1367,461.9058,39.91795,353.00412,568.1625,314.07303,346.3263,323.5184,312.55722,276.75443,263.46524,398.82843,241.71024,314.67178,198.54558,253.5545,181.13062,121.31152,229.73605,100.537445,101.55351,76.57082,82.280495,150.86102,220.87071,42.002068,253.84377,400.07928,306.65005,394.06064,388.46088,656.26654,979.91327,233.52678,521.87036,133.98398,104.80767,95.732216,60.243923,100.50593,77.76493,63.304665,108.27953,256.0307,362.2295,248.09018,273.66464,355.61215,279.0207,165.89285,893.9763,680.85333,237.2726,570.12164,580.50073,395.16144,130.76248,248.4379,294.33084,290.68634,286.5096,324.56052,253.06082,252.87383,212.81358,322.61984,208.42693,261.56613,63.795166,153.23183,64.95487,87.05101,90.38537,130.21214,88.08309,18.54542,187.85333,257.06537,254.4426,269.68607,110.642395,90.03059,135.59839,165.57588,74.212074,11.309446,261.71082,133.857,197.85132,124.45817,100.24913,34.0221,151.69095,107.30518,85.99973,250.90396,242.95277,333.68716,257.42184,90.53527,311.0839,605.04944,1025.8042,750.4315,583.40204,1026.7942,577.75397,56.299255,184.32843,246.55598,153.09358,251.71959,435.19287,206.96404,264.1304,227.84514,149.7591,266.94028,93.044235,211.97227,194.55902,280.2895,239.82127,72.31862,38.071384,160.70665,94.809395,41.3721,199.47734,250.99568,136.53471,13.896193,166.51363,255.5296,275.6072,152.17563,145.11559,224.73753,165.46548,108.69009,138.3575,193.45763,127.71867,142.7507,292.52863,148.67732,84.23832,120.49936,58.417034,309.78537,249.53299,503.5055,639.5496,487.9231,453.8125,Desktop Computer,$Whiteboard$Printer$Phone$Shredder$Google Home$Desktop Computer
567316.9,243970.69,5963.27,5088.189,1307.0082,1049.0455,2190.8613,1152.4124,3641.214,2780.044,2069.859,11943.853,59864.49,46255.652,2832.5498,784.0098,967.5663,751.68463,129.06587,936.76416,8.841512,1920.604,1009.7594,1416.4952,2088.2983,2824.2163,464.51938,340.89566,502.60895,863.67267,555.0069,617.00653,649.39575,441.67465,383.26746,385.23877,1660.6805,4063.9873,1851.3116,264.173,374.85855,102.17265,134.70718,63.12522,579.37134,627.4843,229.04778,100.96628,658.37396,819.7681,499.66275,610.3847,779.15125,903.02045,294.37985,281.0028,197.44937,125.31433,238.01065,153.13477,274.0245,609.5871,821.2141,333.9757,558.3381,424.10242,48.906616,77.43642,316.39764,204.96909,84.62083,328.54135,150.50594,442.72562,581.6756,399.18213,56.102497,169.55832,288.21332,334.71732,218.61455,285.37167,101.29332,61.16902,147.41078,148.14433,284.79138,151.94301,335.55872,197.27615,197.82753,186.72711,221.22581,243.53354,173.52469,94.34532,133.6938,506.77658,536.40247,688.8099,249.51514,184.72081,662.3302,696.9249,603.33484,336.77463,64.499176,252.86813,278.249,199.0729,70.665375,83.82466,121.00558,364.90472,247.72311,132.19807,248.74637,278.74048,177.19777,109.73565,223.07884,225.54335,143.18689,180.1992,298.07993,136.82915,180.6858,22.325893,93.41415,140.17052,265.42712,214.99088,385.28906,639.6557,1002.46106,98.60631,413.5946,86.45167,83.895294,159.20293,146.98105,192.0748,296.2975,193.84254,368.98538,276.88843,247.74704,161.24765,401.16922,601.71484,536.7002,666.9289,404.4391,560.056,217.8034,236.04024,200.66527,153.1661,251.61894,99.469696,323.37546,440.29416,284.20697,312.618,113.48166,146.8347,191.92725,142.59932,104.89773,424.59802,384.6016,192.18134,284.2065,306.1096,257.9271,284.23334,355.31265,166.65875,73.85248,132.92514,158.38956,96.25002,128.73506,73.43454,143.02307,166.24829,114.30064,109.37098,55.898438,371.19748,220.28297,99.65354,214.17215,18.994778,148.54999,142.60324,34.369083,91.09897,42.76855,255.54544,339.43982,489.6317,749.1199,516.2699,496.61676,548.51605,827.055,243.67159,128.06845,479.71704,326.8244,325.8614,385.5312,430.36133,165.75531,66.52972,94.57976,143.11656,121.91914,449.37103,438.80905,262.70312,94.59322,106.54852,143.75436,270.56577,365.67087,381.6768,207.67383,222.61667,116.29159,124.07097,175.95723,46.94639,70.987366,230.28094,393.89957,403.84167,45.145184,190.15106,249.23935,265.29218,285.78732,121.49842,165.06458,293.74463,133.62598,196.96318,340.77087,284.7602,278.3499,246.65288,275.75946,326.61804,567.1812,440.60785,448.40625,Desktop Computer,$Whiteboard$Printer$Phone$Shredder$Google Home$Desktop Computer
568113.5,242861.89,5235.086,3467.6147,1557.5776,2386.0068,1994.6971,1707.2551,4297.2163,1462.3895,1078.7267,14823.63,62462.316,48172.14,5324.4087,1238.65,483.93845,574.67206,722.71313,566.337,543.448,595.83105,1134.3824,437.1602,1336.2163,2390.9333,777.1927,421.7081,609.0827,449.26553,152.16132,217.46732,802.0351,309.46594,215.98785,161.87408,1823.7678,4132.1025,1779.6486,230.34973,104.184105,47.642662,14.226663,380.25772,399.43625,449.46176,401.2508,343.9076,276.66626,539.01587,598.2579,494.85233,983.0614,90.67686,764.68207,607.2115,385.54767,308.3301,106.70349,154.18341,127.70484,263.3899,597.14465,183.21751,186.84987,66.053246,224.09648,259.31522,248.45442,240.18283,103.03467,121.01616,92.670296,209.18617,454.89685,284.6344,119.681206,26.293001,79.54558,170.23055,120.71705,100.041954,217.13559,169.9436,61.68355,96.468925,175.10612,109.70976,106.33823,121.32199,100.67245,159.70615,251.07439,388.29303,309.02887,65.428665,119.02893,176.30267,85.539444,455.74884,915.1057,205.17566,644.9162,463.10443,175.51291,345.3476,612.65125,250.10219,139.25407,138.56166,184.50316,319.16006,455.45447,585.1919,425.33102,107.698265,124.20387,190.11249,195.69887,158.25523,88.15586,187.32101,162.61208,350.7301,188.64896,96.846344,244.02066,196.35239,120.25596,111.70505,177.8956,266.1142,432.1098,759.93256,979.6947,161.99611,732.97833,378.91605,62.386562,17.635386,191.4722,163.1892,70.412994,151.46797,82.39479,31.392614,107.11611,187.58899,25.233637,114.64111,259.80157,476.20743,843.7409,530.02106,315.48502,25.873613,121.86118,180.86713,183.5279,48.63221,128.62157,269.1051,311.63593,408.13202,298.67398,34.30803,49.02359,122.6598,255.45331,338.61874,226.08762,71.31592,161.70944,260.4172,220.70406,202.29654,91.47827,143.43372,165.98178,239.40254,124.47857,24.959274,106.490425,72.30841,150.38168,225.76303,212.26483,251.38359,350.8083,189.54056,193.30391,73.30978,181.33954,9.412319,206.96043,126.16915,286.97607,401.24243,343.92804,395.73105,375.6405,387.20297,542.54626,578.00165,570.326,364.03268,1173.3943,564.72095,248.40146,490.59097,376.6721,48.860058,112.39398,231.9838,222.03326,240.92815,141.52461,155.1552,271.8254,186.54672,126.49613,93.26733,98.89324,75.431,107.31451,201.25888,202.54575,15.467618,117.72475,93.48976,78.075676,132.38261,89.12148,57.57566,82.24977,68.93676,174.59804,231.85915,103.21607,27.04026,79.14157,199.12526,177.05905,115.83503,205.27669,190.24384,38.2616,135.31519,148.84311,232.82379,243.65262,304.4549,327.36542,323.45886,854.2453,321.01413,176.0,Desktop Computer,$Whiteboard$Printer$Phone$Shredder$Google Home$Desktop Computer
567970.6,241805.1,2424.7815,5877.435,2217.4258,925.7934,496.66968,3737.8704,6087.9917,2330.263,2177.336,13728.148,61182.953,46577.71,3961.9934,780.37476,198.58258,1253.1494,501.78738,991.3256,84.82339,1756.8011,1084.0176,224.99738,2160.1038,2154.989,675.61084,183.20589,191.36118,17.812084,256.42612,562.33606,455.14728,375.25644,196.97327,236.8886,1319.934,4201.1045,1872.9913,226.43304,109.14293,284.79135,139.91289,246.12889,636.11053,423.2067,293.17905,169.30618,765.22516,1181.4647,1106.1724,798.8043,422.81506,710.1795,125.632195,638.9714,254.3665,198.27988,253.74783,189.51012,351.1539,723.9282,721.10815,332.74164,256.4364,108.12583,203.7302,320.5699,154.51953,236.80438,208.13712,69.021454,64.74475,233.46347,413.6491,49.82479,120.05418,154.81757,133.77231,195.76413,168.75328,133.95738,208.8497,152.03902,214.25525,241.01593,302.44962,204.53014,103.39808,158.49153,29.340643,118.461914,135.25922,171.96233,146.50871,199.96173,275.77722,392.33356,427.4756,427.7735,245.23888,889.001,492.6346,472.10278,593.10114,616.04474,211.47446,240.80138,372.42563,261.454,148.69843,142.1905,207.98038,83.32751,160.46611,22.418755,1.2145171,245.53235,315.3319,277.58618,397.94687,188.6291,192.80487,352.19016,172.67021,180.23972,154.62383,135.19267,60.08821,319.88446,297.66223,466.69385,418.46704,685.02405,967.26587,137.52986,574.17456,70.38921,124.79131,257.22952,153.1827,227.55606,293.6823,285.1276,225.2788,152.52733,67.459656,332.40836,346.0316,245.77808,298.5328,567.44415,688.1526,476.07022,779.7261,346.47372,88.472855,94.14733,43.898846,66.80889,275.82645,175.90446,70.8021,116.83413,112.5349,55.435375,138.81325,52.79469,113.927734,136.39328,59.510765,43.78746,65.394516,126.018196,17.990953,89.527145,161.50706,200.48605,96.80229,182.65161,60.016403,101.37054,82.308075,91.78687,166.9029,245.54858,201.75665,180.6013,158.87833,176.93304,165.31258,53.514465,148.02264,337.1426,192.13722,92.043655,223.61888,303.05627,343.8566,288.19104,107.731834,284.469,369.11917,347.82922,446.6996,256.90598,1158.9244,980.32916,232.66197,194.03098,235.65964,115.29103,170.28021,139.47682,192.51384,87.459145,182.96071,404.0042,415.95486,159.96579,73.76092,42.976902,222.85574,209.52414,292.31256,212.62914,302.51736,239.26012,26.050547,112.01289,95.7888,194.44586,315.0685,145.84277,281.35257,140.04637,78.343155,72.60655,270.12238,338.44098,392.67816,254.6673,116.54298,62.203297,83.75472,191.02365,174.49847,136.12883,153.71112,225.0507,394.56403,289.68356,293.45703,549.66724,434.64212,409.9494,91.375,Desktop Computer,$Whiteboard$Printer$Phone$Shredder$Google Home$Desktop Computer
568191.1,244101.77,4384.0723,4699.5,858.4488,2327.7466,2894.163,431.98752,4885.849,4099.6157,801.85974,12631.59,61773.47,48722.113,4742.248,756.67676,331.48178,717.3933,561.482,1045.0083,612.86584,970.1912,1560.4285,479.06412,1529.9879,1912.2395,964.9306,115.03511,346.03876,309.19867,198.0734,616.2052,518.5752,176.5971,339.08133,445.81018,1705.0715,3950.4304,1922.8756,191.87401,258.64114,186.99004,63.844128,261.88663,373.175,150.5375,350.92578,141.5598,367.10297,451.60538,522.2992,555.47845,732.96924,744.20544,377.53915,280.4992,115.88,292.93408,427.4704,397.50876,221.04909,161.16899,646.6205,219.27924,284.0334,182.0879,79.25992,192.12585,334.4966,192.74902,131.365,156.68388,76.43684,107.89854,514.7599,250.43697,172.89645,80.772316,164.19081,161.10532,111.89759,208.41356,197.05453,66.24299,52.71196,67.61574,312.9996,96.92409,52.85433,237.3924,255.58145,185.23383,55.45116,188.24733,18.106142,237.65993,182.0827,265.0616,436.48203,577.23425,830.78174,685.1413,697.63513,439.61035,224.54031,199.3442,60.98201,275.9855,169.26007,330.847,63.22153,135.78912,160.56589,9.518916,68.89383,199.28276,106.59504,233.81235,47.544655,335.28143,360.9744,130.52692,79.891136,76.79463,122.9717,172.78688,141.01695,128.46715,117.988014,233.83131,257.69214,129.60693,290.42456,789.3343,1082.9937,310.36472,678.66187,288.45377,168.37042,188.84937,312.51038,153.39851,72.99287,140.10455,360.3012,119.12114,46.145123,273.887,403.37463,17.32631,37.365086,286.42627,1094.0978,795.79297,265.0617,479.24603,148.09491,79.48617,219.72452,342.27625,189.84238,83.14605,66.00183,100.43016,94.072754,50.554066,246.14752,181.08438,145.68623,283.29813,360.39728,322.0621,131.05458,127.81182,176.4696,95.57606,260.8697,224.95758,254.85963,211.34782,93.968765,114.63511,133.05775,60.830746,162.2269,136.43077,55.36684,230.31308,337.88345,168.33998,177.37285,120.49811,185.61932,88.89671,46.637512,144.48082,177.28812,324.71423,286.87094,302.1147,153.8636,197.77884,297.96765,438.4436,612.72516,1108.3845,159.9777,942.7805,572.4432,278.51083,431.41324,267.578,212.32585,279.27316,246.97488,164.52193,139.09203,125.14339,201.75626,365.96515,249.46854,182.1529,187.54948,349.42096,236.75667,278.7068,302.0063,206.45178,166.39638,207.12407,131.25452,195.84013,113.8034,156.92435,256.98035,147.8754,68.275375,198.14351,347.17435,204.10892,217.81207,133.9784,58.524082,98.957535,159.42989,296.77,333.73587,105.860054,58.807354,54.144848,99.91895,236.35999,231.4851,341.09842,358.6255,608.83844,334.375,Desktop Computer,$Whiteboard$Printer$Phone$Shredder$Google Home$Desktop Computer
566502.4,242181.58,3970.835,5250.503,2956.8027,1625.3289,1243.6653,2014.934,3471.2173,1090.8237,2418.0493,11362.498,62000.61,47328.47,3760.022,308.69598,756.46924,1375.4436,286.03726,1126.348,678.877,1458.9401,296.75632,437.51724,1805.4885,2517.62,884.02386,485.4854,416.2754,335.73917,233.20203,465.44266,949.87,142.93057,369.65244,126.51021,1577.1353,3982.589,1649.6979,325.83417,263.96967,216.5816,222.95566,283.21436,445.52692,364.3684,319.9583,98.50118,157.57056,580.8351,851.49524,528.11,716.5826,774.0335,171.49931,421.6664,450.30713,222.71158,475.54248,753.8951,1016.215,1024.3245,965.4997,383.80518,218.46068,56.066463,151.41698,314.04904,17.96757,125.30684,301.69363,140.95197,255.1779,292.0816,449.0084,165.69754,88.86398,52.23094,110.75369,174.82918,48.218567,96.115814,135.75476,155.57898,83.592415,276.62817,240.09799,196.09547,117.091125,246.45436,127.917564,126.48355,133.32791,52.866474,44.52359,46.75642,102.86077,251.44635,310.3314,527.74713,323.65384,250.46346,416.17535,307.2765,335.7415,481.10205,194.65445,205.20496,182.27863,29.257975,169.5978,27.067846,138.42345,266.7047,253.97766,222.92134,319.11288,252.64297,317.99908,141.66304,172.68942,408.90024,463.97968,374.59076,157.47919,172.71422,221.10835,98.62558,137.25633,232.45587,182.48883,297.71332,366.89972,825.9679,1181.1321,158.74736,778.1871,331.7591,37.509926,7.6417546,183.14868,108.652794,25.485836,75.69564,286.54065,227.98012,180.36374,226.19252,447.53574,274.0669,299.20798,625.6154,814.89154,27.992718,247.88394,71.49926,360.80444,120.52969,197.01852,140.8379,361.65604,223.75159,191.1123,93.77904,113.17023,105.58172,290.90457,213.1387,383.8567,416.70322,388.1553,320.37573,140.66467,323.96777,335.16504,86.75756,142.00404,101.87922,275.41202,122.04005,288.08685,259.53537,271.96002,114.87046,129.33829,272.00513,248.53871,90.21605,318.95667,206.56915,180.76945,190.20912,264.93747,137.84573,32.19371,64.19626,108.336266,132.26608,120.72275,144.59085,175.44125,140.05716,118.735504,336.54755,631.74023,47.592705,728.27246,765.93933,400.8885,525.97614,472.30118,394.64166,419.73853,484.82446,165.99455,180.87804,48.389343,207.6617,132.81053,141.95107,209.90067,328.16205,190.24437,186.22644,175.96764,297.8512,435.90305,518.3463,208.38199,265.5086,277.83945,137.18962,122.88996,196.75047,187.83575,151.55956,342.74506,300.96198,155.76344,282.23138,177.89166,64.0292,26.550379,31.86794,36.04545,156.093,93.88392,141.96886,36.568726,160.63733,351.2328,392.9161,402.05658,287.633,192.46391,209.8175,533.09375,Desktop Computer,$Whiteboard$Printer$Phone$Shredder$Google Home$Desktop Computer
568126.44,243012.48,3950.8127,4902.8086,2440.9592,514.8497,24.253716,936.5984,3998.416,2987.003,1757.9487,11930.114,61968.156,49110.996,5702.4604,1167.9249,747.3473,1051.4188,827.26227,853.68207,333.17206,470.78897,1401.6819,227.19415,893.04,1669.9034,111.797195,476.13226,426.23007,456.64127,119.46617,445.39377,850.3542,470.22498,191.78242,198.37936,1635.6473,4587.9565,2076.2605,292.8295,247.80388,159.31787,22.388334,322.6441,287.766,71.13678,101.473236,624.7471,479.71048,965.82654,486.02594,260.24423,125.32549,929.72253,557.12524,484.6646,284.2531,441.10104,448.90073,135.31303,237.6875,188.53387,331.81705,103.2492,348.5163,69.20752,26.596369,90.91239,277.69336,198.08139,132.38911,207.81395,35.13409,240.50566,420.41855,259.33914,123.055824,70.61089,177.18019,50.15232,126.26172,60.71251,209.82603,234.0889,327.7791,183.64348,75.75631,234.34612,257.60794,153.99812,268.89398,96.80701,101.441895,121.3836,53.399734,154.07666,198.08614,425.63068,287.02237,351.43607,140.30388,398.26144,309.65842,68.36553,214.13016,312.3592,127.159996,235.48772,255.92752,188.25897,188.49104,217.84271,213.15237,190.69316,273.06418,261.5732,106.29629,208.52576,131.38951,157.7165,223.21613,129.7994,109.002426,84.37513,158.42293,112.58421,332.88022,170.1257,93.06691,322.0361,341.7919,326.5316,311.6242,735.4211,883.7793,447.311,759.30414,162.78993,135.70337,180.86566,195.77507,203.994,171.00389,117.497,106.51891,95.00207,103.55346,64.46865,316.7573,339.42163,171.41718,638.4563,796.813,332.3161,255.51454,461.54205,310.04413,181.88528,139.04713,356.9006,95.21934,349.0248,192.10059,249.04121,331.02652,155.85165,282.2009,343.6235,221.84666,100.781006,194.24088,306.74536,357.20218,230.37009,168.57135,59.514454,83.26038,182.55666,157.22821,269.81635,205.37602,56.588703,22.19625,137.48856,66.440765,90.57544,268.28387,232.11473,250.09746,348.85583,253.206,60.91743,202.35207,103.71603,158.62148,165.25775,114.62155,109.69145,160.29738,385.3069,196.12267,331.3693,325.64914,150.23357,475.3104,953.4724,524.6482,200.8609,634.5501,471.55045,448.39005,594.52936,562.34924,251.47118,319.73804,478.35956,407.8883,207.08212,121.01259,235.62276,157.42278,74.129395,65.9303,71.683235,181.5588,184.2538,193.10356,175.16823,167.33655,102.08887,84.92661,70.32583,259.05386,144.08632,98.5297,158.5642,290.87885,100.57866,102.31764,12.505253,194.95398,129.9131,117.041954,91.85833,125.80867,115.80688,103.629654,148.23988,224.23096,266.37958,361.51825,396.71674,392.71832,599.03735,364.57538,162.36461,181.9375,Desktop Computer,$Whiteboard$Printer$Phone$Shredder$Google Home$Desktop Computer
567608.8,240355.75,4052.9917,4398.7485,920.5186,1095.7778,657.6632,3113.7512,6194.119,2733.422,707.8285,12525.691,61687.137,46850.453,4111.538,1151.8524,643.8702,489.80124,202.53503,259.38733,1407.4369,1145.3977,1130.047,521.6195,1627.5895,2294.4507,505.66705,455.66092,155.32498,138.16162,351.3075,598.2543,888.6582,364.93573,425.3705,102.89188,1634.0626,3899.7493,1706.2394,271.22528,393.2827,276.69547,522.6819,711.55176,281.361,41.44881,452.91873,447.16867,260.31653,908.511,865.67804,217.82573,641.2547,696.0188,813.90094,240.56,510.7233,584.8054,449.87997,692.91003,696.6223,404.63196,600.93945,505.74695,165.15448,216.67271,125.05408,324.8936,296.62482,183.6451,138.58855,412.3899,199.67056,215.96329,366.57098,613.2742,571.7587,410.92603,220.77156,261.1094,216.48143,110.96917,131.40758,53.669136,109.09113,291.4846,193.96599,284.9498,146.38916,115.288475,255.1826,357.144,100.86909,103.51081,203.37167,318.82162,723.65466,893.7466,538.1244,381.7574,413.85568,684.4041,503.52673,279.4945,278.08664,359.86865,702.6135,424.71695,141.68057,173.82166,348.94186,260.0147,166.60129,249.65808,265.58438,364.09293,93.696686,263.2177,327.15027,413.92645,300.15234,142.99881,413.91333,254.70653,291.47278,189.60042,366.33,255.75339,414.8041,247.92897,202.5236,251.24428,370.7998,972.8017,1323.8588,275.6365,541.33307,205.73323,147.41507,454.0606,381.53546,198.03821,308.85126,79.68844,160.4185,148.49783,144.1287,148.79955,448.4366,355.39505,391.13303,542.1573,527.8625,581.7352,763.42883,322.28906,209.57613,330.44476,182.7105,390.25928,582.41034,294.32938,150.90187,147.47998,93.450264,69.252,59.357433,177.75525,348.91577,248.36743,184.19121,297.02728,269.44324,203.2255,238.13316,196.65085,197.0653,395.43506,281.66022,278.73227,121.91614,119.39013,230.18478,165.04817,9.032166,128.9468,193.82465,235.79079,23.787909,303.32733,427.1633,359.0494,315.24637,125.88864,63.81163,118.95998,97.24451,186.04805,234.35744,224.17757,157.02386,406.854,256.58148,306.05902,651.8623,612.04443,361.8915,1305.9738,764.1758,288.3667,85.183784,234.83241,185.19902,116.38106,148.2727,43.432224,150.45584,104.11443,245.60226,191.09431,171.51106,300.54333,327.26694,171.35635,123.65064,237.36372,243.95168,95.95949,340.17972,321.58118,230.32097,272.55914,392.31284,292.37167,98.24111,261.16602,223.61548,233.36037,173.84624,233.489,124.88425,146.421,209.88126,236.60681,95.464645,163.8833,147.13724,258.60077,85.86242,295.66147,480.09482,456.01205,541.1771,408.20273,381.73428,521.0257,64.6875,Desktop Computer,$Whiteboard$Printer$Phone$Shredder$Google Home$Desktop Computer
567605.9,242419.12,3643.947,5164.562,2695.6584,1763.8462,1054.4718,2229.7156,3451.8147,2753.8428,1979.7878,13074.531,61423.684,47823.25,5374.8066,2020.9362,954.1501,291.61066,1538.0155,648.3052,1536.0629,558.1281,553.82733,478.3029,1517.7319,1980.6545,468.96207,371.9805,229.75899,90.83867,405.50162,295.42526,749.17865,485.12335,276.266,141.77534,1795.8351,4504.653,2108.2725,211.90111,364.79565,409.4319,288.3816,323.30292,677.13184,69.59036,178.88216,421.8249,182.40407,568.4818,524.5318,279.66284,446.47134,520.9388,816.4708,335.1756,271.0481,213.63895,152.0903,303.47006,953.58624,1226.3464,664.45154,173.35095,220.54364,231.1019,20.770027,233.2858,412.1898,19.491352,28.643581,76.48452,318.58795,516.99493,580.32104,199.73589,179.08434,289.40707,230.60063,145.43408,240.40802,68.49571,116.62277,109.77223,111.2494,276.68854,131.99112,130.09392,65.5669,67.142296,245.37994,241.97554,100.69774,249.86493,302.24365,87.796234,226.42598,69.42991,338.5646,184.95273,739.87354,372.1246,230.75949,330.61044,128.14656,332.23187,385.41876,364.4388,200.96486,157.5574,148.06477,329.22623,305.06342,266.62985,106.64388,237.8259,114.363914,316.45917,286.85013,232.69402,148.9223,188.06361,252.82843,310.2334,219.21416,373.41272,285.63666,247.40897,299.94138,266.23834,242.55373,270.9715,208.91905,748.5573,1434.1937,473.13443,329.00378,437.6464,379.0306,103.27548,337.1294,179.09612,163.0439,85.47023,324.5738,269.67035,168.73825,277.22498,119.03525,163.2035,345.84155,570.3543,375.66806,685.1185,1013.47577,156.91023,133.11986,136.61125,261.0093,81.66724,229.90932,139.15985,335.12827,192.74658,200.93637,340.5942,292.72272,242.62091,261.11734,372.8496,559.00336,382.24045,243.87625,221.9637,89.883934,297.57712,211.86263,281.71292,84.96837,152.2363,282.94604,273.8958,437.61243,164.38365,131.3292,237.8103,253.04207,414.5998,259.6699,107.7101,173.33607,210.72989,169.00063,217.89755,410.39703,313.71167,193.97667,254.46576,249.98645,25.129555,177.58902,490.52032,583.735,256.94992,739.01044,1014.92126,313.91525,1125.7472,1133.9303,585.6821,154.9742,194.79178,142.77698,239.55609,325.84476,115.893745,51.7003,196.31735,156.44667,99.28756,279.64374,316.83197,152.57349,176.54088,92.99483,204.8389,205.31012,158.73743,160.48633,267.6587,182.73395,26.059437,159.56914,207.1599,45.774174,517.04926,673.63257,382.67395,141.86473,187.95052,201.50471,203.74129,171.71674,128.04848,110.743805,120.2807,236.92865,410.56033,229.9831,145.86128,153.89278,266.37097,292.4898,339.13736,571.90436,22.169035,106.84375,Desktop Computer,$Whiteboard$Printer$Phone$Shredder$Google Home$Desktop Computer
568036.8,243355.5,4445.733,3969.15,3228.2131,3839.8225,2694.8105,3010.524,3255.7747,2345.495,1734.9935,12876.229,60046.473,46930.72,3478.852,1123.8116,1115.6804,776.1379,1383.8484,575.5571,789.6763,559.331,765.9064,1030.0177,1319.0405,2105.1074,1868.0264,312.27228,355.06354,924.4754,882.0084,390.43176,667.839,83.92625,57.503826,741.42804,1860.8147,4635.151,2276.8303,603.36523,798.79144,716.6124,425.36783,980.3106,635.3826,460.87054,107.601006,104.85754,228.64255,1251.9523,926.02155,364.26355,571.6601,615.2918,256.71066,960.30365,820.0709,614.8812,416.16965,710.7254,576.3492,158.80806,564.48175,353.67096,416.15088,373.72134,559.65826,333.99408,579.64185,491.8211,573.9651,300.47604,388.61942,335.28375,808.13306,648.4251,696.26056,407.77896,444.45862,200.8259,230.23303,192.75934,146.17754,252.40219,119.71287,213.16573,307.846,182.1765,90.8134,117.16254,234.9999,281.68518,338.13263,452.7545,485.61365,358.34445,593.0426,236.51187,136.80756,736.3609,368.91638,381.87347,591.7946,159.92699,58.721424,220.1783,395.1715,699.1496,636.0179,683.9511,218.54135,182.26985,341.16824,218.2386,244.48509,260.03018,337.6964,209.52986,156.49089,143.1222,115.278625,69.59782,180.33604,179.06932,273.1187,206.60126,228.05923,129.99399,93.77672,230.11964,298.63193,292.7133,506.4799,674.9684,991.2332,66.941376,318.58856,270.9435,73.55483,143.76637,89.08411,303.07443,269.8729,273.1912,166.52538,275.56903,289.79016,175.50632,46.61472,260.2737,395.73477,590.4697,465.46548,524.9819,865.3135,367.46976,223.34875,513.9446,262.36542,346.09714,191.5258,143.96112,133.39734,341.96173,251.3596,166.61563,331.891,251.66394,427.30872,127.39588,549.2493,532.66266,285.2754,192.66597,308.21945,179.93976,176.90572,48.23426,57.11182,194.63638,75.06166,153.1234,264.20508,206.90375,142.12685,299.70035,369.73938,253.61787,262.99707,153.94234,51.085716,157.49942,301.1009,489.04742,508.92523,575.8789,236.03552,81.74947,129.9436,149.01263,301.70285,430.5746,362.75323,233.56953,226.61002,517.8041,792.8719,982.3825,680.5965,486.41742,404.3241,349.39392,259.55783,394.54907,366.81168,221.78494,320.22934,139.66016,140.53426,129.77951,170.1148,190.64343,325.29807,259.66458,40.140945,60.260345,131.9091,242.67479,301.72757,235.68703,40.523155,136.44519,64.11762,292.16745,229.3208,48.83287,218.98547,328.5409,176.9134,357.24213,203.39777,24.01681,169.96777,285.93124,213.58504,166.60832,203.42401,270.9368,137.29796,128.51869,28.357216,118.74931,256.79935,747.87427,574.10406,100.04567,149.75,Desktop Computer,$Whiteboard$Printer$Phone$Shredder$Google Home$Desktop Computer
568345.75,243250.42,3567.3872,6263.479,3411.5562,830.2433,249.51094,679.7472,2355.1506,1621.6204,2672.0542,14087.308,62015.586,47349.746,3857.1304,681.2448,522.52936,1461.0405,964.5942,1119.4457,485.31473,1268.7972,545.6612,488.5201,1711.9589,1753.4827,648.7547,390.5073,569.85126,355.99628,323.9635,100.48218,684.46234,333.34598,522.2478,563.54535,1938.5703,4345.536,1882.0203,704.87164,655.6689,557.9106,476.02563,612.26843,795.1917,575.8345,528.20886,342.9102,69.76949,693.16284,608.1619,476.8977,876.09094,543.1888,375.69373,613.8581,691.8611,473.86218,415.98874,643.47015,72.619,375.37228,511.9212,325.0988,273.00815,276.68674,161.73083,376.03094,185.5149,187.42749,92.24311,42.295906,269.77777,153.23778,250.63478,154.01335,312.71225,28.143862,112.645805,93.04603,155.0351,343.75165,277.77213,128.46571,137.37923,197.92168,336.9079,643.3358,463.18054,310.84906,78.792145,137.5198,291.55624,449.61035,575.10077,546.6257,545.70264,308.82666,288.37534,56.51636,770.3742,572.16547,348.0223,214.16591,174.33209,244.4381,262.44238,585.80444,473.83182,336.1048,280.54224,301.7135,74.664604,300.09567,217.02599,270.5664,466.5204,222.83376,89.65843,204.07103,127.250565,107.387726,197.4549,180.38786,25.85364,168.80582,134.33951,153.65746,321.28806,341.09708,290.2214,268.56674,517.64465,658.3098,894.36456,212.49933,682.54236,481.84824,447.27487,441.03354,249.39494,190.63992,56.423378,228.87404,338.3289,60.55396,150.57065,196.23904,305.5455,292.10666,64.50592,254.08543,895.9657,916.47253,135.23297,101.95891,190.56087,259.41733,323.85022,72.27961,287.49973,110.22221,339.85553,275.9906,46.993614,78.98477,78.03107,204.36337,470.107,263.9423,209.87447,438.97632,112.657906,212.36794,289.85718,265.0423,112.24691,307.62036,410.4678,318.48813,270.15683,251.25418,388.82553,231.40808,71.594864,28.018501,163.99669,122.33604,111.04718,99.466606,107.31663,96.185684,145.36137,131.89604,167.98767,249.62997,368.24738,252.3539,272.33548,150.47504,69.46022,120.18869,380.27472,528.5828,525.3066,688.10846,217.74864,1214.8232,851.5618,568.8274,332.2623,510.60645,230.28618,217.4914,27.509527,311.9812,321.35245,218.4022,194.25992,359.6675,356.72336,110.12414,304.69867,272.55576,63.354694,248.36598,279.26132,127.38969,182.62044,203.98401,159.72406,74.70297,226.61125,229.99979,455.4768,556.9881,307.97052,318.83316,142.72623,179.68875,80.46159,227.30612,178.47833,376.28583,290.31635,178.97697,83.6583,364.40195,438.2295,230.1477,292.53036,284.42734,300.8077,640.8831,474.91638,319.11575,615.625,Desktop Computer,$Whiteboard$Printer$Phone$Shredder$Google Home$Desktop Computer
567552.25,242418.42,4021.4631,4536.513,2716.1636,2987.8525,2575.4587,3369.5747,4043.3032,2441.6562,79.40099,11934.543,61932.574,48860.37,5213.6797,1870.6498,1334.1068,1439.3353,419.04187,355.24634,538.1193,690.32025,868.1926,937.56824,1806.3547,2484.3745,594.34753,380.5594,416.31052,482.6881,205.87764,588.8756,651.2197,524.0476,379.8672,397.7158,1872.5966,4560.8135,2194.282,118.662384,468.57697,353.63446,391.46216,723.2586,62.397507,205.84462,414.96478,211.0699,80.5328,814.3056,413.87637,122.902664,360.79623,607.7894,949.2196,668.7938,489.13297,485.85934,527.6671,242.65225,365.4536,375.85358,486.55084,214.95059,236.80031,353.69855,242.13956,71.71812,221.57922,158.98854,137.18921,376.35916,140.38272,258.67838,479.05447,374.56433,257.4789,459.48907,247.23529,268.85196,252.23685,56.525257,114.71255,84.53275,78.177605,101.76747,275.09998,223.95067,25.692928,48.308117,216.7822,319.4993,432.06808,432.2026,291.377,227.93515,375.37585,535.8727,252.20648,583.29016,548.0999,209.16855,365.2316,197.75877,298.72583,386.058,269.69077,267.22003,365.97015,227.88158,62.069286,75.90167,373.59546,434.73254,327.3843,349.41623,486.33942,458.38824,330.57526,182.84131,333.76453,174.6043,256.10162,112.05286,102.30128,222.8468,254.78856,147.48402,269.8198,432.58078,220.44301,278.43,510.63763,924.0274,965.96387,75.54103,578.81946,153.32028,191.47551,90.91646,106.85245,115.442375,55.685833,120.4128,420.6109,393.4022,310.6524,176.28296,349.14417,272.60995,186.89789,682.0631,594.7069,426.49594,362.5073,44.291965,44.863148,190.05821,201.59033,489.01434,487.0207,257.83612,214.89793,242.92606,144.24113,87.67175,47.56331,167.53835,198.5906,208.88567,342.62897,250.19092,102.29154,111.50659,252.29283,200.51701,213.92274,164.62181,305.35663,353.51538,413.25238,97.525345,87.81702,48.29604,120.38125,52.65981,131.44904,216.18555,281.70584,167.3942,103.85722,301.55258,383.52798,371.00397,433.4646,280.85947,417.0678,248.52817,195.05707,430.80585,543.07355,214.91124,97.08267,310.79108,479.8482,685.2696,58.488144,1028.248,283.26352,249.87448,225.52739,173.90128,342.86792,296.34915,223.26826,393.34277,391.447,423.05502,181.65599,72.64624,135.85645,109.218475,236.49176,190.70235,279.5049,267.65448,263.63855,153.67218,198.2957,216.8858,88.25738,97.4928,302.38007,322.60986,35.619225,288.70874,231.5313,252.85204,177.14394,268.84662,274.03125,287.49594,208.82709,163.10417,189.92033,54.55126,142.82378,179.21754,346.20468,130.716,642.97284,758.9226,375.82407,89.65051,58.888424,298.00262,523.53125,Desktop Computer,$Whiteboard$Printer$Phone$Shredder$Google Home$Desktop Computer
567254.5,241069.03,2295.2078,3170.8142,1665.8197,873.60693,1541.9861,2276.422,4062.2769,954.75964,3180.674,10543.197,61035.51,47916.69,4611.4185,406.4841,1151.3766,211.98033,1514.123,973.81195,310.9701,1153.3638,299.2575,668.6367,1109.3517,2100.3428,383.1168,361.05234,411.43274,451.57797,271.19638,429.94223,413.7732,212.25586,836.4658,557.2443,1736.7953,3911.5554,1412.1248,666.59265,812.44086,166.69963,300.26645,141.14098,475.90945,291.02487,408.65045,163.14355,535.9548,968.2636,1157.5026,427.5659,382.76935,592.6368,1703.3732,868.65283,111.57054,399.03302,410.6428,149.92747,116.302765,443.59705,455.80692,89.881004,129.27155,188.8214,269.6945,199.32765,189.6164,104.531136,138.51913,207.68286,318.22388,226.84642,164.5333,94.44848,200.79068,198.88196,94.92806,254.5954,79.63642,124.17491,236.88011,162.66595,44.93454,391.20346,392.51303,227.16441,113.26592,307.79367,350.50534,336.83676,200.84987,255.63968,93.94121,203.03004,505.1954,481.69028,475.46103,486.18262,417.19357,491.4397,259.05676,439.6601,166.05484,275.15393,201.0385,129.79694,674.0269,406.22888,183.25418,575.6399,421.0008,289.417,183.1535,559.22577,261.66373,250.51483,138.49426,242.13377,467.41782,228.68633,68.12406,76.279755,115.40224,340.9571,142.25124,212.27203,107.82272,117.598495,115.73783,188.00902,257.79504,559.6014,1003.0428,169.9057,445.42798,135.3896,157.96681,294.9792,341.36124,362.47375,222.758,69.89397,214.64532,144.30342,169.88254,410.58688,421.83282,213.4025,472.74826,779.7238,168.93564,197.85854,263.33032,381.5707,154.15042,261.18945,249.41148,416.7068,279.861,73.07155,339.76065,344.63467,67.4609,235.89366,135.35248,219.67978,324.63947,206.13364,131.84378,154.12132,79.558624,126.37709,262.79993,218.23878,301.9185,173.29295,126.90638,95.41189,251.13617,79.65294,148.47939,110.85594,340.0098,261.5909,105.194244,173.83403,186.2518,190.69814,93.14998,37.63609,22.399544,393.33908,332.66046,194.2857,204.73016,281.46805,187.5751,115.927414,267.12292,153.33661,341.0983,427.52252,493.6699,673.0495,480.3106,1004.373,552.02484,270.9928,503.43494,548.55725,715.34735,369.61002,289.0666,369.73273,326.6327,404.9249,380.4002,275.59927,380.38083,379.09015,344.0591,267.29105,264.98236,90.30915,74.76252,98.34998,144.56438,116.58842,181.91058,20.291979,140.88525,124.45098,123.264084,132.87721,223.34769,236.35164,253.71362,236.88367,343.48624,328.99765,188.58658,136.97067,134.41832,52.689026,232.14796,179.42567,457.40588,410.8396,517.2327,614.8087,432.74692,339.15442,300.29904,171.87408,204.625,Desktop Computer,$Whiteboard$Printer$Phone$Shredder$Google Home$Desktop Computer
567483.0,241045.62,4589.968,6774.325,697.67645,1236.3234,1638.8846,3785.906,5507.407,3140.1123,1780.4264,11917.99,61618.125,47955.223,5214.1094,806.3811,1204.781,205.60008,1313.8182,795.26166,352.24353,133.68262,514.8307,646.0765,923.23145,1949.4113,653.228,191.92993,235.102,217.77736,502.94897,381.51477,494.17514,349.43057,229.12141,208.4217,1661.9768,4092.9045,2008.3246,387.21176,258.5295,173.60246,147.9182,60.97422,204.6943,313.71887,84.09557,442.01782,573.329,998.051,498.27124,198.38855,427.04416,807.7045,752.4547,422.8303,103.22318,255.17719,24.843126,113.51902,266.00317,577.1001,495.81293,337.0121,544.71967,451.4877,124.064514,186.71967,278.29294,321.58295,195.12341,193.53752,233.90654,334.4588,329.66196,99.934845,219.4428,179.7684,154.30984,208.6413,204.5323,119.79693,143.24973,200.7943,363.09482,373.8099,97.31752,274.1391,184.19649,292.7995,348.68323,358.417,20.496536,201.18214,87.6569,263.82608,382.68542,418.3889,626.71014,371.91995,252.57945,428.37097,269.99158,386.00677,455.6629,103.15742,285.23816,253.96614,242.55013,567.35156,182.98969,127.15313,176.5797,96.752846,301.3285,289.64972,160.6666,159.64128,76.19953,197.76208,388.68515,635.7057,376.0835,103.76238,225.31255,288.839,143.92926,315.69864,361.2963,291.09042,92.09018,96.63117,56.27266,492.56946,1080.1777,101.84754,411.88403,255.8207,305.0172,245.13237,43.573128,202.59875,155.20172,85.43159,335.42123,305.5149,326.04016,234.6016,199.91287,273.59302,667.8126,762.4345,700.6851,375.9051,334.9563,87.383194,94.328476,355.7565,361.3132,437.3158,262.33884,86.55221,281.61508,127.33486,99.80418,133.26305,393.02258,148.55927,16.999224,163.0359,96.77664,130.91505,119.87672,120.042206,93.436516,75.57118,233.8512,153.20514,140.31299,222.80106,214.40994,211.93729,143.00912,159.7401,355.41382,204.1406,125.344444,89.08807,177.47325,294.9895,101.53011,96.89945,123.79827,130.21718,144.17374,193.14088,91.00595,229.63675,290.4795,151.11722,217.67926,328.69843,181.67068,530.7377,959.09344,1084.4276,314.2294,791.3188,297.1683,212.53787,262.96933,317.6015,211.48247,480.2882,580.82074,412.29996,320.476,172.14767,122.266884,100.377945,165.04742,96.96755,187.7214,226.64415,168.61148,172.75919,167.34622,77.764465,209.65085,152.79344,275.76498,120.06657,222.10457,306.06738,157.89922,268.50397,107.74799,69.76309,159.55374,187.28122,246.34877,365.5098,191.01309,73.683945,276.55417,352.03546,229.1244,347.5982,467.02866,251.77394,156.77426,209.79114,171.03418,148.53148,210.85129,314.16736,49.875,Desktop Computer,$Whiteboard$Printer$Phone$Shredder$Google Home$Desktop Computer
568173.5,241861.22,3218.2341,3143.6008,4570.8784,3798.922,1988.9828,3848.9822,4930.493,2684.5134,1881.7914,13338.373,61153.02,45984.082,3257.43,2724.3184,1772.3795,325.49475,856.4981,903.6238,407.23618,1284.2129,1070.7313,1010.3437,2009.1384,2111.0618,884.727,118.07956,389.68335,519.2082,361.17648,185.70735,924.29,569.7448,469.3714,163.55489,1427.7664,4085.9636,1867.3392,579.746,351.8952,217.74057,260.21176,120.430855,129.14626,108.79834,388.27554,116.947655,261.45215,708.76044,1009.73193,486.91748,177.94112,35.271088,602.9452,1157.964,548.234,237.36775,574.2289,423.24936,327.9172,384.77795,585.4207,540.845,492.45142,166.87842,384.8156,212.44748,54.17845,176.93375,136.48215,220.07188,412.1184,327.898,399.55255,35.166122,122.583496,260.2293,191.00903,125.83091,340.79416,147.04492,88.80998,69.963234,145.48279,255.50192,475.52725,115.36275,199.20517,49.278427,98.12142,238.54176,230.35905,157.81242,146.0141,510.074,346.26035,353.1108,438.3632,210.6561,312.6688,407.48367,130.8725,234.50687,199.77621,73.17292,68.523,124.07741,275.53806,231.00978,171.0338,250.87466,189.40056,151.59225,449.75995,427.4703,296.43182,221.03908,221.78033,182.24776,180.35722,448.751,146.35431,147.1903,190.40213,303.93585,286.72827,118.766426,90.46905,143.87715,393.40454,572.0711,730.7623,1144.1832,1425.7303,473.8685,507.50803,156.60986,145.8362,198.80688,143.33754,167.39543,282.7909,199.97087,194.71568,207.66591,192.68765,304.6667,243.37024,464.3762,613.18396,263.16943,545.9898,724.43964,420.36786,124.348434,340.75208,451.57156,239.27583,305.4253,373.5687,63.987076,372.00302,478.58835,314.788,317.5768,164.48517,233.30357,151.88881,125.3701,297.01514,91.69263,233.06273,239.00026,406.98462,364.68365,488.72763,427.2589,202.94441,154.65555,61.21389,169.22072,276.05713,251.45396,146.82143,348.88712,201.29735,138.94153,169.29494,100.07053,214.88802,94.62703,238.62967,308.07144,209.10132,188.25621,176.05539,211.67465,248.83734,137.12685,318.89822,213.47493,148.64445,183.62733,337.55267,546.6942,515.56366,750.80347,696.394,490.46588,400.69196,562.0056,273.4312,101.1038,322.13678,354.67142,276.7143,318.45523,378.3437,372.98553,342.45496,215.49162,92.96279,33.058846,109.54793,190.27708,247.4524,109.92216,131.83484,213.43909,165.23332,265.47452,264.01266,187.94955,272.39938,329.27313,41.195255,46.916805,15.015659,13.192401,117.35731,332.6281,369.39514,212.37059,168.53287,112.55011,402.75204,469.8284,443.82877,362.31168,136.61792,84.23448,424.45535,327.91943,87.230774,162.37599,208.90625,Desktop Computer,$Whiteboard$Printer$Phone$Shredder$Google Home$Desktop Computer
567942.94,242352.17,1477.4229,2198.382,1444.5011,1446.3351,2404.7957,1753.027,3176.2046,3362.0332,1734.159,14123.882,62936.984,49554.64,4143.915,773.865,497.45013,1138.9681,610.6769,759.841,782.4796,915.88043,968.0941,727.08954,1046.8297,1464.6952,728.11957,345.55658,423.71057,174.23505,245.52461,1188.1101,698.5132,334.5049,432.5926,335.11926,1845.767,4213.0884,2217.4814,93.58076,200.4557,319.4018,226.92653,170.0604,148.46501,466.01215,372.42,50.303112,100.31276,794.9718,410.19308,414.592,248.2203,954.0311,896.1978,344.29376,346.24457,189.8727,323.45367,259.00885,266.9774,471.6132,801.5156,106.24922,181.49779,127.92178,198.80447,219.6437,295.24014,304.43448,357.96405,288.2119,347.29645,78.81275,528.49286,244.5032,134.25905,84.105934,379.6591,151.89993,359.78528,269.0237,371.0442,285.39948,316.3652,178.79968,290.4295,109.62166,70.755226,137.38792,45.167065,321.31815,302.48602,338.4072,85.30491,454.62088,637.2154,445.20602,812.0073,723.3355,448.96176,423.9175,345.47437,99.82937,191.39209,360.20148,536.31384,490.7462,223.71661,477.82642,782.4984,869.22437,839.8379,458.43954,559.9936,243.33281,411.4236,206.2171,282.29675,108.308235,248.76009,379.01715,322.70273,225.9321,277.87985,444.2586,461.4245,281.87177,312.46973,345.652,453.81113,409.03354,537.9426,757.38983,1372.5161,629.9746,286.4024,265.19067,300.90216,138.60533,121.74022,283.39474,418.1147,180.29355,379.78424,408.63434,33.183697,93.16168,298.1651,489.04144,210.45018,376.27576,999.2632,640.2009,48.48032,141.61603,229.29922,89.18412,253.85168,163.48401,586.26074,458.1969,222.85716,213.89203,301.49396,348.88815,164.55884,439.7889,185.08849,149.3019,259.43292,285.5453,238.46313,243.40218,436.38132,215.06123,217.12483,112.66761,241.08298,224.24066,249.90741,262.0945,210.81815,374.7448,277.9871,142.10352,178.46129,109.69514,167.80858,67.571526,70.45617,90.89707,109.13086,250.9203,241.91634,332.161,330.96002,179.49944,181.93654,109.903755,165.03528,124.696266,177.40031,91.12963,163.31343,719.21423,594.73566,680.3377,947.0952,608.01904,572.73975,690.64655,835.45984,466.61642,431.58255,190.18262,172.2237,404.14636,659.362,462.48993,259.55075,113.97392,255.22304,225.9503,218.93022,215.28502,234.24994,189.19987,125.6709,374.37585,250.4577,67.84719,47.161125,176.74828,53.630238,88.52528,268.75552,312.02032,147.2288,85.711266,89.42988,87.46549,189.8941,20.950914,76.90459,87.116806,255.77911,238.43298,360.14014,459.7524,781.6413,787.8177,279.2323,453.64316,327.7532,291.7075,75.4375,Desktop Computer,$Whiteboard$Printer$Phone$Shredder$Google Home$Desktop Computer
567382.5,242395.27,3249.2966,3501.574,1955.2332,593.91656,294.07983,2017.84,3179.1946,2242.0854,2525.5627,12813.154,62627.555,48488.996,4356.892,1173.8887,913.7444,928.9313,390.60565,1043.7749,420.61154,1459.4436,568.9914,348.08212,1825.5577,2192.0854,372.67032,140.93704,541.9333,981.3064,528.04663,271.4413,831.5559,492.20935,304.62787,119.27523,1713.3148,4505.345,2284.477,258.07413,297.74927,412.26727,497.94244,153.9619,136.3222,218.04791,168.14693,339.2179,431.8313,543.7505,418.67703,425.6899,687.49945,1258.3683,763.3755,446.36713,345.94208,410.95792,427.31534,380.10245,448.386,676.5544,1093.0588,459.10812,66.34693,275.32028,307.89325,360.4149,137.50932,263.77832,311.3688,376.34558,44.151524,241.71387,371.99115,592.9887,455.57462,188.8874,310.233,224.82693,310.15552,365.68082,114.23602,255.01492,227.20184,175.75865,107.67853,231.17567,257.69754,273.39575,274.45178,180.12779,283.54642,317.34384,601.3775,713.9807,230.08838,265.52402,1029.8909,826.1872,336.83334,630.74774,249.8075,312.39673,106.040665,430.12256,398.461,253.38765,185.94844,214.79256,282.98773,167.37468,225.13225,92.85951,480.55392,540.8629,384.7978,130.691,348.8851,208.29173,318.91553,487.14087,239.71443,296.36203,189.45303,93.6442,200.75688,314.9159,221.24216,182.89206,153.16403,254.31036,503.86417,912.6018,975.2541,213.08195,559.87915,179.08983,269.28278,384.92224,219.59683,161.43524,257.90726,207.75388,317.41537,291.94812,199.85071,383.05914,207.57689,128.7055,88.75829,600.1836,1057.281,507.37396,247.95798,316.61273,134.47993,246.17372,123.451065,35.134926,248.81241,259.87082,166.55746,158.1096,139.38599,65.93938,100.41556,341.68616,383.5452,104.29751,97.17203,78.64491,73.97258,119.14227,34.50624,65.1195,267.50372,179.7174,233.70999,112.85621,84.42547,65.31903,129.08127,58.90232,131.05753,63.24072,100.87449,326.9074,300.8745,170.77985,162.12852,162.30486,206.41406,298.5456,265.4368,136.66539,46.4096,83.296715,278.3881,152.06473,406.88358,452.84006,193.16592,77.454575,135.14482,948.06824,883.8203,465.65155,997.22437,677.0244,564.1255,457.73764,655.98096,589.867,331.18716,100.97194,119.02321,48.997837,105.43252,92.01155,313.79266,345.60458,152.32695,69.46251,279.04727,309.84778,308.46747,111.79387,336.4598,247.89105,266.4038,169.76807,209.6814,333.68396,243.09387,164.3443,151.86748,226.75468,276.5983,212.39372,70.54574,224.67581,253.45465,55.999283,110.90568,288.11993,421.34888,477.66037,273.56256,118.92872,561.27783,455.6718,187.57784,685.8927,514.2255,234.35498,210.625,Desktop Computer,$Whiteboard$Printer$Phone$Shredder$Google Home$Desktop Computer
567692.8,242673.66,3476.6975,3279.669,1506.6152,2931.2861,2034.4746,3493.0603,6171.5615,3341.0642,2547.0762,10656.725,60275.152,47355.39,4224.093,1146.041,421.36942,1609.2559,1869.8917,2304.5068,909.2485,1006.6318,1499.1409,404.54218,1725.0835,2215.2798,521.8233,736.97125,412.47964,758.1852,445.73553,488.05722,996.452,290.4316,532.5135,440.99588,1013.0735,3806.326,1439.115,477.61356,477.34467,654.2365,306.05103,486.24463,634.94293,354.68878,351.05615,126.95366,542.1183,1721.93,1476.102,717.59235,242.79317,978.2929,1180.5236,389.93726,430.6649,427.97412,414.90823,128.03833,69.811325,583.6472,463.38266,173.70195,406.73532,241.23305,359.85834,152.76591,219.70274,217.2833,151.38931,179.8852,386.042,512.35236,555.22815,243.83755,139.99821,202.6986,226.8072,358.7073,189.3696,397.00525,391.80014,456.58713,293.7831,381.04865,333.68512,248.23079,424.60825,391.77237,393.32806,82.36667,468.4765,397.69467,536.1449,357.24585,320.65802,216.02542,798.5209,466.32104,222.71547,425.61368,425.27176,424.09634,442.4967,296.6897,199.15898,456.45523,655.8967,239.41704,194.31575,470.7144,368.20465,675.23376,437.17303,73.76398,313.9449,271.4393,43.287254,156.34221,335.6578,102.73528,354.49234,234.6571,434.4135,380.39432,199.04066,129.45897,338.0449,138.8336,328.66312,366.49326,206.65189,247.52997,746.6067,248.11719,814.22,513.5745,175.46931,303.1958,382.90387,203.91776,269.56256,256.59647,206.19818,258.34027,163.44589,196.3048,42.932167,236.25829,281.09268,693.21155,762.87964,293.60806,222.68391,207.4758,284.96573,358.19418,259.32056,325.01227,149.47552,46.520103,138.89304,248.67441,98.86865,166.64969,355.74658,340.36298,171.32999,123.23921,231.55086,271.11487,117.288765,293.13522,136.46117,112.01771,155.18233,280.1274,140.34338,75.75527,223.53603,246.85258,218.90907,451.03287,338.51892,205.04874,189.18848,347.8069,259.17712,321.05988,433.27106,441.20505,281.28458,246.68825,48.35479,51.325417,360.99115,399.01505,305.53122,253.51797,186.40631,403.4276,228.74382,528.8669,766.7114,1017.6103,122.68115,841.9841,575.8411,518.06635,445.7556,383.39935,461.77393,288.0994,145.68423,69.667336,201.44028,357.32614,269.19397,130.26428,182.04236,207.1466,82.7678,110.71203,220.14207,241.74348,283.33176,305.7313,35.56859,94.48004,138.4526,141.59059,189.06735,186.67839,92.240524,212.14256,182.40443,242.89352,38.094715,232.7517,403.72644,180.68013,122.50979,292.56436,131.08234,17.932402,74.75918,47.267517,119.0627,278.74753,376.15417,359.58438,5.855951,426.15225,285.88916,222.57372,183.375,Desktop Computer,$Whiteboard$Printer$Phone$Shredder$Google Home$Desktop Computer
568199.3,241923.97,2658.5598,7840.259,5643.6934,1357.9373,1408.6196,994.3092,4401.717,1876.089,4002.8787,10185.3545,60527.36,47237.617,3854.9531,1269.3267,820.4566,1034.1062,841.2213,1066.9132,537.5613,1424.7289,962.28827,135.05269,541.0142,1899.541,379.63223,118.65069,622.4171,859.3898,978.1398,419.35504,500.3309,513.30566,390.34656,647.33655,1714.1749,3708.7678,1840.7046,241.71811,312.83853,266.52542,73.81816,252.32024,146.22488,676.4992,461.3911,488.99878,164.7294,925.35815,871.76306,514.8469,943.35077,650.714,200.82042,532.0029,146.21417,314.73056,71.3027,242.43942,108.20862,203.2072,408.55756,53.78488,280.60382,176.57285,332.01578,51.957027,69.72886,296.13638,103.3599,148.07751,107.443375,351.32486,678.6487,373.2108,304.22137,348.66623,67.23542,168.9781,208.72981,340.4579,315.9966,271.75006,173.7016,260.95224,103.032875,224.48418,135.87239,423.89435,259.44516,433.36432,114.78375,108.21346,198.1543,150.25542,74.91761,314.45032,347.65833,539.7118,1022.76666,933.7932,785.31555,576.8663,168.99298,276.07004,431.79446,744.7382,479.25763,105.96727,404.83536,574.7521,466.87607,298.09634,99.84402,184.4462,313.913,215.86256,397.18625,232.7222,273.19247,83.91865,94.71095,254.11873,454.24185,175.41025,44.804577,134.12152,343.8689,255.28833,437.07642,361.18982,444.0335,760.6081,998.45966,69.35466,331.01083,190.47748,262.643,166.4787,357.52835,339.74652,119.26014,349.0703,351.11124,283.8504,75.133316,211.89555,268.62802,121.66284,110.331955,120.293205,625.1478,655.67505,219.25188,25.666618,236.39238,282.22205,115.13674,79.04312,224.3862,144.4428,54.977737,176.0641,214.3976,111.127014,154.59293,279.4509,193.43088,317.26233,451.20285,510.84525,302.04623,87.62513,232.88487,348.72247,85.483475,122.23309,179.46936,169.98123,113.74629,251.13626,30.99992,96.012886,321.8994,451.55588,368.6751,424.81845,415.51468,426.89432,377.64874,344.61902,348.76733,217.90608,164.97884,296.611,507.8413,256.0114,212.69249,205.67308,305.41162,478.72,695.89624,717.9576,622.10114,884.16437,185.4899,745.38403,137.25462,141.56947,182.64743,249.96129,259.58698,226.90468,343.30557,435.95917,403.76935,446.1461,444.40207,181.17738,137.66748,169.7129,193.1081,221.41893,205.08546,280.62628,262.0313,246.96136,125.5005,283.63556,211.13486,160.10785,232.3678,447.94962,256.53366,76.67087,275.94308,294.4337,244.17705,208.74883,74.73024,77.65788,35.597256,155.39929,32.745296,200.1768,130.68974,170.36546,144.37558,161.84924,422.25455,177.78725,578.35077,953.098,671.4611,310.63385,157.0625,Desktop Computer,$Whiteboard$Printer$Phone$Shredder$Google Home$Desktop Computer
567902.94,240997.36,3695.7087,5909.588,3917.1106,1929.487,1573.3906,3065.2625,3498.7407,2062.419,1328.0927,11751.316,61599.605,47724.875,4654.1475,904.8475,413.22885,917.12585,675.0037,860.173,1090.9003,734.25665,732.16675,410.07904,2257.616,2398.7336,755.92596,82.05227,551.3279,204.67291,252.49855,670.727,801.68884,195.24413,79.80365,296.09738,1685.0673,4310.894,2067.3682,228.68605,208.25642,140.03445,53.61661,122.71284,244.91269,329.65567,254.76866,347.43832,277.6285,689.2316,782.90314,395.59296,554.23444,678.151,456.49728,330.2465,197.99677,299.52386,100.042015,323.01288,187.03467,389.18,410.46564,144.9958,252.30867,256.01413,274.43124,148.57399,62.13292,147.34334,232.9545,130.01343,327.34348,592.4553,651.09503,289.8985,315.5315,344.4849,67.3597,210.7136,326.0175,128.49437,164.21396,298.82843,260.23642,90.10693,219.34464,313.53168,485.76694,372.21884,326.04208,88.505646,84.88956,118.78011,109.200165,166.99275,101.50981,391.57013,270.68756,129.96661,279.25958,329.34976,254.4088,343.17444,172.97379,298.2405,72.46428,287.5548,351.339,315.249,191.75696,442.465,195.29622,274.82703,381.64474,169.89088,301.53622,293.13016,183.84564,96.36029,157.93893,175.29022,105.12395,280.28732,403.7982,102.65501,25.164064,84.933395,230.61545,246.29037,196.06133,363.38797,443.64948,902.11,1422.6365,295.94345,635.1642,436.28177,143.82828,210.52214,180.15776,143.03712,212.92049,120.96523,275.5342,223.21863,243.90002,379.2762,371.81522,318.4684,453.41318,862.96,789.59265,472.10922,515.0541,340.9613,181.24507,332.90524,101.9842,109.80302,153.17268,194.06024,254.66249,339.84885,341.7917,184.45789,95.01806,139.58836,97.72069,172.48167,175.21121,259.12878,280.9233,220.27144,185.47804,309.37378,264.961,75.919975,58.7697,52.376102,127.103905,101.98059,73.55339,124.97567,96.18664,110.12204,79.4979,105.47993,239.22903,248.01009,339.6484,159.28654,235.37404,291.23193,93.29346,193.69295,170.88895,299.319,415.8411,421.60825,242.6769,266.68863,323.92297,539.1783,449.79816,443.32614,977.0415,650.78644,87.26995,112.53184,139.56001,323.5282,218.79326,144.62389,147.71986,159.16324,116.05289,223.34978,352.2825,402.55804,368.42502,292.08365,117.89252,22.942453,149.42079,301.915,314.93787,237.35938,235.55061,243.65175,85.91136,234.35188,177.1994,317.2132,273.18448,53.84865,217.95119,454.5448,272.70367,202.59517,199.47841,156.61888,268.0522,321.46347,194.84325,329.87155,322.77985,205.01561,40.382782,192.01953,291.04733,178.6336,164.26004,551.43256,390.49188,95.878746,412.8125,Desktop Computer,$Whiteboard$Printer$Phone$Shredder$Google Home$Desktop Computer
568287.2,242813.6,3116.1895,2430.214,1190.5216,1604.5192,1768.2938,1776.9916,1738.1829,807.37305,2029.5703,13511.453,61742.04,47534.938,4136.0415,1476.5216,620.6146,388.34363,926.3387,435.61377,921.1144,1543.6781,1128.6202,1277.7225,1774.528,2053.331,530.1004,395.30225,520.2464,250.82806,353.0399,568.13403,1398.6511,355.713,321.2381,280.25668,1477.0555,4515.2256,2071.2852,479.54843,204.80537,359.85492,399.83545,337.62878,438.91724,232.11165,221.7782,199.70953,193.11113,592.0775,646.54144,307.92932,517.539,803.341,911.1773,403.739,276.874,237.1182,177.0294,346.2892,571.3912,244.36906,430.69104,185.61043,335.27002,26.47331,206.24048,281.2394,403.37164,136.0098,282.32925,123.73524,159.23508,69.23258,316.96164,310.92792,65.38877,122.92733,193.83678,109.22101,260.4158,100.80637,59.51875,151.95056,212.67256,200.62523,131.83081,103.54925,245.96048,191.39325,447.98056,264.67114,158.59528,356.61484,198.10468,167.7224,527.15845,1000.57996,658.60645,318.29346,259.4168,414.20453,254.2801,228.8256,116.03591,293.71765,539.7958,306.08075,68.47696,148.45622,123.93357,548.72107,657.9774,275.83972,411.23776,236.85783,248.61661,434.287,316.975,274.99826,107.26719,187.59206,182.33427,345.8244,311.37183,108.005135,96.99023,103.938385,277.02658,230.94719,114.016495,234.10414,64.74705,700.9418,1202.8074,496.75693,507.7606,51.83414,211.88991,392.10776,210.35759,66.88911,203.86775,244.654,314.59488,180.09175,90.03812,257.5049,214.80502,351.79367,615.1524,767.6839,96.57174,462.8163,284.84283,239.16792,322.01456,198.72212,123.317116,196.49484,115.28606,138.00513,136.04434,264.78323,423.7129,429.40833,259.75537,59.569744,230.85928,221.28801,264.79962,727.62256,420.05582,283.7087,107.047134,56.44101,86.71337,310.9488,332.85297,147.64119,53.466812,162.87006,267.04788,206.48546,153.61362,50.301346,171.65259,329.33282,162.92467,140.81274,415.2016,295.33762,72.68075,184.58472,188.10065,544.50476,483.95068,184.90405,153.47136,261.20258,311.42685,350.7896,283.80447,291.73438,739.524,694.46954,457.7223,595.1316,765.3612,652.8329,292.88687,376.78244,316.36926,272.78784,176.28969,170.9561,86.10936,197.82182,215.19896,134.31976,69.65276,85.1936,58.925434,66.52346,268.74927,242.93123,250.54019,214.29471,334.68137,120.60284,114.206406,185.07939,134.20552,247.8163,183.0297,182.08575,354.41458,240.8144,164.94975,352.41016,297.32788,290.41315,75.53751,168.65553,232.57172,275.86813,55.64275,89.1693,447.56924,632.53125,531.26263,191.28833,60.08025,157.55905,327.03027,546.76227,420.3125,Desktop Computer,$Whiteboard$Printer$Phone$Shredder$Google Home$Desktop Computer
566070.75,241535.7,2316.395,2388.9392,2619.1812,4286.7983,3712.467,1900.6343,2764.46,3491.6167,1575.717,14599.553,61720.945,49086.168,4877.7275,1602.8285,1537.8013,430.08716,981.87494,1432.1582,425.35727,1368.494,1332.7567,360.16113,1771.5516,2139.3796,828.9592,584.407,137.54767,333.7935,504.21198,609.0279,971.0824,324.3972,213.8562,1063.415,1481.0636,3758.8853,1721.1864,219.37167,213.90594,264.21796,265.55145,325.03232,133.6722,460.39737,278.93954,225.23259,443.0531,869.69275,892.533,390.5657,339.90298,976.82697,664.38495,293.75137,352.229,191.55768,28.586687,388.53232,60.25861,592.1452,506.33316,94.5236,238.8334,86.49756,108.2406,153.28603,227.36536,191.93134,78.10606,93.77915,111.16044,428.79416,600.34766,571.67175,246.71336,391.8109,201.07281,173.29695,174.17912,187.91797,392.30386,225.70811,152.61823,86.76065,184.9698,363.91888,368.42615,168.2332,158.35568,147.65855,91.544556,84.618996,204.24768,320.6519,171.0011,573.3542,860.3787,428.80542,241.86716,34.698887,187.31963,69.91252,57.59464,220.47942,266.1857,379.4469,145.02841,370.17673,737.2601,515.13727,312.43912,92.76635,212.93076,350.07306,389.07086,129.3586,51.65786,79.0228,83.75091,239.47432,104.90402,273.71185,177.68134,329.1665,218.18394,299.64102,24.26307,130.89285,311.27127,381.97256,384.33383,887.44507,1353.2894,128.17445,580.54297,454.4166,148.73189,52.490795,75.43522,173.8213,70.39905,67.31484,137.2298,403.48553,127.831055,231.15219,85.731346,60.34577,227.13261,570.5179,1017.4251,291.48526,175.12369,163.05133,81.90727,180.51839,81.229965,222.63504,186.91919,159.04915,146.83322,252.57483,324.69125,273.5539,157.22202,28.631573,127.59479,104.382095,264.8045,101.739555,202.68654,173.51622,219.05164,70.53471,190.46385,103.7015,89.103905,131.35396,174.1024,80.891594,120.831825,204.18027,226.93315,139.47058,129.97592,161.08685,129.44807,87.23978,170.31763,103.34847,218.55492,118.90376,160.47685,270.02048,398.83835,395.56616,140.00282,309.45117,172.83441,163.42972,46.95419,367.95767,800.1553,640.15625,387.79803,339.98712,934.92255,833.58453,99.1528,92.54309,124.03038,362.44162,221.69025,218.94525,197.30763,101.90256,95.267334,227.04665,151.16096,159.03183,147.26508,295.95654,269.1263,80.86618,235.59464,195.37524,393.63837,357.1288,204.2718,63.011974,228.2419,233.50331,103.05313,200.29903,62.95281,139.29324,176.44458,267.57956,281.35254,279.82498,314.05814,99.7783,287.30014,396.30905,132.65584,191.52325,163.56345,545.08966,695.039,316.80225,179.22266,344.6067,238.03975,363.64148,482.4375,Desktop Computer,$Whiteboard$Printer$Phone$Shredder$Google Home$Desktop Computer
567239.5,242735.47,2761.8318,4390.584,3347.6765,1771.5042,1344.7479,1982.3436,2276.7537,1365.6671,2858.398,14392.384,61271.45,45551.383,3702.2537,2158.5278,1453.9557,1447.9451,1024.249,612.72284,797.2603,907.41223,562.16595,90.266464,1513.6655,1976.1196,604.0776,502.80734,230.52985,486.15625,758.3517,435.4299,639.4473,788.5736,685.3881,465.60608,1432.076,4076.0889,2010.7333,255.20065,206.74275,303.89935,357.02676,160.75124,246.25087,515.56287,719.04376,348.32922,350.3927,1086.0371,478.66318,252.41083,720.9131,1155.5144,501.2484,362.559,314.40356,326.59357,371.23193,232.88046,146.01793,506.04398,771.9753,320.1003,106.538124,223.55615,406.75995,172.74739,180.26306,215.68782,122.58235,147.75386,176.02945,275.19226,602.5787,315.9498,172.98462,7.6290116,175.79063,144.39587,77.87716,242.84718,129.68306,224.9785,273.88123,232.58817,168.41396,100.54043,206.73738,91.252365,209.5772,188.5556,7.2501216,322.70197,203.78876,128.35326,321.90103,137.80965,849.77484,1065.7147,576.69464,183.42493,207.478,167.03894,314.39825,420.18576,463.76257,146.8727,217.16353,238.40599,260.28055,156.62202,180.58365,126.35927,137.87793,266.22952,102.5891,156.23131,95.61207,103.65762,119.32434,291.951,313.47165,92.63488,131.6887,244.03625,241.35197,100.75719,214.27684,283.65018,205.89912,353.7283,457.28067,799.4472,1175.8729,244.95842,484.63345,115.07346,81.05291,131.79182,138.81036,182.47282,122.67091,101.756935,135.78725,324.2878,299.39938,158.95859,145.27408,194.85999,235.49078,542.27374,864.5793,279.11514,301.8392,280.8972,58.49528,154.83116,264.95474,72.110466,121.80337,94.26432,180.58205,285.8238,139.74893,154.8918,139.31323,219.43965,167.59366,187.82114,320.5813,379.52072,258.2368,232.15007,146.45374,228.06123,365.3443,262.22156,197.64774,161.33478,50.85743,135.36104,85.35349,56.361324,333.99048,382.92056,25.288004,255.70383,114.68339,300.50162,233.40228,245.94566,276.0559,35.708855,155.68668,102.15762,311.3257,635.54156,601.71014,399.7687,437.93546,123.95198,446.19467,208.74536,722.48395,1119.5446,445.1076,495.0818,909.0482,637.4841,327.8085,296.35657,383.8946,266.31534,87.6464,331.8053,269.51706,209.27936,121.72565,129.72803,40.967342,202.06598,369.4902,314.88596,138.88046,115.94275,251.59265,267.271,131.17531,146.452,68.07414,163.8834,289.73032,447.8179,248.37227,98.24634,74.65118,229.45541,267.67566,289.6901,153.3192,359.75238,290.92615,298.6498,291.82846,194.58931,319.30685,12.622495,310.9663,270.18015,422.77258,650.2387,517.2224,85.75874,631.56696,330.48062,26.25,Desktop Computer,$Whiteboard$Printer$Phone$Shredder$Google Home$Desktop Computer
567905.56,242051.02,369.22467,1969.3676,1750.2064,2555.9272,1328.3239,982.4736,2768.7336,1227.815,2139.0422,11066.601,60751.883,48014.113,4236.2744,1729.3307,196.77255,374.03146,521.27246,798.4162,458.05844,667.14886,1044.0106,515.9127,1480.0876,2606.7603,903.632,939.2186,268.54486,585.2104,93.741,602.81995,598.6893,343.9728,93.30495,511.98523,1546.8273,4323.666,1910.156,203.08067,522.5551,239.98045,66.94213,287.9697,389.28177,190.19139,438.65805,178.1018,204.92665,845.53424,860.5934,503.96115,416.97635,734.49475,1140.6464,355.2987,33.199768,171.95544,42.523724,373.78693,216.9418,785.67255,701.0545,519.2047,234.5465,167.4792,295.7184,286.45486,162.48941,115.53456,209.96735,172.56473,238.05144,190.53494,462.20883,237.19298,57.055607,56.36955,91.64388,97.60698,133.10109,250.78435,150.69719,418.61142,245.1444,338.44,327.03098,257.9092,252.14075,315.5082,59.34734,161.03581,190.39624,87.91671,349.1835,187.91449,127.3491,520.82324,504.20282,269.89294,473.717,173.00192,82.71395,344.99582,426.47992,153.51396,529.038,326.4162,355.80524,268.91733,32.1454,196.78674,364.21274,542.9936,483.73386,290.0158,203.11404,300.13074,175.4545,163.55267,29.707699,152.32603,194.94316,201.25256,330.45212,485.17834,201.99973,220.68411,328.33124,54.28993,265.45297,244.72112,431.23218,1195.1924,1316.8488,181.33215,628.22406,446.19565,264.18988,46.885574,371.88666,312.15164,416.16226,184.16145,280.1741,143.26372,31.42789,66.74202,231.33875,192.74118,216.84103,462.02466,731.2276,386.71225,392.27737,436.45883,195.51753,177.38194,211.04771,328.7399,308.19406,44.246304,159.66449,428.54892,452.1414,267.70273,197.07137,281.0265,160.03618,390.81497,225.3624,286.9517,222.31454,128.653,209.95111,268.63696,195.91232,112.52845,143.87587,111.59362,33.16238,121.0622,207.79384,143.16649,41.51716,395.6705,172.73755,212.89758,288.42764,55.769905,59.52433,104.53357,202.93378,338.23227,50.59646,175.55022,237.63187,365.18307,271.4855,648.5361,471.8062,201.82468,162.97775,170.57294,71.815765,724.0928,666.997,359.86023,578.3613,503.995,586.8327,403.90445,389.6328,329.2097,262.44135,261.32785,227.96304,115.60267,124.609924,110.962494,165.35117,281.69772,259.20013,148.7061,371.74475,173.90923,78.075386,187.35342,312.2469,413.00128,380.9451,223.9992,236.8488,149.15271,139.80853,173.50587,103.8954,194.08794,93.5671,156.04654,232.14873,61.964314,249.61288,136.81464,308.34094,289.44644,313.19724,224.46156,457.8656,460.30475,398.53418,488.18643,199.26114,386.86465,352.74872,212.19246,192.75,Desktop Computer,$Whiteboard$Printer$Phone$Shredder$Google Home$Desktop Computer
567443.4,241990.92,3954.5696,1715.264,519.74854,2042.8683,730.61194,1384.7837,4220.0625,1622.7577,3813.648,10736.582,61179.902,47606.547,3967.4197,1176.9386,1400.0883,382.21365,962.6362,1139.9683,1353.4175,1416.0803,1333.3418,665.12317,1690.6001,2186.591,452.53268,262.58997,692.24854,652.6126,341.91373,658.0739,942.755,400.0642,380.8621,132.25145,1966.8082,4191.5522,2111.5566,101.549416,604.0202,302.7514,220.75363,222.86302,57.699776,423.74554,217.62079,103.09364,107.32722,682.8122,429.87933,117.82634,149.77596,225.7455,973.47504,486.90616,600.5624,747.5968,168.61447,253.92743,160.20566,396.78723,536.0701,257.76236,144.86842,482.48514,472.42172,184.88995,175.82422,193.42818,109.32005,73.846466,113.89901,69.73236,294.41074,77.434685,187.62784,377.8426,260.4104,370.28555,274.44608,471.29895,259.07825,121.31193,176.82195,195.13104,369.60095,69.857475,78.93797,82.146126,136.20857,60.053337,318.6917,543.6241,390.5662,461.249,213.62204,791.47253,657.0301,622.5732,224.76018,43.606045,310.34164,331.38705,336.11377,271.748,204.19199,184.49677,307.11697,330.36682,448.6619,822.76385,361.3121,214.175,233.94527,190.1808,129.38165,174.22528,192.87234,155.12064,244.30411,70.31661,94.1656,326.033,252.99738,204.37552,163.46797,430.21567,153.64207,149.57895,240.0179,231.97464,188.40663,637.70886,1211.1832,130.1504,560.6734,219.03255,335.69977,235.23352,257.33902,337.31818,390.9824,219.39769,223.84816,360.24106,106.79542,269.04596,291.9005,357.51126,293.50092,855.80566,542.61914,315.86392,307.44833,157.4427,89.34142,268.72702,142.36554,241.16472,238.0024,268.77133,223.28757,196.09897,274.48367,310.5879,272.12314,100.04873,221.86588,33.98196,247.47826,271.25287,171.42471,279.97922,253.73291,286.49323,439.2919,360.82336,263.7907,228.41245,158.19472,98.74568,215.6023,103.80525,187.02673,375.8541,222.75742,56.280907,261.76907,151.18274,168.95769,252.2235,241.40141,243.08417,340.39688,261.4322,348.82077,205.7842,436.1928,403.32843,389.27805,118.276695,159.83429,134.90407,518.95593,661.01263,644.53204,394.3473,581.4801,894.7443,724.7841,401.6159,259.58148,406.14865,299.69244,212.9141,167.51218,60.979324,176.72028,297.54898,173.28857,182.72797,45.54468,233.74696,417.1006,124.24133,127.22017,145.30179,57.640984,281.58618,120.109215,88.45047,236.55286,129.92181,131.50534,81.56576,41.96685,172.65407,329.54132,197.44426,34.426937,94.00311,160.6033,195.06108,307.08136,165.53265,100.507065,187.47977,264.10187,671.8592,626.2676,336.3522,340.9731,361.0867,306.29147,208.33838,262.84375,Desktop Computer,$Whiteboard$Printer$Phone$Shredder$Google Home$Desktop Computer
567796.7,242446.81,2362.9026,7322.294,3148.87,1532.2855,830.7991,3303.1272,5301.202,1403.5997,1388.685,10600.373,60787.195,47913.043,5027.1055,1045.7976,789.8625,589.90155,1006.9035,214.17278,232.46883,165.44957,437.7706,201.58977,1364.3636,2360.3628,1128.9576,516.6766,413.1595,541.3239,612.5564,361.75232,402.2519,455.59888,682.2933,626.25354,1479.135,4090.6018,1798.8014,176.75354,206.01392,217.55533,75.274765,234.77357,331.1577,118.47356,652.01074,494.16956,249.4424,548.1871,788.60547,77.36945,391.5483,765.5681,1147.3206,581.34906,791.6023,612.2941,365.89636,336.1025,337.46936,436.55637,668.9217,196.9515,117.40514,191.51491,265.7007,156.60603,159.31566,212.52289,101.98346,83.211914,147.24858,342.4675,526.53156,262.3332,50.768764,123.89723,29.742825,135.1011,103.09111,264.46365,164.47731,249.75093,182.62436,147.4202,185.13148,90.22099,302.4343,401.36676,283.9197,203.15683,341.41736,420.35294,352.24985,560.42926,560.18915,317.3165,434.0774,454.34665,445.857,249.38284,366.53183,350.03354,236.63567,428.23758,269.2828,197.48517,329.90018,238.70898,373.72092,575.2748,268.09723,216.49377,192.69911,260.36026,364.88098,400.30652,290.34637,237.18161,291.74048,134.34874,320.64166,358.992,129.83286,108.131935,201.4304,184.56427,372.89825,317.9409,260.76654,387.5374,415.49802,841.69366,1256.4507,283.87015,864.4421,500.7839,223.30316,166.52156,277.80453,347.28955,258.1628,110.51473,128.95396,212.82959,295.01398,429.93146,138.55486,432.2576,570.3031,746.1623,757.34607,506.8027,163.37033,330.79816,205.7312,409.112,304.72577,278.1349,417.88095,173.83603,163.96083,263.20786,239.18521,74.00588,363.34537,387.40103,159.43362,53.821228,280.28534,187.37744,101.07027,105.891785,222.89249,265.26428,206.35931,5.076178,328.1121,323.7232,247.41316,190.11803,234.15372,53.910027,89.78692,187.4227,222.8426,201.99506,55.564304,209.3042,74.70669,180.51279,386.3651,339.82935,147.18803,256.78677,285.37344,62.499775,238.07683,177.71626,212.43407,433.74988,255.69725,99.12335,425.32,760.25586,709.9975,440.76703,518.23303,180.47142,431.5275,480.0366,426.0874,219.29938,252.88278,351.35242,322.11493,331.63028,130.70047,276.4656,292.56253,263.273,453.30945,429.0136,379.03186,187.53487,105.75586,139.72617,206.2422,215.24754,283.40018,249.88968,88.93415,105.32971,149.80998,171.45818,167.35728,176.2026,137.5439,171.9959,121.022026,114.818596,270.27557,397.92465,311.58322,87.651115,238.16954,90.56359,331.4821,551.16064,732.9484,373.3697,114.14396,502.941,668.114,300.93256,51.6875,Desktop Computer,$Whiteboard$Printer$Phone$Shredder$Google Home$Desktop Computer
567986.44,242082.62,4092.2253,4329.0874,2139.2402,1585.5092,2101.7017,2708.9539,5859.0674,4535.0557,3414.3865,14010.846,61474.09,47636.863,3632.6445,1761.8385,1699.1782,1063.7786,633.0132,621.68665,615.0955,977.03326,602.9016,863.88855,1495.167,1397.5387,333.05756,585.0479,149.79916,687.97174,477.26828,483.47833,524.43,208.8376,625.74567,305.81882,1447.6908,4055.485,1871.1771,282.10202,28.805437,481.734,405.3476,347.27454,565.25146,30.786568,415.23962,107.25027,458.88406,1335.3125,750.1325,415.082,103.88551,316.26105,811.50574,187.79636,450.63297,327.95566,464.58865,472.08438,195.65576,321.4766,378.64777,223.3178,390.24503,192.42668,434.9107,382.8005,256.18002,361.83923,406.39728,338.32776,262.83704,234.75084,196.28658,207.03067,32.466465,136.02458,148.94806,252.28273,140.51303,69.670975,483.2082,465.47153,645.0443,574.8087,216.16869,106.49134,172.62485,46.932888,89.749565,103.121346,100.32084,204.68999,485.3114,520.74786,156.85452,410.5382,372.66898,302.68073,265.34982,274.34958,141.51598,458.30457,82.37106,166.87724,131.94308,101.02692,194.3965,300.67194,309.64105,72.80807,253.97778,211.43361,239.71086,335.0376,280.47415,184.80554,235.26978,195.96683,364.10785,346.75504,154.31435,204.04115,177.62132,258.83954,273.0315,62.624325,260.00665,124.86194,121.16391,284.80542,395.50027,857.0808,813.88275,327.0439,843.643,250.05194,103.44734,22.17085,326.4394,242.56128,209.43617,184.27318,191.62503,141.27292,263.4674,341.78653,287.6874,304.9295,373.16284,787.0577,741.48126,561.72546,413.74326,127.570984,337.217,289.4509,227.9072,173.91647,226.552,122.561584,304.43665,108.37201,208.77115,116.04461,331.94165,271.29752,116.13746,298.40982,345.66196,210.2076,143.9573,64.07034,63.324203,251.46558,262.62982,218.20001,317.25784,210.27238,219.3238,54.620453,184.10869,166.25415,130.60486,233.9635,235.55287,154.75952,55.004765,308.90173,129.28165,130.95686,223.16512,222.54765,45.92892,301.6966,121.38237,177.85144,109.53305,49.857895,315.0819,187.53914,203.58754,498.76575,641.5575,836.44934,768.4669,478.75015,972.3097,814.423,634.0993,373.62497,258.6588,243.4862,147.80875,217.61015,242.87338,248.33284,190.46848,240.68222,64.797935,270.86066,389.43164,221.9673,81.100044,85.254456,54.339825,117.227776,15.400172,135.11864,265.49808,120.5405,40.069687,132.12,115.72419,281.235,420.90955,252.54346,25.866848,164.08406,221.8341,171.99834,191.43367,136.62918,172.23495,351.78406,462.46732,308.5606,203.33554,280.99533,523.969,337.39755,185.15848,184.30664,208.81464,177.09065,41.3125,Desktop Computer,$Whiteboard$Printer$Phone$Shredder$Google Home$Desktop Computer
569291.4,244925.14,3349.2188,3907.9612,1450.8953,983.5227,759.78217,2623.0376,4522.263,2676.981,398.64255,15124.481,62429.543,47138.902,3241.531,1392.897,304.37378,431.3253,912.0607,963.16205,293.81232,582.04956,1047.4507,251.13632,1840.2264,2452.8215,640.42523,742.5085,529.7676,583.88104,362.47745,749.0711,784.76996,319.00156,430.77426,349.19797,2093.9683,3915.3044,1818.341,326.40036,632.8017,390.79742,314.322,352.0815,172.75638,483.3019,131.22742,485.20108,36.040283,834.83514,1142.6147,439.20602,372.0235,419.04474,1089.1976,731.3803,131.48875,175.5844,345.21622,236.29506,100.95478,437.134,617.8463,362.46283,284.6488,326.81055,185.34181,366.15393,226.3855,88.27917,85.565636,88.91576,163.43462,176.80649,331.8607,318.43878,68.66265,231.49384,47.37117,132.41154,44.95207,108.923386,308.43057,66.12753,86.232124,298.0535,84.44537,233.24866,414.3725,181.60562,161.1456,103.849045,235.53067,162.71565,91.590546,332.67654,362.87436,491.2378,499.6514,140.22568,96.293236,97.561516,260.53384,462.40387,712.83264,649.70044,364.24802,211.07031,286.2412,293.68973,115.885025,399.85117,240.17747,233.8572,133.33147,208.27077,54.411995,53.854607,52.241512,62.66744,95.08456,157.34872,214.68217,68.76672,133.3002,168.98111,262.4382,221.2079,87.63498,93.85517,34.779724,142.02704,294.43625,575.2827,775.6678,196.76144,568.572,19.13699,160.20975,212.03787,197.5954,359.8287,463.839,511.8867,356.02518,271.19913,168.62868,167.42586,410.47403,444.7344,273.5217,593.96844,857.73413,187.63098,313.09613,51.930046,228.3036,214.7557,386.27124,297.86597,227.52776,234.70053,110.644295,156.64352,80.93256,260.61066,310.54672,198.43663,20.249502,67.525696,249.09525,260.39536,204.02733,146.23001,155.22499,108.0278,220.62474,262.83344,105.71122,80.35959,209.45412,151.10645,302.46228,206.32047,47.575966,156.81053,165.34517,244.6331,133.08405,76.8194,167.14236,67.36718,66.4814,37.09447,116.80453,254.0656,129.19107,306.60278,210.02975,53.83687,269.3035,372.51862,615.9623,635.2916,376.5094,451.22992,857.1296,357.5497,773.31036,538.4976,271.6845,66.33286,30.316914,235.5963,412.1674,319.58698,277.48785,85.80352,189.0874,319.4329,188.83076,184.13327,159.96805,56.833195,139.39055,164.66544,95.26765,81.23194,71.460335,164.09622,146.50836,141.1373,100.89757,123.7897,216.15741,166.60443,45.58151,16.85674,62.97164,171.22021,142.71529,149.17982,253.8819,169.09782,203.64558,83.4715,205.29039,75.30515,439.73608,471.9412,601.81537,208.48921,209.13794,26.070143,93.291084,357.20758,242.71875,Desktop Computer,$Whiteboard$Printer$Phone$Shredder$Google Home$Desktop Computer
565568.4,241627.8,2496.2795,1691.6168,371.22183,1755.8611,1643.0227,2370.0706,4353.1577,3144.786,2258.8948,12491.968,61533.734,47601.92,4587.681,1194.057,252.02486,806.93677,570.1918,544.83295,331.30426,1107.7212,233.2059,630.8574,2030.6461,2528.9038,407.50198,226.55862,296.68457,315.82028,252.64093,430.31287,1125.1757,325.39288,119.390656,115.605484,1433.7172,4121.84,2001.0573,176.65971,87.41529,55.121925,288.21445,323.18405,141.71352,122.22349,234.91052,335.73703,188.4374,793.2261,443.15765,610.0828,767.5387,528.7331,673.5472,757.5151,291.13696,327.32104,365.86758,279.50598,226.96915,527.6809,649.46545,206.71767,105.119545,157.9662,215.41159,318.07895,213.97902,97.67633,340.058,225.75809,187.98273,265.40366,600.04895,396.8062,260.35898,245.17857,43.934822,98.66365,168.60423,163.64603,185.33806,153.74873,107.643715,56.729237,152.9095,104.39277,146.61943,196.68642,194.06497,129.63927,65.322,186.6098,158.14853,233.56926,257.79086,288.3755,600.88696,571.61597,330.95255,293.93665,250.10883,288.5957,391.29984,221.86946,264.18973,262.3175,220.08905,183.65144,116.596214,155.37369,474.82465,376.70435,322.6446,271.21362,93.52934,259.66495,342.0765,169.67143,63.47629,67.96953,124.0477,229.8949,229.02464,134.0218,101.46261,84.46445,171.16306,444.67136,561.2596,451.28528,450.86475,617.07416,874.4364,468.52625,874.4815,588.88696,325.36124,197.75017,124.877594,130.25188,119.255875,114.3083,253.75865,129.26807,199.55585,102.99092,88.5133,216.12999,325.59174,643.1746,192.3512,607.2808,296.56342,247.15778,270.65472,87.05017,57.694782,197.02644,107.12027,90.653,73.958534,93.11183,86.76644,88.65419,233.47931,109.9952,178.51599,25.416367,214.64635,235.74083,221.19325,202.12535,61.153435,276.10544,454.64703,255.64326,173.93573,58.833782,153.83257,214.29199,361.0224,362.87653,366.36325,318.73734,199.26183,91.78549,136.76463,55.487206,130.31543,207.80963,102.0568,186.30444,286.23938,103.52265,64.466805,179.5,89.24375,8.50141,125.51522,316.4147,204.97333,217.72083,299.3198,816.2253,886.2239,398.05966,1063.3486,510.66687,105.74524,222.84825,279.8493,450.42798,383.53622,32.73025,152.36249,229.29347,148.39029,98.74776,216.25694,235.3975,204.12953,169.75945,227.19582,291.60907,304.19843,166.75688,160.78004,119.589096,280.5506,276.07455,260.6985,65.50703,44.51197,108.026306,161.3375,204.6295,187.9044,165.82811,185.7865,69.50484,151.19319,110.59816,14.177647,207.7061,223.0588,257.79593,229.91908,221.64592,183.56279,425.92914,456.10623,113.061874,176.78926,184.74916,142.96875,Desktop Computer,$Whiteboard$Printer$Phone$Shredder$Google Home$Desktop Computer
567438.2,242878.61,4223.934,4918.6523,1885.4719,2045.8323,1578.9576,561.5423,3457.055,1827.226,2163.3794,11398.192,62183.113,49402.26,4669.989,1239.3219,883.60626,1409.4779,1258.8595,1371.956,838.66327,1364.5122,1637.6301,646.8822,1451.9114,2165.519,144.32552,219.93546,502.25717,259.75427,300.54132,567.0803,752.0997,138.15025,477.31787,184.28535,1748.7235,4520.688,2024.1251,428.877,160.6856,407.73462,237.86322,163.07523,416.33517,499.3335,363.55695,335.48453,536.09784,428.583,349.8305,598.1987,518.2191,1232.5177,487.3713,162.70367,202.2916,313.3949,169.15872,159.66101,104.95641,523.81366,803.66437,268.4384,161.10556,7.823502,157.85393,127.8956,120.23394,174.66124,508.38898,232.96825,144.88477,308.6355,554.68445,251.73476,346.59094,540.801,258.4822,248.09048,69.68882,136.54924,243.53978,166.60991,255.38815,70.44994,145.97263,155.02074,134.60764,98.18525,162.8834,79.84156,77.252594,59.632732,275.7314,155.47025,194.57065,493.8687,836.5789,710.0233,418.60303,392.26242,328.23822,191.40002,522.5945,484.66437,453.065,179.17393,167.84348,173.07767,225.81125,150.50807,242.72331,413.02066,208.21632,344.9135,273.5929,130.93385,200.79512,219.49562,222.12764,82.737175,128.65887,177.85466,96.6075,105.59082,161.48912,82.51869,78.25176,36.555023,359.74973,295.25848,366.46036,788.58673,1073.7806,144.7436,458.45755,249.74945,326.48782,272.96027,266.01016,67.167755,61.861195,200.61311,117.37575,346.53818,272.34564,170.24002,208.45244,317.6503,257.2233,765.36725,457.5436,97.79438,191.08661,76.07243,386.2084,533.06396,182.72832,62.278988,94.1561,250.40828,132.44434,46.175213,263.66513,274.89023,270.54776,212.66957,336.67712,148.35,150.2996,248.32164,239.77325,204.615,112.49462,147.75778,113.7342,215.92032,170.08067,26.539774,107.1158,70.59874,72.06201,102.00747,39.48731,167.6015,224.0034,205.81314,249.97066,192.7158,305.59515,154.37839,126.877975,398.3207,206.62221,190.75075,189.92291,79.01615,150.55237,157.40428,190.2907,20.10279,300.4973,665.46655,1104.0073,744.64307,135.20528,625.10785,275.99823,677.87085,661.91406,293.93277,155.01273,294.17242,271.329,253.91794,212.05551,240.57059,101.38912,189.23567,184.78767,366.37616,297.5257,254.8452,55.326946,298.0143,57.676395,272.12848,194.60085,229.05797,129.47438,185.13893,34.266907,191.85977,217.40936,251.74327,218.6644,165.42714,58.23518,92.97419,106.62675,222.75366,337.21613,331.82864,389.74118,392.90463,291.62415,104.697075,275.17288,336.06253,220.97552,93.71003,363.59058,317.72836,142.84401,509.30862,709.9375,Desktop Computer,$Whiteboard$Printer$Phone$Shredder$Google Home$Desktop Computer
567852.6,241930.31,4170.0327,5809.292,2998.77,2478.6492,1948.8136,1721.312,4769.617,1067.0009,3857.2842,10130.312,61812.746,47655.8,3391.833,1767.3564,1429.6552,655.60065,1508.169,321.10443,459.2998,1571.5186,1369.1135,354.2651,1492.7157,2463.1145,754.389,486.5697,460.30917,138.55254,285.8584,675.2014,744.0054,306.93677,523.44165,294.25348,2107.0732,4351.4834,2031.6553,97.622,289.83685,293.15875,393.2112,129.10378,246.50287,70.04899,373.70895,346.87814,203.97673,882.12885,567.0982,50.44519,661.3542,956.0248,147.6737,629.26984,203.89934,164.74924,254.34862,228.25945,297.59015,379.21002,584.94226,337.476,146.16615,275.99432,201.72961,196.58911,136.75201,171.33223,259.48325,118.95745,236.08696,84.89368,461.56757,113.79221,222.1418,96.4267,69.18443,153.5955,17.540426,132.7139,83.022896,85.24859,141.01524,60.876278,144.93521,200.39885,157.22107,94.56892,77.24152,138.40193,121.89991,367.93805,315.0583,289.8746,364.03674,545.91046,265.93307,468.55325,207.84079,216.71686,160.02141,129.36098,82.84663,301.7229,172.01714,301.7314,823.7948,445.40753,124.67897,226.29337,194.15973,113.66155,161.31705,237.68199,290.45963,251.27145,188.5799,71.77557,211.11206,187.11856,213.51027,104.44156,89.99969,268.74023,293.57413,144.50192,130.98253,194.6974,144.83362,100.96126,57.152943,523.428,978.4872,276.34122,671.55975,460.05328,455.57632,349.585,365.1118,168.27332,120.14283,93.21369,240.43198,386.8717,178.71175,53.010323,108.8614,624.0929,771.83307,138.0085,390.0403,138.52222,152.28328,125.07909,146.77231,268.24695,391.20892,179.55983,164.34126,145.29091,143.96994,209.35086,150.66754,160.71404,128.26315,124.981514,150.18814,60.774452,150.31184,347.29785,303.05127,242.12105,102.33362,183.48889,83.376564,122.363785,274.3214,323.5562,200.13284,216.10007,132.75435,159.03722,366.07834,339.94717,245.42383,127.96735,136.84248,209.26465,319.29837,332.9201,295.11145,166.494,217.1887,210.49307,115.406586,125.59684,382.9198,495.0177,509.8661,212.0744,273.82095,145.26318,812.5615,488.4948,181.04178,551.1604,445.41882,401.8947,219.9944,204.49205,148.98846,295.6942,400.36346,306.02097,286.64304,356.51987,442.7624,288.68564,46.835747,149.9935,129.8037,72.25405,200.31654,411.0672,285.1745,123.4331,169.89983,160.50496,76.526596,103.917145,124.54651,86.22175,121.55571,51.013046,145.80954,145.64037,112.62844,108.602165,116.68787,404.6466,357.97128,262.63153,190.29372,76.09165,309.50977,329.7421,204.44525,96.7557,252.73372,357.41025,344.9975,118.054214,507.78882,774.5943,621.90625,Desktop Computer,$Whiteboard$Printer$Phone$Shredder$Google Home$Desktop Computer
568040.6,241863.62,2787.2222,6089.3257,1736.6611,3263.1372,2777.4802,2204.4443,2885.2024,990.46136,1006.03046,11717.853,62129.53,48770.715,5389.297,1792.8641,176.10265,790.6001,1095.8724,458.95807,267.86548,727.0993,572.25415,592.73926,1437.5981,2655.4194,1142.844,341.67853,394.04355,266.65543,252.80956,419.64172,955.1248,215.8433,237.4029,312.71848,1251.5693,4174.466,2057.4097,341.60962,227.68343,163.99158,76.19164,340.31503,217.99786,382.73135,605.5825,518.7352,308.61905,586.72,433.8374,284.20847,39.508,335.52756,968.8993,298.8379,283.99805,346.55643,417.7788,577.88934,495.4198,444.68887,833.24744,179.8486,120.62181,160.91226,241.44556,251.47786,284.97708,307.57675,329.70602,143.62407,95.20062,227.71458,324.49084,269.34653,338.7056,45.815746,170.55127,248.7511,98.636826,187.16287,141.79887,55.292645,86.24663,122.468765,166.87082,52.50531,74.834854,141.57559,150.61002,22.540709,63.769367,72.41374,53.823017,135.91077,107.97985,403.76874,329.28525,821.21765,493.46158,360.8858,137.84906,281.70215,242.13855,92.745186,135.77412,538.3974,726.3316,102.06551,279.56824,329.22073,343.22363,313.217,223.5158,192.23636,182.27122,160.56036,197.59602,129.6742,105.91806,237.55128,230.46576,59.62413,119.58699,245.1216,205.16133,127.12626,197.1728,63.606174,304.72797,454.45355,562.7525,1064.2485,1127.3685,211.42989,488.7101,211.6024,268.85303,358.96463,152.05014,48.491287,165.61948,129.3241,107.406265,98.00052,312.53104,408.99503,260.2956,149.0614,70.65958,279.2731,409.80008,489.89233,286.81876,272.1283,102.94332,178.4042,480.47855,545.8198,384.76834,317.93277,333.85547,265.31012,137.27383,93.77426,191.15884,273.13666,111.22314,85.22194,64.76465,282.68527,343.28873,307.28763,223.9597,88.972946,89.37769,226.72566,201.15903,23.279709,27.173923,108.95606,151.42802,13.8382635,53.57763,154.57732,171.61026,195.99182,230.4364,255.04085,158.4512,177.81519,82.45556,297.79166,450.1044,263.02625,177.48387,445.8622,162.89218,364.88852,589.93085,648.8138,474.2625,245.24013,213.51482,119.86949,477.25812,813.98627,136.86311,354.54968,489.98108,626.9095,463.81598,236.5502,261.8184,157.23164,213.81183,162.63109,192.62633,240.74098,139.34296,196.56442,79.844765,136.23738,98.07928,116.907234,88.87081,278.16788,290.33804,186.32245,102.372444,25.189878,134.65979,228.80884,151.02066,35.35089,163.79915,173.49275,280.18344,284.16714,340.44608,62.722996,279.68356,317.8556,225.60994,52.07908,75.64059,204.92728,379.7892,543.3234,403.47986,336.21497,356.78925,263.10233,197.43272,190.92203,164.5,Desktop Computer,$Whiteboard$Printer$Phone$Shredder$Google Home$Desktop Computer
567452.9,242524.8,3245.3367,2454.6394,78.841095,2571.289,3083.1187,2348.7188,2353.0935,2462.9353,2773.1455,13534.359,62113.637,47966.633,3664.9417,388.9792,1674.6445,507.36395,666.4995,1050.6848,271.29633,1442.0952,909.3257,636.11096,2438.1497,1658.1393,192.86234,759.2381,480.19205,333.01794,245.18007,391.01224,858.4315,153.59885,594.0444,662.41565,1589.6367,4244.735,1993.8676,289.35687,384.24457,198.77054,467.32812,131.15114,249.53728,276.53098,517.0251,108.20739,87.86458,955.5369,927.03046,441.82654,686.7166,727.36035,669.20953,126.618576,338.565,533.0327,182.96129,195.04964,240.55022,428.22873,638.8758,84.95602,61.588055,425.73627,272.22552,177.79623,44.606644,200.26204,92.64623,395.61084,145.4623,210.03175,357.59552,47.03504,358.3701,274.2135,117.926575,63.275955,149.38937,265.87537,84.9389,235.6381,160.52911,340.99725,334.85458,312.167,291.31458,387.46872,194.17258,328.02234,88.95383,163.7655,197.28456,253.18634,146.45251,523.6479,566.7853,523.8683,253.96075,560.3345,519.29535,247.54083,356.9103,151.68214,87.804,358.97482,70.82353,335.49393,391.40637,191.02625,365.15503,335.5472,459.3651,243.30699,146.99265,202.0585,254.2369,320.57535,116.69236,110.01357,144.43446,103.71335,211.39337,338.1385,80.744194,273.81256,251.55693,131.63382,217.52386,290.80423,371.2357,504.69766,1071.782,115.49138,811.75555,561.911,420.11392,204.30728,158.47968,87.04126,120.63548,173.62898,162.99008,372.11633,322.04196,464.8926,461.5964,425.88568,568.6424,679.0785,655.7725,413.5206,624.3464,333.77747,136.17238,99.14147,192.70425,261.25986,175.63132,112.33495,109.38708,269.5778,320.20978,420.7718,284.02475,239.02196,251.94179,209.15445,249.94437,324.4405,142.75836,198.51651,200.35143,47.866318,87.72242,240.89162,84.951195,99.222015,55.543755,136.44804,86.914505,86.93037,271.14517,126.740776,39.26082,140.35422,148.80887,281.1426,109.45665,165.36433,409.8573,616.377,174.96716,44.963512,323.83078,265.64816,170.81882,229.47388,79.44346,321.2214,443.45447,763.9428,673.88367,371.47318,535.9592,666.57275,673.9785,325.8176,362.6648,417.71207,319.7338,297.64136,155.12733,204.51982,70.22935,224.78342,335.2707,167.98717,131.05396,40.145504,147.1685,122.88558,81.36809,62.53796,258.4559,195.02106,186.58823,89.50079,159.12422,86.937294,97.32559,58.26306,46.407578,91.61764,227.52928,181.87485,189.03372,126.5643,349.94434,364.26294,153.5913,143.73291,305.67975,153.41426,105.63222,193.64738,200.03526,248.2389,190.66876,676.55457,396.1981,207.40103,331.0431,263.75705,490.34375,Desktop Computer,$Whiteboard$Printer$Phone$Shredder$Google Home$Desktop Computer
567835.6,244318.7,4444.2476,5308.3325,1711.2296,1636.4796,2334.9226,3893.4033,2758.134,2706.5315,2345.9927,14550.008,61896.332,47414.316,3534.6582,1347.3112,1880.715,378.09338,357.2385,1343.7595,314.64267,1307.2604,1529.5193,595.5334,1504.0359,1808.69,219.6379,522.3161,344.56183,701.70056,504.2463,443.236,860.76666,406.6628,391.17636,613.16345,1626.5509,3938.4724,1936.6455,200.34515,284.4519,162.62733,92.78808,470.80862,538.57336,405.487,676.9206,124.4003,296.141,843.7476,622.4755,343.7995,800.9502,705.9586,520.35284,508.6492,392.41867,273.00507,220.32957,365.9332,138.61383,321.136,480.49612,181.94135,170.63893,68.74732,348.62497,290.6982,35.029816,279.16696,178.80237,262.56586,141.74515,60.12765,397.52856,380.9572,227.10533,421.89868,245.13292,223.63629,197.30304,238.0965,178.19614,316.84576,175.03082,169.34213,96.662506,93.717995,102.1721,291.3105,263.73523,404.07166,402.85593,283.02658,203.67833,41.155483,249.50352,299.16492,786.62915,702.1749,59.253174,489.30792,512.6585,478.39154,253.28526,345.35406,431.10498,112.91074,286.60153,343.25668,320.11758,176.48564,214.96577,230.50723,297.9477,46.449554,33.291782,109.85443,232.33804,161.51419,104.19366,64.10589,139.94183,76.672844,76.012024,171.33029,234.85687,49.540916,90.2327,33.405384,127.52762,81.289246,245.62775,609.85126,790.1246,494.87262,917.4072,377.61932,584.1032,290.15295,178.07877,47.15703,87.707054,177.38652,35.0829,102.84835,236.65004,247.69438,341.65103,67.61745,181.85286,130.15758,110.22271,417.29257,577.0207,290.13327,58.877766,110.97147,132.75298,135.16862,198.68558,271.07672,230.76457,85.847435,144.21605,92.10549,157.72682,336.74408,480.64075,482.4879,278.8579,242.26942,92.44481,164.55334,138.03404,323.26306,169.29012,72.47776,85.57927,150.90292,77.077324,173.23763,233.0793,301.67505,113.90026,78.39131,189.64072,242.82439,118.36211,146.56432,274.07428,304.35236,96.989975,185.09634,75.93794,291.07953,220.3391,381.71152,250.09715,152.77393,250.74025,114.108604,242.19772,239.39944,330.03442,167.13889,942.64264,858.02496,582.49225,185.81349,116.87236,309.17447,275.16852,171.52246,153.25162,209.71672,161.28122,86.02875,177.98518,30.56427,98.10326,209.5204,221.98552,140.33429,58.69046,132.74913,135.04205,50.168377,158.78664,262.50122,78.66819,228.83391,176.71272,183.46863,223.79944,238.13399,89.216545,152.62231,138.91951,110.819855,64.73817,47.565598,138.74818,159.25963,257.50888,108.43654,334.29456,273.55493,214.73074,348.31665,517.2309,230.96889,542.9744,481.13452,213.96205,324.72116,403.90625,Desktop Computer,$Whiteboard$Printer$Phone$Shredder$Google Home$Desktop Computer
566667.56,242565.4,1036.2495,1798.539,698.00287,1524.0024,1951.5922,1740.0818,3376.2524,2222.4348,2092.905,12954.32,60258.914,46540.49,4911.4976,2313.9646,1393.8939,2105.9365,1539.5453,1606.485,865.9833,1267.6744,1553.2777,465.4371,2228.5686,2962.5476,983.74866,305.8825,9.074314,634.54895,341.921,528.1123,745.14874,153.22362,529.6049,803.28235,1832.2683,4148.396,1916.7751,328.6065,228.67604,200.44194,203.70338,416.77448,249.15808,354.98572,377.19977,267.86642,408.0404,1043.1166,706.4429,354.01627,791.0984,1000.82947,20.165838,671.346,449.2519,624.18646,234.10306,82.66691,288.68057,224.50581,374.44672,207.55405,436.619,243.09238,330.29724,406.8676,372.05893,233.62746,70.91653,248.82016,233.39578,105.30031,97.354095,222.54507,366.23868,203.75562,45.272987,205.30089,321.31525,211.35158,179.81178,488.01883,310.1852,172.32481,430.61737,185.76347,212.20073,359.82397,229.3897,328.47906,139.33794,188.99106,251.14883,278.33832,95.55301,376.38086,503.49023,377.972,294.78085,276.8305,179.27463,185.40918,263.54117,430.10065,356.04825,161.56885,327.13037,565.77686,468.15704,244.59866,424.5393,125.30454,63.59441,235.80482,413.87766,259.22122,83.546234,124.89922,276.04477,312.32193,206.69089,275.24506,340.71912,84.46173,200.69966,152.10565,96.073135,193.87627,222.05978,355.50882,468.34525,722.97864,1277.3256,453.74588,545.60516,594.64246,573.55334,375.30185,277.46472,188.65292,136.63583,237.57864,84.79864,135.82013,233.1158,106.72606,155.7173,535.1814,799.9225,603.4019,443.4993,551.72736,290.60947,341.83337,68.51754,187.95479,250.68808,39.089382,145.906,122.97425,70.49782,145.38327,46.30591,174.2755,78.72795,321.0257,301.72592,189.79587,100.822525,36.952312,126.366646,190.26431,366.4345,256.12,217.33545,301.83472,160.68082,159.30647,150.45155,81.420746,123.15825,145.18565,55.08331,278.93933,273.0184,229.03076,219.8747,49.864346,337.29813,207.37589,115.01891,80.147255,39.745495,115.25503,230.94165,398.08228,510.75314,190.54512,257.35785,454.36798,466.8429,330.5716,779.7217,201.29959,623.46277,587.59064,701.98895,373.279,327.26053,416.6249,549.0117,304.27127,305.12064,361.8948,186.04126,150.4488,186.18567,68.52706,142.9447,112.63837,133.48827,340.12485,353.5829,347.16388,241.5788,93.08454,211.95241,301.71567,238.93924,165.98584,327.70413,262.10278,281.34036,278.974,188.5179,354.52374,272.84882,180.94179,100.90865,129.47864,70.92364,228.98808,262.76678,187.24277,300.42825,270.0693,110.74865,233.76283,181.29787,513.4093,230.89905,422.65732,621.64856,153.38109,162.9375,Desktop Computer,$Whiteboard$Printer$Phone$Shredder$Google Home$Desktop Computer
568524.4,243794.44,4027.7375,3991.567,1661.1361,1037.206,1683.8196,1579.5167,4338.685,1554.1707,2068.8853,12130.874,61521.42,48411.145,5054.3037,2078.5818,965.8592,387.02466,943.01984,1012.67456,621.8103,1128.2538,496.32385,187.799,1310.3582,2697.8347,581.6479,477.30927,182.5971,465.97797,149.72693,337.24277,987.1768,454.22086,187.72925,560.7993,1673.354,4077.2388,1975.6926,424.24704,121.477646,479.303,163.78502,286.8264,142.57127,277.74765,151.41272,247.3353,199.6186,403.18927,641.6403,219.92554,390.3213,1103.5894,406.6118,265.80014,281.17935,332.40372,319.54214,426.12515,123.28529,406.32938,672.12305,94.08604,26.069683,83.373924,214.38521,160.13187,57.979145,206.74994,30.453733,276.68594,129.94215,175.70111,181.3505,193.75237,211.59422,180.61392,69.35374,268.14166,376.24252,109.83193,243.04527,76.44671,97.48896,70.71135,245.81006,307.09204,79.67102,215.37935,259.32388,408.41388,278.84848,121.37751,242.37476,275.42892,408.66605,217.06578,334.91507,460.93912,716.7583,227.70717,208.28235,233.52199,230.77211,360.1899,379.21625,360.51727,201.16792,172.05577,34.09235,224.46416,261.19604,251.06664,161.4723,294.97226,299.65936,54.173996,169.35329,103.71374,180.72507,350.46747,285.28558,359.71664,31.951775,129.36919,195.20497,100.98675,38.29079,111.78864,200.96605,176.89902,411.23193,718.81866,1058.0869,280.8037,579.16956,233.02602,145.2658,193.19655,164.98012,138.33977,111.2864,171.8411,85.955086,160.2374,151.88672,60.5131,111.82421,340.79706,115.134674,547.89764,873.31995,995.5369,185.24098,555.6492,315.37344,173.45189,313.844,218.3003,165.25063,123.61241,148.86873,164.17839,225.76057,168.96709,146.52412,396.69336,163.1096,133.20389,65.56755,272.5804,114.77521,252.61276,202.67719,85.22277,301.9438,308.80615,101.24003,230.8382,133.30861,87.9687,187.5819,177.60762,169.85219,318.56104,161.48215,75.26788,53.78996,49.932964,102.50283,284.94507,155.63197,288.77457,113.23828,223.522,306.195,315.60004,333.792,167.44334,197.50835,98.344246,299.43314,438.3798,897.7783,626.5976,736.72046,536.2318,845.1793,720.15533,285.52332,241.53229,384.4718,530.5463,220.46468,232.71495,207.51852,135.88676,349.0221,216.90767,40.224804,148.73637,96.419304,53.899994,55.862682,74.894615,79.90585,71.73079,92.85727,139.36418,170.98598,403.83478,240.58902,238.25568,258.63608,111.86958,217.69919,450.25464,375.39282,212.61192,181.0473,262.71188,95.817795,200.29501,376.3959,281.31982,246.35162,226.56189,180.29892,183.09628,318.99277,327.51312,313.9519,236.95734,354.38205,286.7239,309.03125,Desktop Computer,$Whiteboard$Printer$Phone$Shredder$Google Home$Desktop Computer
568537.56,243248.6,4149.2163,4952.636,2013.066,1153.8639,1510.2964,1785.3689,3843.375,1677.0715,3699.687,10246.908,61625.695,48250.324,3828.8044,1406.0822,1834.9253,1191.6123,414.46603,524.293,1013.269,1614.1858,1859.2106,559.6769,1762.904,2230.83,240.24638,546.48486,607.3139,950.65686,324.29565,582.2974,817.4701,133.35368,108.49173,104.361626,1902.499,4303.9897,2243.4617,389.46878,313.9278,195.42503,427.23666,231.0196,87.769424,191.44563,92.700325,326.00952,569.8293,743.9323,488.33432,234.513,429.64032,943.453,324.4337,336.1219,395.8246,653.25323,621.6362,509.0043,318.92194,675.9806,705.77814,218.50247,167.31831,348.7298,198.04102,300.28818,173.17075,274.4192,336.03964,253.3406,228.95625,59.010426,297.41962,148.96622,168.14508,72.20207,242.18613,168.99794,164.13626,199.65474,135.468,80.50885,133.69812,139.60962,199.70013,172.47136,109.69837,191.90738,170.65457,157.00902,48.12052,249.41444,360.98425,250.73941,235.22238,311.28598,404.92435,503.42136,282.9734,326.17978,145.1119,362.22427,293.4673,90.72867,256.39877,291.3528,247.59805,340.56442,496.94974,415.72208,126.23235,97.82156,173.78395,170.07794,92.79546,51.08832,111.079765,321.7431,338.3425,261.96072,129.00336,141.38434,330.0466,302.16452,235.11255,246.83394,275.3006,219.54965,283.90506,201.03267,292.4686,568.3883,748.98645,416.73965,862.1809,479.1986,157.02777,30.871243,86.61363,121.65069,155.5188,102.37844,157.60745,317.9246,227.30554,14.670901,340.37857,236.2339,188.72464,447.67294,786.212,418.56232,514.1877,107.709435,41.57958,134.37987,60.122627,138.0242,94.885574,145.7536,252.67052,264.20718,233.06975,193.65514,172.56113,140.24832,123.056015,117.80162,312.3839,353.24902,263.70874,183.01416,126.013466,37.454548,151.25238,185.08128,205.67635,58.88122,146.46375,78.07136,147.95787,40.84285,139.18207,70.97806,254.382,334.99725,292.51843,215.63239,123.3392,257.8605,526.7322,542.9726,431.14948,290.21512,400.47488,347.4006,183.8272,174.7856,256.30164,44.23986,108.21664,18.531399,514.51227,899.3824,407.3013,694.58777,610.6247,865.8372,824.2648,486.70175,440.98434,405.8938,50.710583,224.26604,549.67377,455.02103,39.81942,269.4921,122.51858,228.68286,335.85117,262.26913,188.0079,141.09329,182.46301,73.90404,196.87688,95.06485,110.80445,133.57008,146.78146,121.166794,193.55836,232.481,65.11497,133.49916,143.92264,69.83477,17.919975,94.28645,257.2544,256.5428,48.679016,214.91473,378.85376,383.0234,211.92377,270.71262,388.80695,237.55983,222.47296,220.17404,323.84442,344.24216,208.6875,Desktop Computer,$Whiteboard$Printer$Phone$Shredder$Google Home$Desktop Computer
566988.1,241198.16,2240.71,3284.878,2229.6433,1861.6675,2149.7502,1186.9465,3265.6387,1303.8872,1416.0798,12601.186,61163.234,47796.742,4525.6943,1113.2255,1785.2947,513.4603,866.64703,290.58423,146.85095,1049.1279,690.0663,571.0285,1268.0624,2281.9958,642.902,352.25314,111.50685,240.47021,328.46027,173.96121,365.32162,398.854,365.8046,452.24197,1710.5602,4365.186,2158.581,383.86685,77.033966,206.12251,37.135303,333.41037,459.90637,444.53378,751.38416,359.4834,130.26181,725.4743,697.7407,43.988262,784.49194,1140.637,377.03638,226.45651,224.4053,316.7564,271.88144,331.97964,217.0572,516.3403,632.05206,286.10422,152.72087,136.39015,321.74142,459.6031,288.50412,214.19112,208.93747,151.0166,211.04652,330.2463,585.56146,290.78253,169.9388,94.59166,101.16706,259.86316,184.68343,301.93628,248.69466,359.3639,285.83545,295.6358,73.22229,231.13959,97.31396,67.4725,130.75282,123.55169,197.43155,306.13852,211.28992,99.1213,245.76695,287.47354,579.59045,726.34094,206.87999,724.57196,328.21487,154.8593,219.38472,501.18292,618.27075,258.35202,172.73515,198.23343,48.526825,188.00371,131.93823,159.73499,232.54422,87.24093,178.62802,122.617,118.59532,202.22722,189.41022,120.18048,258.09592,109.909584,204.46101,259.15762,180.06738,162.8666,293.18304,273.87622,249.62529,179.66322,242.99677,635.9796,962.8463,300.95694,982.3229,517.92896,178.51323,139.95502,237.6207,189.30801,240.14453,397.7154,201.41933,281.50085,183.47476,166.53232,145.16638,403.18762,489.13937,420.51523,397.8733,172.15678,413.1712,263.81686,133.8807,185.99477,326.09775,125.33042,102.97536,116.65623,333.36786,178.73436,229.02013,191.51553,243.40584,246.59521,468.53558,469.9979,228.8036,63.69308,69.59768,50.086235,144.12761,136.81596,131.11557,91.9491,76.57673,183.38464,230.56807,179.328,141.03961,231.48524,122.3296,156.6839,194.7311,152.307,138.50586,160.3842,297.80444,411.81308,551.2476,396.67014,454.67157,437.03186,364.79523,273.16684,505.70898,279.4071,400.73254,195.97684,387.625,527.64795,882.5869,437.4076,621.52826,752.2771,189.72781,176.43747,327.95673,202.80501,247.23087,106.63792,199.69283,198.95747,114.0712,451.76538,360.93433,86.94223,172.94887,202.26462,106.448746,82.20558,200.13046,344.0229,408.03476,338.95816,332.98544,266.13794,298.1709,298.0284,258.19995,230.25302,81.19145,184.69107,188.5423,133.56448,108.09588,82.834526,70.92771,79.44262,242.96007,217.76344,270.8367,104.43225,137.76645,271.99203,171.13744,157.39638,72.88477,102.00746,327.3128,386.3706,202.4162,334.96677,35.53125,Desktop Computer,$Whiteboard$Printer$Phone$Shredder$Google Home$Desktop Computer
566923.6,241047.72,2441.2336,2511.5254,3312.8015,4472.3276,4115.9614,2906.3672,4381.889,3652.1257,1636.9984,15190.459,61712.543,47425.062,3628.0015,540.2287,728.7217,1212.7028,428.26224,728.3812,456.50027,330.98328,516.972,199.27266,2377.9302,2375.2544,910.2145,313.96176,299.60248,243.9928,464.6259,563.1533,519.03595,157.97542,165.27136,326.33115,1698.6213,3849.3508,1362.0747,385.04086,429.74945,169.09778,98.31416,336.84177,247.32515,210.23969,271.78284,414.00418,334.05264,758.6919,510.79776,92.75928,232.09843,1247.7107,777.9806,485.76624,411.40677,215.9408,195.38893,136.01326,203.92622,293.1577,785.8499,405.60394,390.4351,158.40524,65.15866,112.941895,463.0994,257.02792,341.64706,175.82475,186.83934,35.23565,495.48734,98.76405,17.561008,215.4464,267.55743,293.91266,111.92332,106.39457,121.95006,103.547264,109.44665,63.35303,302.68625,65.73616,400.83676,387.17966,57.74946,124.76791,150.53441,87.38255,176.99731,483.4833,465.44278,458.45996,577.20386,400.47812,588.7017,645.2087,186.27892,389.88824,206.37428,65.31484,264.21356,402.97446,318.70844,55.55775,255.9299,182.64694,118.17992,411.75323,328.52182,169.19383,245.08394,156.41042,129.82779,119.15738,108.308464,118.43468,252.76059,82.469315,218.93709,178.97066,177.88434,268.09473,171.12846,66.46508,172.61717,248.56416,118.64524,816.41327,1309.075,421.22833,727.1255,182.73863,122.95646,352.2837,129.89722,582.83936,487.73547,81.2206,371.781,260.45227,54.310806,139.74901,217.13165,374.3262,105.05037,171.1931,369.23935,568.6679,362.10236,239.56744,259.36322,386.1174,111.256874,53.750885,105.56398,330.10278,312.37848,113.93086,75.56905,29.348896,212.97049,127.45415,241.18277,530.16064,71.63605,110.455864,146.38635,200.83922,86.31482,195.20789,129.68985,190.07089,90.182014,54.584454,124.34104,182.66646,267.92886,268.36594,341.20343,264.62537,246.17336,265.53015,93.74607,218.74863,300.727,80.38162,130.05847,159.47057,374.3063,269.9869,459.08975,443.6391,286.84097,168.14493,20.568892,274.01718,522.6494,456.64172,105.68922,399.11478,666.25806,366.3823,166.11084,615.87616,680.7955,543.16077,284.6572,163.00154,14.411025,37.286415,286.22076,393.74548,200.12904,108.9058,208.42691,168.66875,55.675255,188.56497,314.68607,202.96547,101.22525,54.98741,12.150385,233.41107,185.54868,167.70233,113.273834,178.13153,208.511,202.85619,225.38979,67.79284,319.6418,443.7338,373.04123,235.00092,328.58313,264.40146,223.86467,389.32364,218.45706,162.01944,238.96284,243.33804,353.93784,219.57068,82.928535,340.7202,431.80722,43.47985,355.75,Desktop Computer,$Whiteboard$Printer$Phone$Shredder$Google Home$Desktop Computer
568373.06,243211.66,3371.6716,5045.1553,1703.2303,1367.2485,1226.8988,2966.9841,4010.4963,2729.4497,2023.4558,13807.274,61818.707,47539.56,3235.9033,1680.8519,971.51117,1591.0242,535.1326,772.76074,447.38867,691.5574,404.9441,423.0345,1722.4254,2271.9954,612.1381,118.0686,177.14297,341.54895,304.0208,488.1348,890.38574,214.4039,300.01144,443.78638,1319.2935,4001.9834,2098.4016,315.63535,69.28356,291.6226,126.78321,181.0045,223.80481,168.25226,35.32938,184.18123,216.81696,388.2542,109.05866,636.81726,851.6945,624.26904,227.02766,725.3872,382.31207,272.9884,196.82242,227.73035,194.25691,160.13034,478.6982,181.62349,269.70044,42.2039,72.36107,87.05963,277.1993,224.5051,272.76773,367.40048,161.55092,220.10823,611.1845,144.91972,197.02646,303.16373,162.02182,136.07022,222.95291,221.89359,179.31566,173.6448,138.38567,100.000374,335.25107,425.466,247.72844,109.348,251.29396,113.615295,153.67688,200.28314,211.04558,198.27269,500.2452,299.58783,394.24582,382.1487,152.88269,301.05414,565.9927,663.2449,563.11053,381.2387,189.83984,162.61642,90.48146,363.73578,299.15152,302.32495,359.74088,223.93085,231.16211,180.07227,231.64679,227.54909,151.18242,103.15946,157.75027,114.140884,279.02356,82.24088,249.27637,367.27917,256.23517,424.50198,526.45074,504.50027,359.9549,375.16843,452.57404,754.60486,1040.4098,424.31165,736.80774,576.2741,289.36664,66.33841,70.9548,257.84897,205.10269,44.114586,122.6455,158.41414,271.9143,85.40494,231.2746,173.49916,243.59738,518.79236,370.71793,225.97249,85.59464,71.187744,296.3422,178.41704,164.20415,178.86295,58.418533,98.17843,55.573406,2.4951186,93.54415,89.29789,137.43456,12.537607,274.81882,228.83594,342.71088,253.68643,97.0151,171.34323,120.6935,147.25407,312.74252,280.77618,56.626,237.80939,270.45578,309.04,149.73024,286.62576,333.83185,343.8102,261.256,294.79285,429.4799,81.07616,123.020004,31.48511,121.20845,286.39008,315.3813,267.3492,144.63019,199.70425,112.411415,177.56017,115.90482,262.25714,425.99298,826.7421,761.9808,439.44614,325.16394,665.1275,377.08942,482.2198,630.7847,348.7335,422.0461,279.86032,148.8405,159.32991,257.08563,168.65253,337.9343,324.01285,141.26599,264.12885,187.21414,131.28732,209.08665,172.73833,58.474285,169.57104,285.40854,181.83069,314.1765,193.65733,347.70602,399.57867,380.57733,282.71283,333.7775,226.04347,15.090787,182.19986,108.55887,129.83041,134.60583,168.43228,161.35843,147.72858,127.56589,315.59097,139.38445,264.2179,141.50482,366.296,295.06607,82.86374,367.35715,488.51315,578.4375,Desktop Computer,$Whiteboard$Printer$Phone$Shredder$Google Home$Desktop Computer
567597.7,242856.44,3391.0608,4755.693,1276.9749,2402.26,2253.217,3869.5515,4872.1924,3694.4656,2816.8987,12139.693,60964.035,47366.652,4873.6025,1058.3104,654.3374,1507.4543,515.56055,1180.7594,565.9629,1006.3856,1226.5905,277.14847,1765.7397,2811.675,413.04504,383.17282,511.18237,420.28033,156.47646,182.90903,513.77686,303.363,446.2849,367.08044,1178.6711,4051.4116,1718.6049,112.56238,67.21629,419.34012,61.379444,227.42062,291.02582,165.68999,217.24141,110.333015,338.3062,1060.2499,768.86176,561.25555,755.17694,1086.1775,739.43726,100.79284,579.2028,285.12772,295.1294,203.96017,366.6556,331.5268,433.28793,244.59378,155.71112,125.86818,235.6435,105.479996,109.7406,116.3844,402.28217,540.2007,265.94028,323.00034,315.3162,186.85536,316.25418,129.5259,169.79092,268.55115,437.69333,207.04715,208.59848,23.175179,176.86615,305.8153,249.40878,198.53932,145.68423,178.22205,349.0134,383.82373,402.7976,176.16797,365.17487,216.29436,735.9376,920.07294,258.2673,243.71431,529.8724,267.4594,139.50084,204.7476,129.25867,396.90042,564.5823,359.49164,82.89109,97.340256,390.9731,537.42633,123.88603,289.80948,259.0095,137.21834,139.96217,474.32764,275.01575,230.77388,286.18912,208.74501,220.80591,120.73268,101.520935,180.0476,110.35363,197.52884,274.52988,332.0989,523.04785,687.60333,590.1577,897.5153,1020.87897,172.80463,353.56503,158.94618,226.19408,43.15188,111.756775,34.449997,157.93959,426.9133,398.27008,219.41127,78.8028,158.11864,57.811657,493.30228,704.14496,652.05164,643.606,397.04272,353.84,221.44763,71.34938,71.21388,317.77057,275.7068,269.81808,96.74688,113.7702,232.38313,345.0938,111.96986,168.02261,212.0602,138.0249,173.74399,103.20651,276.71582,292.72388,141.76768,377.97476,391.32556,141.04305,16.336761,224.76103,385.01443,138.52274,64.47447,75.68684,121.34488,103.16618,179.73,111.572975,246.45702,56.89152,474.8294,319.24432,118.96587,328.9092,555.46344,474.9547,364.16644,427.7418,110.41956,251.0409,199.9454,252.03989,554.5896,515.6079,459.35602,224.4623,412.11832,443.35358,691.9558,975.3222,400.28223,499.52298,423.78778,436.50613,451.4741,315.3425,65.84112,114.27724,242.2975,422.4513,198.36041,52.620377,185.70157,322.96484,371.33163,232.62721,78.91091,104.979065,339.85516,428.3724,204.26682,177.58066,63.398544,298.80396,288.50613,29.796377,35.993324,107.28687,147.80695,26.276207,100.72539,109.90288,97.39282,273.1805,173.40898,203.64536,193.61723,152.35956,50.869324,379.73083,377.33615,188.62016,153.38362,443.1426,417.90353,307.93738,137.83054,133.5625,Desktop Computer,$Whiteboard$Printer$Phone$Shredder$Google Home$Desktop Computer
566104.2,241505.19,3028.9397,3283.6963,1453.8541,2556.4702,3448.8032,2121.9941,3515.4158,553.8147,2193.0444,11164.494,60357.883,47747.543,5412.9395,2165.703,1862.3153,930.4556,586.5029,473.00375,943.1532,1128.3813,221.28767,844.96686,1843.1752,2937.8823,313.8731,439.76807,560.403,474.94507,267.56454,1075.188,691.7375,780.0435,181.56125,251.07433,1999.4738,4283.4834,2029.117,172.66405,124.33148,50.510468,279.04315,416.80667,311.13434,236.348,302.0638,194.09052,141.96584,619.2646,615.94745,539.3233,573.542,277.00943,711.1387,400.27963,391.8274,401.9853,513.4319,406.46176,471.4955,574.42737,799.28973,295.63516,316.95743,44.389484,148.56812,253.48465,227.86162,405.0893,133.65474,264.82462,102.19812,303.6684,294.93698,238.57413,316.02643,249.41533,187.6103,121.69139,279.01257,47.816643,198.47311,41.277184,264.79825,324.7215,123.825455,293.08734,380.02756,317.25156,78.074615,100.57422,114.313736,150.8948,122.14591,194.84303,205.34999,336.10965,481.15942,767.0206,800.22473,403.6406,219.08775,321.95807,160.39487,385.2997,361.75037,280.26416,209.6939,65.07881,140.16771,334.83328,129.62125,203.00381,250.67644,155.16724,221.80612,186.80191,277.2856,271.52966,189.16449,157.0777,62.993725,71.435646,227.44992,289.22876,276.1335,84.27304,51.03035,92.21426,99.78526,264.54703,115.37457,551.5115,1017.12915,269.3823,399.97296,189.48372,223.34105,204.99835,139.06801,157.8193,138.60909,178.2905,397.01004,162.97762,110.082794,31.17266,93.91539,102.2215,158.4116,651.4055,190.91444,852.6104,916.59894,205.37433,243.4905,110.35763,321.41553,145.20906,309.95532,231.86528,186.13153,99.76528,250.67412,92.59355,72.53163,70.26054,421.8046,425.48935,171.2973,59.54332,189.89452,74.11908,260.45273,387.01755,113.30441,156.82645,276.0216,370.41095,57.15629,323.63782,539.8524,429.33017,270.1926,297.45032,197.61438,248.66458,349.45035,337.85907,136.44257,217.1044,314.76935,223.41235,206.24797,298.13165,184.02669,205.02591,402.46103,204.48715,287.1616,120.79221,179.61479,367.17136,965.5816,1253.5942,651.62524,681.60486,388.33694,235.98045,281.65854,119.164375,93.23575,137.43001,305.81854,31.549084,213.07773,478.90063,598.87256,176.54453,78.04347,57.79301,209.18304,178.14493,154.56432,46.445557,212.378,197.3679,259.7817,50.35306,240.45126,281.52423,29.384682,270.95233,52.08231,253.25723,383.41397,316.25424,255.24117,224.69579,241.56323,185.68448,231.10773,282.4004,144.24892,251.16594,210.91771,254.22318,270.5653,414.32663,399.9446,487.89413,243.08142,286.11218,318.64545,262.5112,520.1875,Desktop Computer,$Whiteboard$Printer$Phone$Shredder$Google Home$Desktop Computer
568686.6,243296.86,3652.5215,3065.5012,643.6831,1243.7589,2647.1177,1634.1526,4265.619,2949.8066,1592.8094,10767.177,60695.508,47622.25,5066.3296,1917.7678,814.5703,574.954,1054.7457,586.538,988.1772,813.02484,853.906,412.28656,1683.3507,1980.5251,101.20401,533.801,196.02135,293.8391,90.02302,432.0821,633.3218,183.13734,799.8305,669.37134,1679.0498,4263.5244,2113.4607,340.19827,276.78052,339.9178,57.037746,228.04527,418.77283,307.2882,369.4492,131.35785,162.17604,746.5362,386.39935,553.9998,856.5377,238.35924,607.0426,449.67352,331.1565,103.626595,171.31091,103.32947,219.22545,445.8163,626.7,126.41051,218.94301,275.10364,148.5142,134.69958,112.585625,56.70168,269.25104,360.63373,242.19646,274.59827,483.88422,338.76797,137.47461,176.64507,85.90379,19.532835,212.72507,251.59091,33.90868,208.04744,100.75969,200.00372,335.09695,399.1362,252.67224,263.29852,309.11676,157.58176,129.8289,114.76228,213.01823,135.78586,250.46556,60.35191,212.9744,457.8444,610.9292,426.93222,312.61496,372.45898,444.29642,200.38344,478.93796,315.29636,305.29694,264.40323,187.04573,34.251522,308.56143,180.44362,115.08429,90.86264,321.337,309.04575,210.48346,39.714565,45.83632,88.81457,134.31445,65.07824,51.415394,284.77142,185.54506,125.95058,72.96249,74.808495,299.11838,489.01178,444.6754,735.64764,1102.2983,303.92038,595.8647,261.02585,140.51591,120.25307,94.1122,191.27701,179.04729,88.326744,243.27223,232.28658,212.13847,252.26553,170.35316,159.71353,426.19952,687.7975,1209.19,554.72955,380.18793,336.38962,436.839,245.1291,482.39212,359.96817,235.01967,158.54211,63.87867,176.74135,123.78212,192.76462,125.1754,175.62439,159.76187,215.45627,276.07025,300.35086,216.7936,180.48503,160.72029,299.682,64.003075,169.70537,13.481425,265.40533,243.49336,280.86145,327.20834,154.21011,105.47335,90.683174,274.16486,262.181,166.70651,200.31197,281.37054,422.9597,177.83556,138.88283,88.18014,147.82112,61.322086,58.86102,72.364265,168.32246,21.353937,292.4574,655.96466,809.5745,1006.4721,61.516155,799.1877,589.644,462.91998,310.99457,258.93414,254.43185,348.81766,523.6094,357.19016,292.95435,276.33282,236.14195,114.44238,89.495384,132.59947,145.14688,129.98209,31.341232,98.2318,322.20602,187.90704,187.82996,100.9422,214.58807,81.81419,142.43898,43.159233,100.79337,122.9265,239.3487,281.6627,454.74036,326.61377,252.13696,215.19746,25.341354,138.40292,203.94405,91.36168,196.19829,268.9983,139.26393,162.66832,226.52223,424.63684,420.15372,458.66333,377.12573,556.3609,329.25006,456.21875,Desktop Computer,$Whiteboard$Printer$Phone$Shredder$Google Home$Desktop Computer
568092.25,241729.25,1229.1453,5745.7295,5562.388,2436.28,999.6944,818.6037,2305.1501,1249.7555,2588.3699,13822.448,61188.168,47956.9,5560.9946,2175.305,488.7286,596.7991,1285.2659,1185.2068,409.24283,897.95935,263.40103,266.1085,1847.8468,2211.7998,701.577,294.47,125.50292,421.9522,100.21173,260.46634,735.8418,328.17517,568.6633,221.23717,1647.8553,4269.7324,1892.0493,508.55035,323.4846,514.75134,206.23863,510.6531,109.96816,169.14832,132.67395,284.629,137.53781,458.23697,618.029,570.68585,383.897,483.88705,734.3095,255.58717,186.1666,308.00067,95.2209,175.23602,48.55887,512.7398,605.9513,269.3759,135.02309,211.02121,117.55956,233.42436,177.69035,232.62057,230.83316,98.510155,98.175354,244.7451,549.4458,434.5795,233.06688,327.61346,134.96397,148.3359,237.42314,280.96686,177.04471,183.77615,90.14185,113.76447,195.2999,280.81372,160.03023,159.07481,190.30528,107.018684,83.89309,119.846214,218.8827,391.171,464.0537,120.921455,321.93243,179.7489,605.2377,690.6723,462.14313,198.12886,456.3086,221.82028,387.0844,266.12598,364.46854,276.2688,270.1761,166.36043,434.77982,388.37213,137.95921,292.5975,335.64267,177.38913,33.24654,70.3829,204.11603,221.2162,175.17546,133.0997,151.24193,95.96303,21.196733,13.337591,170.12387,165.46631,270.66788,267.71194,456.61212,763.65924,1149.5093,102.18308,557.21515,371.9175,274.25424,227.29544,281.73337,199.91779,133.5911,137.615,270.58444,184.2805,145.75412,199.1119,24.85204,195.65517,260.9633,325.25174,884.6841,277.94864,284.5614,239.77295,126.170364,193.52194,164.87,79.883446,267.9715,226.39487,173.60384,253.98668,391.43622,456.00156,100.82623,216.7593,301.3679,71.2524,108.98739,52.032784,213.39151,218.1145,56.54318,129.85796,75.49382,82.93474,134.04984,74.295,104.11242,119.228615,110.53098,167.4669,57.912197,74.897705,183.13647,222.67815,194.90114,52.237476,99.878136,212.3329,209.6971,305.05942,221.70938,288.75073,361.99048,434.2185,323.5537,180.70421,217.41498,373.66235,689.5986,298.39066,197.52763,726.2686,806.4074,148.7996,719.40027,420.30753,317.55838,448.2967,442.27448,126.960106,145.9314,73.83543,128.21645,215.07388,103.84765,68.761635,107.41069,60.62884,222.62285,158.53804,281.16483,238.22258,53.96111,142.94829,73.35035,113.07102,216.331,137.5968,96.22387,66.84139,97.847664,220.20224,373.1539,203.73596,223.69492,251.4191,103.69797,204.80232,207.69269,188.03838,61.951626,111.37731,232.65938,349.258,208.40082,174.673,106.273186,303.10797,638.90686,556.44586,238.48033,277.39633,576.90625,Desktop Computer,$Whiteboard$Printer$Phone$Shredder$Google Home$Desktop Computer
567663.75,242761.42,1332.7565,1300.8293,3004.8542,2330.9106,1547.0596,2201.9185,4348.653,4701.2334,2524.5735,15367.6,62105.03,47353.773,3946.9504,1486.5074,1517.4014,355.75943,693.0399,1867.2231,184.52853,380.47913,774.2464,479.84155,1909.7346,2591.8833,1166.1115,242.78395,415.2643,228.06123,346.38083,418.18607,530.2988,259.15674,341.48526,110.813515,1952.1831,3941.2336,1988.2639,70.057175,251.25702,313.3677,145.32932,136.88506,243.52104,259.7877,442.03146,219.01947,388.7655,876.5187,1083.5562,324.326,849.4174,778.5283,161.05661,972.1505,537.2696,520.24915,385.41528,278.993,359.4551,476.4224,478.69876,100.74045,223.86665,172.6452,249.96562,78.5484,36.95738,186.03075,188.85172,277.7587,203.72374,326.15732,478.52832,201.56421,9.223693,150.8644,182.89427,75.37521,291.46408,243.25896,393.155,175.32262,98.500725,77.848495,55.444134,124.79515,157.10184,93.001305,275.15198,411.63654,391.1925,148.88544,336.0825,333.61743,461.05743,186.56859,210.25958,174.82762,395.71875,453.75732,317.4671,599.6374,390.8538,470.80945,261.68365,613.32654,481.45047,205.25626,235.71594,261.23413,108.69933,146.39377,269.93546,114.28716,32.703884,165.70508,108.86582,69.34366,102.78913,98.96474,182.38737,17.47351,189.7124,120.569374,17.716679,131.02519,168.93547,342.11252,409.2184,364.69022,452.54266,717.0615,935.60175,212.8107,569.2516,195.67525,295.28912,59.95547,210.81831,275.5355,112.351585,282.35892,101.35581,46.68274,129.75693,144.72502,266.55994,235.67743,541.6484,966.4521,459.25095,395.01004,388.51053,372.7528,190.35512,124.36434,229.29399,346.74423,338.4678,284.81345,415.30615,192.04733,284.9957,401.65723,172.30507,215.17708,127.1829,110.14994,301.9788,137.97328,288.202,126.12567,79.66947,240.36273,108.568245,46.84728,160.5833,157.40274,201.88797,184.56746,124.5573,79.16744,134.16412,131.27576,121.596985,90.33832,110.95485,117.238174,282.95737,213.29039,77.027435,40.43326,219.99944,246.31288,144.29268,137.22113,202.56581,124.021866,272.12796,269.1395,609.7982,780.67365,465.27887,197.54076,967.49506,591.4737,527.62494,476.78952,258.8983,214.9741,493.9949,459.69644,227.79832,129.61859,161.21245,164.74712,132.06406,45.935104,144.03415,84.16989,66.46956,158.88548,150.6942,185.46803,170.16818,129.80641,150.43945,127.65902,23.142853,75.52336,158.37651,235.52043,219.21434,33.183266,190.3738,200.44257,31.705223,193.47885,182.31516,37.81041,244.88808,110.96469,185.91167,233.28241,112.30852,125.81922,374.67627,273.14893,160.62358,359.0642,83.432274,687.8405,566.17365,397.28607,647.375,Desktop Computer,$Whiteboard$Printer$Phone$Shredder$Google Home$Desktop Computer
567002.9,242901.19,3779.5735,5752.909,2044.6841,2055.5867,1624.3662,3724.5657,4159.827,1742.6348,1865.1316,13927.916,61807.906,47500.207,3806.7512,1502.3185,1323.9474,659.2997,577.5061,494.22055,481.18945,663.4869,459.36853,608.19604,1702.8046,1912.2958,381.0119,680.6621,472.9551,311.96402,421.83597,695.7818,808.4455,369.35223,384.91284,214.97998,1700.7268,4095.7803,1947.3214,406.1634,250.7778,337.86707,492.36414,207.56122,140.01793,148.47496,335.4275,167.92148,384.3703,832.5538,310.99744,407.42242,458.4069,1082.6104,380.6428,92.72945,175.72713,304.2606,218.38115,269.6607,101.14146,439.29053,694.6785,166.28157,214.50697,144.03922,93.1345,205.31787,122.16394,104.96454,149.51059,63.525436,111.240906,286.20425,565.8136,422.33728,205.36868,42.586975,116.64858,181.30287,90.87478,220.20845,365.82828,136.83519,75.78258,155.38751,147.17781,101.62629,72.70028,55.901695,52.788975,90.06779,85.49046,77.77519,188.13765,90.733284,47.668465,261.9294,324.68933,642.14185,462.83966,260.46475,267.90518,524.24097,670.4243,270.79343,217.11848,288.0244,372.90158,182.0413,202.37418,193.07607,100.62458,56.558983,245.20306,214.30984,83.96515,112.5773,229.15485,133.99176,217.06508,179.74788,111.5286,202.46617,151.18118,3.33277,156.91507,103.157326,104.54541,242.54086,331.08408,361.8204,548.3982,902.5894,1121.6381,94.42607,565.3344,156.85275,251.58917,177.39264,70.53414,66.19724,108.60112,184.28455,192.89815,63.129715,143.61783,250.16139,183.6308,292.8713,494.05823,788.87,1099.7921,593.41583,383.66592,352.1695,215.84381,128.44585,149.66505,222.14134,123.332794,301.5593,168.51202,149.96028,246.08443,95.1881,56.99861,137.9617,236.5391,340.47385,205.51558,222.76398,257.30417,233.63957,256.31442,277.15533,99.964714,103.96047,64.23511,208.09167,183.86324,53.18489,68.42624,169.26103,267.79874,172.49998,166.59929,186.80733,227.275,179.91861,73.50553,95.88793,95.99885,103.184784,126.66405,54.83876,306.5585,284.189,381.4105,339.92798,320.31885,254.59058,233.79364,507.199,552.5426,1142.115,700.3962,716.37286,890.1721,738.4729,652.2341,449.88284,436.80133,478.10474,242.31065,130.03604,39.650024,81.47498,41.27769,220.29503,239.72833,96.659355,40.01098,87.67984,185.35359,46.212406,90.47215,119.81225,69.78301,137.09102,125.01972,185.43517,149.49298,54.201736,53.421375,71.60344,171.88756,173.61104,149.60245,152.10382,187.59262,133.7047,102.47697,71.44377,50.254284,102.58848,98.589905,145.39763,19.45887,101.0668,181.62714,450.53168,434.9929,312.9857,492.2522,187.15222,494.78125,Desktop Computer,$Whiteboard$Printer$Phone$Shredder$Google Home$Desktop Computer
567355.06,242824.55,3663.9058,6150.1816,2005.4113,1721.0905,1313.5317,2170.9836,3247.8677,1639.3226,945.0862,12005.671,60788.277,47698.426,4897.7383,1532.7164,1019.3153,849.6114,276.38416,608.5987,382.74722,530.1285,1281.2842,401.50528,1553.3883,2508.393,762.01373,605.8892,461.40192,172.15302,428.72528,377.15878,985.0814,306.54398,578.81384,197.42447,1293.3339,3919.3452,1751.0917,444.86505,108.99958,200.77855,443.58524,95.71577,521.034,411.0257,223.80925,237.64594,158.27965,518.66986,418.59692,177.07011,755.5077,473.51672,571.60156,490.56833,502.4912,198.96848,116.39975,221.5964,255.5074,718.5951,714.033,318.72006,224.81705,101.73523,334.91315,229.30392,188.66617,210.13696,79.04312,126.80966,361.03906,374.13614,595.26355,305.75302,318.9028,241.88742,211.0265,185.45894,227.36168,182.56146,330.10767,253.68394,262.29025,183.44312,200.84041,227.815,109.94073,132.9016,141.88445,5.3652353,190.81296,189.93404,65.86666,248.22757,246.00507,226.22989,434.20395,728.1979,521.718,416.48126,309.2144,104.693596,184.60176,164.15317,378.293,311.8225,167.8616,347.59625,213.05,113.05317,270.44556,105.73909,77.665924,125.05882,212.91104,299.14807,221.86703,107.0427,186.75517,112.1529,173.1916,39.10166,130.40024,195.73265,119.92788,101.62571,44.2246,110.86102,78.876755,125.86886,210.48647,625.2342,1101.1301,460.03506,925.64996,613.9389,333.2213,166.84993,179.88585,116.043205,98.06431,109.59101,276.95743,416.3946,243.4386,214.96265,158.79681,456.07135,688.2606,537.3157,425.7138,292.0907,268.15915,667.31396,425.8109,196.14941,84.79364,214.3691,110.194664,314.8948,200.74037,330.22342,485.81262,495.9932,318.29532,251.82895,355.9895,482.5027,127.66441,114.63177,48.721096,102.24657,217.30122,49.064934,73.68097,155.35562,93.42895,44.628494,131.41211,233.38028,151.7828,143.54477,147.526,311.68317,266.9294,247.20128,195.41678,216.28142,271.05267,101.07335,223.05112,381.3313,446.47202,503.809,363.78574,297.47498,253.49545,292.09192,294.50922,194.28311,584.10645,437.42825,414.31625,729.6823,1006.4029,318.3601,9.35851,447.4367,738.96796,575.06635,474.7352,328.76202,184.66519,189.34944,242.59808,169.85634,25.217669,92.52643,181.51947,112.65516,103.35703,44.885307,87.42703,147.82864,131.45502,84.59942,211.4267,241.68149,332.8991,360.81528,287.76996,152.89923,41.76037,20.436066,208.47931,284.93915,232.17007,99.3753,97.72655,51.479057,26.660229,138.42618,304.13477,258.15292,174.21472,86.37023,59.54599,119.86598,128.12737,381.53018,505.43814,129.34566,455.77914,71.22616,378.1875,Desktop Computer,$Whiteboard$Printer$Phone$Shredder$Google Home$Desktop Computer
567345.8,241428.78,2404.98,3119.4675,704.8115,2345.6382,2687.5925,1060.5928,1958.3527,962.24164,2666.0757,10800.265,59583.17,46237.45,3502.538,531.55945,975.41284,732.017,956.41187,982.5861,651.44275,1062.0032,1136.7787,1117.9812,1591.0428,3049.2444,601.5422,605.7792,273.4792,1037.6248,411.65964,170.55748,618.11896,615.5267,228.19138,102.34633,1435.9681,3512.7769,1979.2281,182.98735,176.99184,302.20773,212.20752,170.57762,162.85059,302.7943,63.02669,293.68765,582.3097,608.3955,612.373,879.6927,1057.1287,648.23376,415.48804,269.09686,83.06714,147.90114,69.36146,128.95483,228.25197,279.19113,487.9861,277.9312,235.28339,180.67729,300.11728,144.40398,305.0137,179.15396,151.77707,83.25648,142.56459,178.76828,596.8361,373.40195,299.97372,310.7925,98.290504,123.3262,153.90697,54.968872,202.51073,125.82088,180.21921,252.43501,129.49673,160.91269,225.96591,130.32738,270.95242,111.066025,53.3253,203.9376,191.72424,269.04,487.34872,361.22565,349.95,854.5411,666.0333,213.61497,763.715,568.752,598.18945,384.70325,132.10803,253.79544,294.15573,203.66615,144.87683,192.97891,175.42296,224.36433,85.88815,221.88701,311.94223,403.51813,209.30135,296.74866,195.21149,232.19023,82.27929,319.39856,342.9021,215.89401,229.86264,81.67281,143.17592,129.29361,247.77211,136.71747,318.18784,809.2699,1144.3903,201.36264,737.5777,391.15463,38.15451,181.34418,233.4242,188.41425,308.7756,274.44058,279.89743,166.30417,235.37039,243.45735,132.92267,428.5118,281.8321,489.5749,634.8487,37.507107,707.7685,464.2513,366.4005,192.45792,109.00992,284.79257,54.306435,242.66602,283.9438,60.079468,267.2515,217.90619,218.65248,273.48312,425.1426,207.68948,75.022964,170.388,145.23227,238.12372,212.96371,235.97917,107.92875,154.03592,240.25345,134.03828,134.62222,104.89157,138.82556,90.0814,209.15756,277.24057,236.74791,65.91494,120.27531,224.2711,347.97522,93.217285,108.11438,57.102295,93.20983,178.35971,230.6274,141.45332,135.32603,74.912415,96.71489,429.39093,622.5776,386.37747,314.53812,588.7149,1258.5746,614.78687,308.78177,180.93433,419.88312,368.45148,71.0179,135.09775,85.619286,230.9384,135.64476,43.13924,193.94412,163.10991,148.24089,214.60944,244.8856,364.98615,281.81012,243.95837,79.35639,157.43083,311.4709,261.37106,85.82554,241.87427,214.77435,194.84662,136.03836,64.40051,205.62398,53.963863,301.77094,90.114876,164.80455,7.1602817,59.05569,133.20927,300.84546,166.16713,55.89776,67.348854,262.2304,172.20665,111.582794,317.66284,171.51588,466.38898,903.52924,484.58972,377.3125,Desktop Computer,$Whiteboard$Printer$Phone$Shredder$Google Home$Desktop Computer
567303.5,240607.97,2302.0938,783.71497,4231.138,2377.1326,2122.3894,1107.7231,2390.8088,819.3292,1177.5801,10940.648,59994.64,46938.594,3989.9138,1370.9146,579.7959,801.76526,974.6662,1273.8442,1348.0968,1150.2896,274.90753,795.61194,2308.8948,2187.643,202.34833,658.2643,375.71146,741.7912,420.3363,531.2632,946.3991,715.3478,465.65192,319.994,1844.5067,4160.1187,1924.5382,56.2326,11.379926,50.929,105.185585,127.196266,220.88057,332.33963,254.26675,139.57988,645.9138,868.6815,424.39178,454.466,1096.5293,556.6102,649.5827,394.23563,243.59949,108.94271,149.33975,58.176853,163.72482,476.77917,536.2245,114.08574,266.10883,202.58182,241.19159,226.69453,418.77524,294.28317,190.55844,121.25922,92.788795,218.64076,408.58353,331.6677,370.36154,275.4129,196.44914,264.6266,274.9183,257.3933,191.66833,120.4636,107.87673,73.9023,91.78462,70.1309,125.582,282.8795,102.13785,106.232124,116.497,47.95922,129.81006,56.853607,171.31,440.5992,499.57028,273.55203,576.26666,224.6444,507.7819,506.46817,625.4748,246.23814,383.1117,463.1511,80.443794,127.40322,186.26416,236.16254,221.46172,191.74303,413.56784,304.51923,170.77124,251.62917,145.1057,133.5935,176.28625,239.82994,187.88362,32.43538,245.82977,204.65024,172.92415,31.703363,202.78418,303.8111,134.72629,146.74019,255.97707,584.9604,1107.7491,178.1572,452.38687,109.45416,230.68106,219.76111,288.87143,222.63292,224.98314,219.47154,85.2735,249.21405,222.82994,342.08505,304.0908,88.785,169.28195,462.83704,813.96716,72.471886,649.06384,394.65613,49.96221,382.07947,157.80463,142.01012,243.92374,420.8597,343.81583,211.44626,274.35892,221.1947,270.76492,127.55971,120.892624,257.73666,155.96112,223.82199,147.99655,122.536285,85.52108,113.99306,62.90355,222.46815,223.2581,219.52975,155.52812,132.25896,81.962,67.21028,65.32086,100.80355,121.780594,214.09503,93.9161,47.23942,77.24654,169.21007,267.0498,246.13591,86.03355,163.12268,213.59514,222.43776,74.85838,184.32188,233.51015,377.20554,720.0606,684.2946,433.89572,260.19165,1255.4757,662.61676,475.13196,351.07593,195.30238,152.31209,278.87106,314.2275,314.31836,299.2759,218.83865,192.72554,160.44797,291.96857,243.34512,238.95358,308.3541,141.3689,124.17249,182.49805,239.65909,288.7772,267.37164,287.8414,203.995,128.57892,178.95157,222.09732,90.61285,108.69528,362.5167,386.5322,301.75314,313.9607,216.97047,70.75507,117.83943,154.96408,191.02628,127.4352,188.89316,90.49157,31.851786,357.5458,330.72882,20.860151,244.15207,661.6784,664.0966,147.04735,189.09375,Desktop Computer,$Whiteboard$Printer$Phone$Shredder$Google Home$Desktop Computer
567178.5,241418.8,2324.1135,3292.2063,2438.2915,2118.7063,2295.54,905.70935,3618.472,2637.2354,3384.921,14123.406,60276.203,47292.996,5552.6665,2703.0994,1274.0071,710.5004,736.2063,1578.2241,1039.7617,2163.546,921.6483,480.93683,1997.8083,2185.124,592.52374,757.45734,209.608,779.2877,753.69995,532.5156,100.56896,438.96985,221.5419,465.4364,1303.2273,4007.0627,1698.208,479.91614,533.22235,490.95264,238.11955,376.59317,298.28345,458.47418,394.50424,100.67561,178.77197,672.65784,818.189,392.9726,658.7438,888.0942,263.1526,785.46326,639.1112,154.07558,190.65697,76.66722,98.88549,548.0413,476.78983,23.890087,75.70154,223.35648,238.52292,323.937,133.10338,127.242714,274.43146,182.4641,266.4196,61.643776,250.66985,268.14746,126.92654,41.69993,133.11633,91.337845,72.16956,169.89665,156.07297,124.32064,139.64804,459.46884,315.7855,192.80219,225.57706,175.60646,239.88332,267.50964,379.0319,147.19902,173.57973,213.15683,288.3968,253.34868,190.34686,959.0027,772.0307,420.30206,77.56701,357.25195,72.22577,272.66916,307.9194,488.47382,663.14954,426.591,178.17268,250.50662,407.34616,435.57092,173.20306,43.534527,175.60197,46.271774,194.1977,240.46883,338.43903,262.14835,172.6108,186.60225,106.29404,231.90363,251.22115,138.32745,132.93002,260.78204,24.385246,229.65454,249.10806,674.9308,1204.7511,471.59537,523.6334,367.85443,174.76125,211.22627,258.59848,284.889,52.132984,409.33087,559.7263,233.96129,44.423214,241.37038,107.48406,56.896725,166.28192,225.10555,824.15594,664.46075,228.224,283.71756,205.40486,400.82822,343.36606,318.2952,391.03293,515.41064,164.62881,75.65554,182.64868,25.578375,77.38348,66.21454,196.59375,169.1916,113.8439,129.41702,112.05516,182.6772,182.14632,232.46681,245.38205,229.68025,49.118942,261.4943,129.01195,191.72336,178.41504,142.72981,238.88297,333.6173,350.04816,7.4115663,173.73264,169.6475,143.66768,343.75507,184.72896,237.53229,238.18066,222.4298,277.22202,278.99567,270.525,309.4496,140.12466,225.76588,352.2964,252.02272,391.53387,912.4063,251.98206,1189.257,1128.6101,559.1565,218.34657,338.09924,227.58006,277.09705,280.83832,230.894,363.1147,292.23254,48.655815,76.11084,65.225174,83.03454,139.30666,289.0185,188.99095,245.34917,233.13368,198.65259,161.91782,156.80128,218.84145,183.60036,142.7025,190.04427,390.80566,439.9221,456.7699,253.80566,184.06297,85.75201,185.75038,106.57522,169.30022,218.37679,277.73398,320.69846,167.07733,147.9718,162.82909,133.87245,171.12384,492.25836,700.50696,454.8697,249.84303,7.125555,121.5,Desktop Computer,$Whiteboard$Printer$Phone$Shredder$Google Home$Desktop Computer
568533.25,244071.3,2940.0664,4054.782,2014.4669,1148.3331,2205.7463,1479.6937,3672.7869,2771.8901,1202.9386,15218.334,61293.78,46844.535,4271.5684,1318.8888,472.35693,1986.9459,1546.9281,1382.7339,1132.9473,454.2627,1318.5132,408.3072,1894.2162,2115.897,887.467,272.04883,587.5113,418.89877,334.45355,154.62808,690.256,205.67918,293.3884,591.05914,1694.314,3715.451,1782.5543,123.48928,250.61385,140.53963,285.1485,255.122,301.13647,422.23187,382.89612,380.61295,328.20392,433.77924,337.18747,1061.9078,888.2987,425.75156,444.49728,222.63773,194.69482,105.87852,302.85577,266.31955,178.98155,558.457,452.94186,356.93835,283.58936,218.7876,108.88736,306.7633,175.25902,295.5477,224.98277,175.23732,173.574,155.10814,536.4817,457.1966,112.522766,45.618465,134.87152,220.15308,91.230576,202.38855,177.3559,214.85423,469.14066,345.2422,230.39076,358.9669,187.84572,249.92192,347.0689,342.16867,34.763954,70.64086,56.85788,92.19127,151.48936,206.30363,103.38531,202.61047,195.86258,774.11096,939.70874,303.4446,101.13179,496.59882,200.6695,445.26743,459.38437,216.53773,162.22385,253.21434,19.318216,75.95875,116.91349,115.503654,306.2855,147.06032,90.79397,146.49696,188.22566,217.94211,13.499569,221.8384,188.2086,167.51248,214.82867,146.49023,119.22621,437.28308,454.74158,371.31366,398.21948,723.1007,901.19226,489.29443,831.8673,378.90097,13.139478,95.47876,78.66732,167.70277,249.70216,289.54813,163.47523,111.00469,299.89163,219.64568,257.13104,220.19316,43.014877,110.283745,515.7416,1043.1642,318.68085,237.80147,65.92305,234.93947,65.19936,29.537165,104.37245,209.90286,196.05133,72.756454,93.021355,25.301872,88.5706,78.63437,111.2892,117.46332,109.08679,93.186554,132.7055,154.44662,207.4954,249.87465,254.79173,301.5503,216.5999,350.86752,96.24778,112.782616,279.9622,367.20288,184.31842,108.993904,102.371826,101.20744,85.901,66.62987,59.93199,175.72266,325.58527,236.49501,148.13683,98.42588,138.71315,171.57578,149.32347,117.29878,234.70288,192.08386,352.9407,686.25745,1061.365,279.99176,1044.5343,845.4902,409.8011,449.95084,208.74617,236.82176,288.62057,280.6041,161.04555,138.37772,312.73135,271.44833,117.456085,82.14823,130.54076,46.572514,131.89717,288.26517,239.06651,146.9206,133.26959,352.43744,161.73012,61.910744,78.850876,161.43573,65.52397,314.07693,54.11027,169.06372,209.05925,315.37576,187.06775,76.64148,262.4647,117.15722,10.806552,38.48927,143.42183,228.6241,277.371,167.68436,45.681698,214.5535,215.96767,124.58396,238.99075,487.9101,814.4964,484.15402,150.5625,Desktop Computer,$Whiteboard$Printer$Phone$Shredder$Google Home$Desktop Computer
566947.2,242604.78,4834.152,8254.948,4688.3257,1350.8021,983.0293,2694.7622,3617.734,2143.7234,1757.3909,13641.653,62043.723,47899.82,4035.0444,1168.0721,1252.1831,513.2098,602.5098,552.42505,396.61865,589.07935,1091.6376,514.6524,1264.6062,1957.7007,518.05597,425.93356,320.34488,294.81503,194.66318,134.47882,394.53003,272.74603,300.53455,511.01184,1543.1248,4172.0093,1953.4674,66.458786,155.79785,178.7935,350.65863,285.2759,344.6594,270.57834,248.19154,224.5782,505.33176,842.6002,683.9803,242.62653,775.8808,614.4712,219.79495,647.0586,477.12018,504.10147,456.78754,317.2642,184.74794,307.0457,839.0176,459.03473,37.36305,86.38042,84.49007,91.118546,6.2615376,69.553825,88.070076,129.74622,235.70366,430.6068,617.8707,451.54984,142.38535,147.27283,221.27129,217.66075,106.34251,226.14923,277.0585,269.43378,156.05118,255.36032,277.65433,122.96586,100.37158,185.05016,199.08406,33.576294,44.06219,50.20851,350.1091,447.99457,172.17046,216.29637,670.4326,762.7822,572.9977,395.0987,182.46507,151.565,286.40912,328.72556,117.1982,158.72314,381.90845,487.81497,483.82867,247.08485,92.74464,219.87013,308.73212,247.967,38.0314,108.596954,128.55272,226.55667,166.24762,208.61081,261.73227,37.49448,105.62552,219.2814,166.76941,216.81732,183.29964,162.3902,357.5301,277.76804,351.2926,741.5679,1182.3729,303.16785,554.68964,474.2106,355.56332,366.2747,250.13766,116.71957,96.53464,88.11949,124.50665,73.05668,266.93597,170.94968,183.24829,335.0106,480.3825,698.1409,869.0474,322.85223,388.73273,177.17737,510.73633,491.67966,237.49678,233.572,383.3836,467.72263,242.54292,456.7864,346.0287,117.646736,139.74443,73.60656,21.653055,63.90893,159.60692,206.59169,264.32028,270.73062,84.54038,201.09723,232.11285,9.467361,248.86055,441.61465,426.6744,44.991306,142.57498,10.137969,108.316605,208.88065,286.43936,234.32109,196.28668,180.02275,191.59372,35.335472,115.91375,351.17285,376.94873,420.90784,392.81314,276.53232,41.44603,293.3759,153.0172,180.87297,163.73088,390.64166,660.5231,525.3849,460.59314,521.4484,319.09534,563.63745,661.6844,514.4117,259.9325,295.2507,137.33792,345.90152,212.97292,40.52894,199.61546,202.08247,80.17272,84.00574,128.32716,124.85771,236.85677,326.45697,409.72037,369.12625,87.57144,50.711357,261.81314,297.47134,278.7829,279.2222,362.78046,300.32315,318.1658,327.95682,82.82283,93.38694,334.92334,394.8061,129.84578,162.13904,176.64816,272.8429,335.06213,198.69044,180.44167,66.77725,460.65305,345.87634,57.335636,229.93394,250.43657,207.43028,229.6875,Desktop Computer,$Whiteboard$Printer$Phone$Shredder$Google Home$Desktop Computer
566873.0,241744.98,3338.0122,2125.2913,904.5687,1583.963,838.67993,2136.236,4353.788,3236.3323,2054.486,12628.748,61181.48,48570.914,5616.7812,1914.0818,1060.0746,1269.8052,1884.6625,1327.2339,1676.1151,1044.68,1493.1721,829.3335,1930.7832,2750.7463,669.80334,323.70068,361.35257,380.911,606.42084,608.60486,449.92792,735.6995,193.55794,206.06564,1320.3618,4190.1787,1572.9519,618.0698,549.0775,390.38724,384.20642,134.13737,150.99962,214.93489,207.47478,45.960392,475.6155,604.37164,371.65646,157.96297,234.45966,861.4684,533.3734,235.53697,641.9716,428.822,232.81308,173.39236,273.55408,748.2355,789.23,207.5243,147.69167,381.12112,148.14944,219.33191,147.227,168.87793,242.37479,218.66571,179.81447,219.51492,261.86868,167.85165,177.72884,347.40778,142.14116,88.143585,104.414764,193.95297,106.31444,331.11316,70.19379,188.78142,13.960711,249.16182,179.22688,151.22774,146.36343,241.21837,364.52414,572.89355,245.22473,236.54512,367.49207,266.74,204.35655,353.0265,53.53963,256.89212,565.1506,157.34285,223.9554,597.0134,622.98,336.7559,262.50784,222.18742,423.63086,204.61404,202.80272,147.22154,263.02728,284.40326,564.46124,415.53625,301.4112,318.77435,173.65302,27.678604,337.8873,163.74924,43.3818,163.78862,199.31677,308.82364,156.64085,221.92459,102.63105,106.12317,212.22963,671.4819,856.24164,286.9581,623.88257,193.81996,152.37344,185.4501,147.86539,117.26939,33.381718,83.86467,284.0427,38.76915,155.55446,151.09937,504.66235,503.85095,438.93826,203.69383,293.06024,309.29547,365.8901,545.2816,402.54727,121.67763,485.63782,401.05542,371.4994,216.9014,269.36185,251.79654,77.28817,148.62376,275.24435,115.96292,200.3053,255.18796,205.04637,242.63716,213.54521,248.15216,328.07562,140.95978,215.86421,236.59828,57.258224,144.63618,167.74861,438.6361,376.0116,110.83645,136.10403,90.52064,285.65826,335.65552,407.406,375.3411,346.82242,167.67113,151.80313,225.28651,309.5545,177.36418,163.34995,224.66646,12.494458,405.67017,578.44635,422.41568,621.04675,394.0005,270.44916,462.03308,802.8662,768.46576,256.01797,233.78442,47.338425,169.75252,188.52974,363.56604,436.1378,297.02365,137.05269,266.62494,231.7612,322.2551,83.75066,166.73233,42.056408,179.9752,231.67654,205.18248,138.52298,71.7344,258.30533,130.07214,136.25575,225.90363,105.27874,107.03533,131.62714,146.65123,55.38212,334.2291,280.0998,97.07226,279.28387,157.88614,159.85658,54.791912,62.484383,227.50053,387.53134,433.77634,216.06462,131.77356,46.04428,409.6789,473.37857,248.0287,164.74463,433.36285,303.0,Desktop Computer,$Whiteboard$Printer$Phone$Shredder$Google Home$Desktop Computer
567564.75,241527.14,2211.8613,1336.8279,1169.8997,2191.1401,2808.0815,1847.7831,2934.7837,1891.9855,3717.0288,9980.75,59475.453,45753.28,3228.6038,1089.3689,868.5296,811.54553,1840.2983,500.98257,357.66348,1149.3678,832.37415,519.2676,1818.1367,2625.9463,432.47598,327.85153,185.93997,194.92532,478.34088,532.08966,374.7384,463.8196,131.1892,741.64417,1501.387,4007.4172,2251.5247,219.68709,307.16272,300.98477,363.9897,479.0951,375.47433,168.1639,159.86945,112.91673,47.40898,943.13104,850.7456,632.26447,554.6164,508.9292,301.97324,857.808,522.92944,397.71628,161.23296,83.20984,230.80913,507.6395,507.56934,176.11002,168.08589,237.86421,234.07268,114.20719,40.83155,134.96721,77.49789,381.36926,331.21768,335.23392,610.2132,256.0038,55.001415,210.49812,535.97614,307.1177,368.40024,116.532196,271.4419,242.66762,302.9423,215.46652,506.30838,304.30466,338.944,117.26505,238.57666,231.05783,190.81258,137.11508,344.7505,295.73196,551.5529,520.259,591.92596,694.38885,253.35776,366.07184,492.36557,327.44418,354.0965,201.2624,81.04649,88.734634,202.69412,345.64307,496.93634,402.18924,274.90347,87.44432,160.71182,187.33093,81.7396,141.7617,103.16577,78.646545,149.50867,147.90585,182.18863,128.5266,108.863655,20.013231,146.21646,147.78851,167.35698,119.78894,167.90416,276.86816,247.3291,895.6227,1123.4702,150.7277,828.54034,411.5117,367.7699,390.21954,98.117096,409.15802,336.08115,207.04002,261.08795,257.85776,204.69478,265.2883,474.22336,213.24745,182.3113,549.1911,606.6499,554.954,352.9312,199.32895,81.881226,233.84872,249.95786,275.59247,148.11604,122.099464,34.890064,195.1854,255.50415,302.6222,314.9311,290.88913,84.6547,154.34373,206.30997,138.98213,93.743324,79.21902,30.574041,55.415348,152.9143,205.14442,271.1349,255.01898,334.10547,232.14583,325.03415,134.94626,76.234695,84.19557,136.4991,17.656992,123.307076,119.84869,130.78958,150.34831,190.78027,210.65425,387.32797,305.72723,444.31155,273.88934,42.908535,242.73529,175.36203,75.230255,35.74204,331.1164,145.06938,371.11752,467.26694,583.88556,860.859,435.0976,506.0526,356.83478,393.4108,393.14194,420.0754,314.8305,459.4469,337.739,421.5651,426.31378,272.08716,155.25848,70.97903,119.62375,141.23251,90.96277,374.351,288.7448,138.04352,165.28932,56.288757,128.7222,196.85933,118.74779,227.0191,238.20898,316.3149,69.26526,264.94333,279.50275,333.4637,62.3173,137.16226,134.2806,43.764576,82.42154,162.31189,305.96246,211.083,367.15097,307.6223,400.0001,162.16734,178.0892,368.5339,379.72125,22.21875,Desktop Computer,$Whiteboard$Printer$Phone$Shredder$Google Home$Desktop Computer
567839.4,241757.75,1943.5554,1951.2404,1034.8776,1081.8021,3431.611,1327.5138,4368.667,2761.8623,709.45795,11110.155,59739.473,46520.332,3514.7954,1217.6241,469.35425,984.14465,979.6422,1387.0698,1418.1204,1139.2322,1086.1658,44.89995,2110.061,2906.1924,935.6173,200.90132,526.4257,615.92474,233.31107,282.23248,630.11255,448.92096,340.20813,476.37613,1362.6309,3986.8433,1782.3862,243.49731,219.66634,66.63825,91.82404,231.89513,141.84651,369.0379,274.2075,198.42387,195.91371,462.5987,670.0113,182.53473,621.8913,856.68256,664.46655,676.68884,402.2054,221.87875,221.41585,165.2794,104.884285,313.62338,896.66284,543.6007,175.91235,200.23177,188.13182,233.30681,263.03107,113.413086,34.73473,144.79771,144.57878,240.18484,431.08496,320.18356,327.97324,304.59073,278.66116,157.58534,83.0572,76.13663,101.55504,132.4063,219.10776,69.04365,65.70977,76.34829,312.9995,380.16003,207.20366,158.58484,286.90613,324.2956,273.38196,125.60733,154.21088,315.0466,284.0186,664.5466,433.49545,277.74445,419.0892,332.65466,322.9726,408.51282,455.16208,338.53616,172.65536,78.04914,254.96779,372.9356,79.56981,42.97477,96.39633,267.84525,403.7833,208.79051,110.42537,123.41102,135.2498,137.0569,187.2663,193.21881,237.901,253.98021,84.005165,80.448006,333.88028,265.18692,358.92786,398.0751,375.0045,746.14746,1157.9669,276.33368,681.04675,328.51514,78.93564,196.58456,178.79419,376.80847,194.82462,116.3442,125.18855,220.31628,197.82507,248.05249,71.261375,109.2074,470.74036,816.1545,713.50934,277.7211,324.26425,255.04599,323.92532,370.077,25.46056,91.08604,313.54596,175.25809,273.78204,290.6818,124.07372,199.56516,245.63771,170.445,288.50977,182.66315,97.07095,166.82199,316.94354,360.03015,242.05492,200.39703,104.04459,182.21667,89.88984,284.42932,263.15103,103.808105,89.36389,168.31052,37.01196,95.91917,73.40046,105.67532,115.7717,74.75454,190.55132,203.13814,60.961807,44.358013,119.33914,44.583385,247.56805,253.48923,19.957903,205.46854,339.74243,76.2288,103.96669,343.8134,867.9003,681.5705,423.5788,243.67159,765.85834,611.85767,601.53864,346.2979,201.32812,273.88025,421.19214,462.3077,335.69095,206.57365,186.9799,274.44348,420.7528,318.17746,129.74881,76.36741,234.85071,325.18628,209.58261,248.43924,155.71185,225.88487,196.98337,113.76907,134.7526,179.82831,207.87039,170.81747,170.16164,195.47134,105.182526,114.403694,58.07395,138.70834,220.88878,117.67499,136.55139,169.56877,200.94913,118.69389,249.19026,185.67313,347.19012,378.60944,107.443565,270.2807,337.29657,438.1187,177.46875,Desktop Computer,$Whiteboard$Printer$Phone$Shredder$Google Home$Desktop Computer
569305.5,244054.53,1458.4443,4303.344,3838.537,2747.066,821.67346,3135.627,4874.958,1976.2129,2917.588,14686.44,60933.875,46899.12,3849.9077,879.2532,881.674,1789.5568,100.48691,1137.1147,440.6491,1292.6229,780.8706,754.637,1435.8651,1676.3119,657.7365,293.2577,346.96005,479.6088,114.29125,679.89124,805.02545,364.94757,371.4888,514.29486,1235.0742,4061.6445,1942.0322,196.87952,393.0549,142.21448,157.74956,213.77675,171.54663,366.53122,146.24353,139.02306,160.45685,1166.7064,611.63635,465.69608,1062.8226,656.07697,332.9977,467.99976,533.34467,156.49852,274.17688,159.30026,300.49295,398.47632,671.76294,123.000244,256.267,304.08264,323.4286,314.8107,180.95128,98.14543,183.03015,257.75598,240.73517,354.80676,526.0514,555.6054,352.18317,277.71283,154.47716,200.05312,80.9375,162.83455,223.21133,223.69765,148.59245,90.377464,139.22578,145.67819,323.5793,171.04308,172.78394,189.12845,105.192825,80.61015,128.28317,202.2811,256.24164,278.54703,65.47906,115.10946,594.0894,704.9822,160.22064,304.94742,381.56696,108.34457,258.38638,272.38486,461.6694,317.32193,171.49976,137.21536,274.27472,247.5014,173.8907,178.14659,267.83102,146.1917,117.60707,102.73618,89.03551,138.58345,90.84014,78.6231,40.367832,112.07131,164.76625,239.52458,444.9685,386.5201,223.77724,319.66232,331.19354,647.6343,1062.4221,300.2786,527.2662,269.6578,369.3985,252.83597,178.95378,118.373314,115.30505,97.66077,156.52031,46.716236,199.55472,145.0735,235.22119,328.3046,549.798,435.05548,782.6816,1128.8818,331.34872,238.64697,174.12973,124.80354,44.739666,369.9227,216.91322,27.36495,225.40433,116.47986,90.77399,16.668747,49.33508,164.55374,117.49321,66.51971,159.68544,213.24332,320.0543,106.858475,124.71148,58.172176,69.22298,168.6252,141.5791,107.060165,153.55807,374.02255,312.68234,133.5953,48.462765,103.36975,148.94293,244.74518,126.4527,98.22658,59.115444,156.78207,269.41183,270.37674,195.44402,73.87699,138.284,262.17313,105.47022,225.56242,395.79614,358.51013,383.76117,496.2466,426.3651,578.62933,383.25818,438.76605,917.12256,647.8166,439.70932,304.2941,70.64531,87.57843,145.01305,202.09795,274.7362,159.32089,94.7028,181.18304,166.51842,51.98794,271.5849,150.47131,462.78287,459.54785,32.37184,256.19452,358.29492,114.56673,285.4374,212.04695,97.37546,48.123753,115.37841,26.187231,74.69647,245.22751,99.57359,4.700079,61.289757,115.94863,207.0793,217.73283,142.02327,143.08769,81.71796,304.84393,221.26129,107.222374,161.02788,408.628,446.2557,71.918915,66.477455,248.0788,108.125,Desktop Computer,$Whiteboard$Printer$Phone$Shredder$Google Home$Desktop Computer
565766.8,241748.2,1792.1849,3144.2446,1781.516,966.15125,1032.2485,1212.923,3809.6287,3688.774,1003.58185,13930.72,60882.13,47026.44,3840.4766,1241.8812,1746.0645,663.0605,269.8953,878.8993,490.85226,921.4298,1052.0011,673.8942,1496.6049,2023.5145,598.31134,294.9637,392.24728,519.34094,567.3845,649.89307,710.0657,352.51547,423.7399,189.17953,1790.0857,3680.3262,1534.298,394.36002,159.3093,120.13063,122.59568,228.18893,230.08679,343.19217,257.40582,239.83908,598.97375,1079.4836,914.089,718.3551,1216.6567,537.50543,406.85468,95.45811,144.09119,230.39194,337.03006,199.27742,185.67574,736.04865,748.58716,418.31372,226.07835,135.27158,158.6798,252.96547,175.10728,112.76194,272.58325,152.25536,84.58093,112.92921,419.30908,390.87112,142.3226,249.69304,76.86502,112.56834,204.22314,187.83337,45.982346,165.00684,163.86594,123.514824,185.13486,175.72432,236.33052,154.29413,134.78612,146.42467,88.09907,174.31024,237.19954,188.94583,391.80817,302.61237,26.239187,22.080334,814.0299,803.3015,316.04062,216.7513,383.7685,148.03152,187.89842,334.1801,133.3722,238.57817,255.65578,290.61124,128.76105,227.35568,54.727154,186.83191,71.863434,168.7124,157.3707,31.182024,68.45821,63.423973,12.96329,171.14122,123.19822,126.565704,105.89699,44.92531,152.11412,311.04694,108.127365,191.40248,302.808,812.97595,844.0367,237.26646,683.57465,330.95123,241.22636,259.31525,209.44542,383.3033,342.4983,261.2138,89.39592,111.46827,153.81221,309.83472,137.97441,208.24059,310.06686,811.74475,1189.5292,809.0458,552.78436,398.5936,205.03177,159.25586,244.44043,351.70148,239.90163,245.29295,88.23558,170.0079,131.58333,46.131466,108.5274,158.0925,221.68655,197.31232,86.92035,220.76176,135.98965,103.436966,319.6641,263.11508,159.41847,233.91795,157.6737,217.68828,222.57187,185.42677,159.70457,96.06485,165.32758,83.96901,250.1861,203.09647,65.58806,166.71315,341.20255,344.10886,264.62082,280.1219,274.21884,129.83676,232.76967,339.87564,239.80891,84.35805,230.04744,355.68723,185.83846,502.17484,668.8904,409.82196,548.7678,658.121,883.94244,797.77563,434.5972,456.6192,360.19608,350.76477,282.2545,329.89474,222.90022,230.84966,263.82007,209.39333,59.345863,205.55202,391.76315,73.67126,53.06591,167.8895,162.03319,106.475044,35.726505,292.00616,89.49591,246.93765,279.56757,259.93564,127.39931,112.45912,151.87772,96.84926,279.00388,160.86008,49.895092,32.782333,122.60547,180.0495,126.11034,81.392975,85.11161,254.18556,360.21887,263.04,216.73132,366.29495,374.30893,483.92908,201.01607,244.55928,356.3125,Desktop Computer,$Whiteboard$Printer$Phone$Shredder$Google Home$Desktop Computer
568551.9,244931.53,2087.2158,2483.2505,3944.9722,4067.6733,3352.876,3010.2983,4853.7935,2881.049,2429.3477,13216.824,60051.77,45918.582,3054.9822,1540.7965,1260.9486,242.13623,282.29623,199.6404,435.22464,1027.452,710.78735,672.55676,1855.2532,2574.6467,633.5626,880.85913,588.7215,999.6709,562.4978,509.62686,754.45026,393.8832,202.49237,268.20624,1433.9083,3828.3616,1726.1853,139.63982,139.90283,284.9188,197.21184,283.1488,32.042007,211.51358,222.31892,109.12165,356.8838,285.19366,473.922,567.59296,966.597,521.8659,511.74298,457.56442,72.22595,61.121887,273.09433,293.6801,206.46353,433.84036,669.8886,187.1795,87.49818,9.3596945,187.69136,68.923225,78.7935,216.50844,138.81108,39.934723,146.6156,252.02852,515.4884,279.99753,241.89403,49.786636,79.86772,51.010002,180.30078,249.93494,77.14984,87.30875,104.86552,198.15031,219.4959,61.301373,62.80061,211.2739,128.51332,119.346375,193.96602,96.2618,115.75508,112.8554,285.03333,212.6087,212.61778,316.71555,875.98285,790.62146,386.42932,305.96048,399.45337,257.1781,147.33801,383.76413,246.97191,280.18082,187.29701,215.34004,270.0584,335.6808,185.24773,68.00511,39.724964,68.20834,98.79296,38.161472,144.11151,123.20305,187.26056,111.2997,119.2056,143.54709,230.08653,285.62866,101.437614,175.15596,95.85853,364.48752,409.62726,692.555,1105.1475,141.74965,502.4549,151.34604,95.83646,256.66766,227.12152,172.12111,92.254814,78.704025,50.430576,72.42335,85.60797,162.45102,102.5378,143.13869,58.577007,315.892,840.5845,924.4737,141.85342,391.99356,391.1631,306.41434,112.70204,196.67531,170.82454,113.13317,208.11388,220.89548,280.46878,179.01189,162.3806,189.83607,162.25398,136.80316,147.13113,171.82237,196.83951,136.90019,197.2151,264.45074,166.15872,134.74467,45.385326,127.82951,74.014015,198.30653,139.03854,188.89635,201.69572,191.89037,293.04785,233.15446,154.94614,251.44688,200.37817,13.950035,100.86809,41.220055,224.83072,284.31448,284.44858,165.83675,141.60814,380.09274,435.42987,262.407,398.8702,525.1005,779.4532,870.927,243.49118,1132.361,675.244,404.8219,232.32385,86.03471,137.84274,24.211527,79.5571,66.97263,218.51476,127.29233,177.94072,140.49539,197.12372,112.96519,154.4641,227.34319,126.70275,42.98288,196.53969,120.03395,76.42943,231.59056,236.53334,31.028978,55.139183,215.03545,113.7756,172.00058,148.9782,66.48346,206.31787,140.55823,107.180435,177.18845,138.86726,150.44223,120.52873,33.640785,42.613846,100.12154,81.12015,137.4504,267.81323,243.82033,467.7859,490.89822,420.52277,198.06447,149.34375,Desktop Computer,$Whiteboard$Printer$Phone$Shredder$Google Home$Desktop Computer
567351.1,242190.14,1767.3395,3190.4697,1556.0382,1876.1013,456.9722,1974.1093,4779.2114,1820.7814,1355.0485,11496.3,59189.68,47411.18,5914.779,2698.1948,1383.4235,826.01855,1111.1783,424.54102,383.57968,337.11484,919.45026,624.6704,1844.4883,2799.1228,342.44168,349.34775,1121.5887,331.38675,176.94035,808.12946,673.70245,330.77963,488.2407,207.35132,1537.331,4121.1226,1882.8091,580.6583,124.80987,286.32376,393.78445,360.97906,418.88022,58.891018,104.39143,333.78073,179.27956,486.66092,758.2385,280.6699,542.7029,1070.1844,432.82047,67.27105,594.12946,417.0745,326.13113,90.07188,220.96082,440.1889,808.99207,343.45566,293.58853,161.98973,263.45236,112.891556,233.12732,164.11583,259.18076,114.251495,443.70157,139.1163,341.31744,270.31546,106.80605,260.95364,107.30755,158.7749,426.68948,396.71762,496.41486,91.91198,151.52858,204.25249,87.172844,260.38135,126.18897,115.46354,178.16637,292.2297,154.94336,136.71805,220.44351,499.88184,179.42523,290.22742,624.1089,730.1957,525.5733,415.99542,222.35701,284.27557,218.57526,67.28429,136.72815,132.22237,180.60512,465.3619,355.50208,158.53261,178.46637,121.497856,81.294136,211.61961,79.32226,87.12196,196.37292,278.99814,314.8971,115.53267,315.3811,318.3245,161.31033,256.93954,127.25682,124.36976,175.8975,223.10785,206.3838,39.8434,253.59378,635.9664,1069.1606,160.1867,571.6677,205.85855,265.22162,122.725426,12.205785,155.77158,168.53056,284.80115,194.62677,337.54962,224.794,198.97127,195.95729,314.8663,158.8392,273.04694,708.928,640.9496,252.97247,142.0094,181.50844,155.73244,272.70703,199.62903,228.67438,86.305725,96.07566,228.10303,215.08328,127.3814,65.17519,254.17557,130.30116,167.51613,433.07843,498.49252,91.68112,124.82661,143.24318,145.54665,124.1137,96.49689,191.39615,90.16963,175.59547,101.410286,183.3489,160.5817,409.7827,301.4994,163.48495,112.01015,142.32376,218.29982,114.0674,100.55235,134.61574,255.51941,52.83287,406.94955,215.302,90.040794,166.05919,366.7575,497.64825,350.56577,137.53003,45.157253,489.18765,894.47076,548.71674,661.68335,840.7664,447.80057,201.98961,50.72455,229.95638,196.70284,233.25485,262.66882,289.82867,47.06699,180.53816,225.23543,208.53682,264.44022,332.4524,198.11607,127.20339,169.54315,113.5764,223.12717,77.26692,82.47096,39.50374,186.55174,135.88452,49.407326,157.86049,122.33445,146.80293,55.127975,118.19892,73.58379,114.02347,238.58405,223.70644,194.42204,129.84177,75.550705,147.53098,292.79547,231.37085,203.23244,246.42224,512.876,290.45242,152.80283,197.91542,201.2694,64.78125,Desktop Computer,$Whiteboard$Printer$Phone$Shredder$Google Home$Desktop Computer
567336.44,242340.86,4737.8237,4556.1846,2317.0376,4754.8926,3394.9348,2619.06,4454.1406,2218.0298,4029.5044,9332.028,58292.44,45239.824,4380.037,1668.9756,1076.4331,1120.5503,564.6459,135.1477,798.98425,839.72974,804.7832,482.6264,1838.2181,2657.4402,759.43646,794.2441,273.29318,355.91562,88.18182,182.45744,573.7541,440.86557,161.58083,342.14975,1482.7164,3947.5225,1852.0432,118.51058,203.96924,170.00555,167.50137,194.56714,420.01843,385.92938,205.3747,141.53142,237.13708,661.1255,497.7922,869.2363,738.70483,735.18396,502.97632,427.9679,544.3836,22.698805,170.54102,206.5495,204.65993,551.8153,617.08124,261.32812,230.79768,334.3132,170.64781,66.15582,380.05222,401.3261,378.77942,380.2723,132.57686,346.42905,520.16583,392.1985,73.06044,229.38023,71.980225,170.35269,67.29595,35.307438,280.78766,314.96204,199.37929,172.97046,140.51625,191.09793,224.51726,49.03017,266.1204,214.67953,152.18626,196.78764,146.83186,43.39192,59.473434,247.55138,182.06592,277.7755,438.7938,302.01297,517.9305,603.7869,747.42615,231.2829,197.10544,423.0597,355.27917,191.00658,224.03998,106.48002,130.3571,227.6856,199.53041,149.03522,312.66864,228.10309,274.0123,176.37782,176.10362,289.00748,124.572334,163.7578,220.6215,254.48744,234.42271,79.856026,73.81684,25.43158,187.89485,187.61661,273.5673,864.97723,1286.6576,91.12174,508.96875,49.54242,176.75371,281.98782,197.0191,31.810354,75.5499,92.189384,153.00095,61.005066,9.741126,109.78231,286.3394,163.95776,152.27025,135.80281,570.2592,618.51416,257.03036,316.75046,171.66629,222.49733,133.80899,105.91444,292.96338,235.25014,158.96004,94.4805,191.21805,307.21497,207.98068,108.166824,110.9201,41.638866,66.77884,95.97484,258.50906,254.97421,146.63962,186.94127,99.33279,115.81492,217.58832,128.046,129.84683,92.32893,103.526535,120.69074,211.3287,166.9486,324.91516,246.85043,73.58734,139.76381,119.66365,40.153595,56.230606,248.92087,219.89813,105.733955,45.109486,166.05835,104.361,142.01555,216.19307,180.83607,81.67932,323.09195,577.8167,861.91315,203.74648,741.499,475.81332,497.811,221.57007,188.31203,166.99924,231.01617,134.89116,207.72812,129.84901,223.40427,192.39247,91.76132,79.77008,105.96031,152.40257,73.68814,135.42651,236.81187,272.49722,114.40888,162.02751,253.81915,99.024956,38.175934,212.99059,359.28116,298.24695,182.71353,207.42468,163.8805,182.88997,123.95792,78.338326,242.30412,339.9536,322.6332,250.30222,204.98178,156.68802,150.21516,148.62917,241.60378,172.42897,240.35222,352.1478,215.44307,213.03703,421.65402,723.5625,Desktop Computer,$Whiteboard$Printer$Phone$Shredder$Google Home$Desktop Computer
568990.94,244519.67,4493.6694,1144.2056,2816.1443,1744.4521,1245.2612,1515.2828,5836.56,2381.3306,1853.0098,10729.906,59011.066,45431.15,3500.5303,514.4786,226.91742,1170.5922,1469.8896,1088.9167,190.69046,196.69678,790.42554,424.599,2174.1643,2577.809,500.52725,156.469,290.68466,347.19272,370.57983,795.91113,606.9026,339.2613,160.0364,178.1461,1612.4446,4225.726,1945.8961,462.45984,252.99309,322.7919,208.4489,265.55057,458.86227,346.8163,298.93613,135.40411,167.71431,593.20374,416.51315,371.33698,463.68134,931.94324,584.484,769.0955,277.41992,143.07367,163.14429,128.67264,149.16006,192.07796,444.89185,97.58804,182.8203,178.06946,119.11605,255.1818,200.1602,100.28893,195.6998,131.39075,170.21098,100.435104,386.47974,69.26756,216.10835,378.43237,188.48964,100.94598,120.13525,209.39008,105.78045,78.24721,92.29423,215.91125,156.10222,245.98189,182.48795,97.024445,191.64279,203.71564,151.41283,169.99768,177.50089,77.8142,91.373474,510.34027,601.5803,667.7847,326.72028,395.3425,488.91257,448.89178,207.57828,187.68135,312.44586,461.32236,241.11755,155.81648,227.9403,135.53745,54.217293,178.13101,87.44994,347.74442,241.9534,240.41664,162.77344,105.82104,184.76675,234.2672,65.365234,54.43834,103.384094,140.8519,123.426476,137.77444,150.77422,136.59772,117.025795,312.31717,404.50787,736.1221,1291.53,384.66632,443.80682,210.82289,323.61176,183.68646,144.8291,133.66135,149.10738,83.76805,159.1138,33.839153,115.073135,183.04514,123.260475,64.304565,119.96445,325.47006,788.8545,339.9167,503.81406,503.24008,219.86372,96.98274,184.00218,161.48352,49.80956,109.25047,182.45581,154.07314,314.9,312.90833,36.279194,102.08061,251.66339,268.27347,19.145445,209.19675,221.58101,71.13986,46.28163,194.48132,368.66092,273.81937,349.74005,291.42355,269.906,218.04903,286.02402,330.30707,321.96503,287.92422,243.91812,189.23402,428.03458,454.25275,372.91736,497.2789,499.4221,319.14398,253.95114,193.98695,227.92815,188.50133,49.792355,166.08763,171.43819,204.62473,323.887,397.96585,469.73804,1063.3302,819.9102,480.1526,592.3917,362.61298,357.64078,370.0459,221.80347,79.460434,106.39272,97.13853,301.44025,289.77563,125.52543,159.89342,135.08139,22.945911,201.5249,182.74887,49.417633,30.499744,264.56268,254.85052,162.7209,125.386284,136.56262,51.322487,250.9895,274.01584,165.24478,74.392815,222.18832,193.15218,137.87901,201.19037,235.0628,284.6699,82.41261,97.21542,106.505844,175.58401,74.29361,300.49167,197.02698,236.40187,235.19934,348.91388,169.81717,549.7336,643.15436,653.01044,446.4375,Desktop Computer,$Whiteboard$Printer$Phone$Shredder$Google Home$Desktop Computer
566305.0,241435.84,1378.683,2478.7012,2338.9119,1453.8164,2735.7947,2068.5361,3736.8018,1614.365,1907.8562,12791.235,59978.074,48090.707,5563.5464,1972.5227,1154.052,668.10736,68.77004,1335.7468,538.21326,1751.7739,865.46027,424.1667,1670.8834,2224.2627,1132.6049,344.4221,125.38153,361.60098,235.54478,516.5452,550.6774,88.20537,398.49188,414.6626,1377.3865,3889.7463,1823.3301,66.48815,364.28433,566.749,428.90048,169.81786,417.9473,149.38474,263.14407,404.6139,236.90018,1073.5903,762.79785,385.1909,161.11044,988.15515,864.6853,446.88373,233.34059,167.08618,283.41602,301.4487,245.03828,352.7251,637.60754,273.68777,175.84325,199.31401,288.63217,120.10534,183.32753,198.2552,264.21127,151.31285,300.30957,284.75046,495.51205,323.32532,353.56375,181.75247,206.38919,134.61688,212.25125,179.36911,234.7273,93.95252,183.79411,43.570145,141.21973,149.06538,198.50905,199.99225,211.26675,75.216034,353.2966,314.0696,455.06137,117.13009,404.88358,822.41504,414.40778,294.39975,217.44987,429.08755,90.79393,138.61198,312.95248,50.51257,267.652,342.5186,282.5371,276.3147,421.50534,216.96971,84.93289,308.42493,221.10725,232.4342,203.97455,230.92868,199.96439,135.22923,207.53215,153.57399,145.51183,210.32675,220.89778,70.2929,367.54315,451.69974,205.42682,179.13893,91.88056,287.7835,518.98285,599.46326,1150.2341,442.69675,538.6864,388.27917,97.15923,82.89273,128.68408,238.37274,115.882675,156.84586,253.6649,201.06686,256.79562,187.93132,174.91122,193.92462,596.5914,809.8924,119.53166,478.05115,154.4709,148.30171,164.4231,373.93695,431.6558,261.0628,181.91591,68.7894,158.17139,310.96112,150.90681,181.52953,42.134865,130.57277,178.68694,365.86157,97.29748,120.64379,129.03992,76.14502,61.952312,190.93065,269.5243,126.31086,188.45409,114.697876,197.05106,166.04614,98.806816,58.931244,63.359436,137.0287,188.67542,83.42802,188.16685,217.50963,111.36661,307.31528,297.08688,244.16803,174.8621,282.96442,342.825,350.88055,366.7871,256.30264,156.53745,173.95187,49.01584,386.91635,962.48303,747.92365,191.24205,514.6833,94.10083,204.81026,555.8935,878.09265,667.8136,285.8827,204.7952,286.74313,349.42447,316.81796,268.64764,256.89462,270.23004,286.54468,247.76349,177.95235,177.92754,177.2317,162.28868,116.914856,89.76467,112.15298,98.07693,27.91688,204.44142,134.86812,153.0564,349.7567,376.3231,235.40157,76.40904,158.55354,194.31483,274.37122,308.63943,109.10244,73.32982,193.6663,146.31718,435.69385,643.9967,427.4032,377.5217,478.1419,335.67047,131.64479,166.39874,530.7758,66.5,Desktop Computer,$Whiteboard$Printer$Phone$Shredder$Google Home$Desktop Computer
566896.4,243207.22,2770.8271,3151.0173,1345.0527,2909.3523,2111.8877,2009.083,2669.2952,3884.807,1720.3446,13968.175,61070.535,47330.633,5201.7075,1296.2958,259.20828,237.49904,419.97604,953.30396,652.45483,923.3965,1345.2489,109.33669,1073.294,1681.6359,68.67059,71.915726,174.00984,371.94775,200.2967,519.4001,805.43884,127.99261,131.23438,399.66296,1538.0634,3664.179,1591.6417,363.1454,434.03217,399.35312,150.86238,421.98016,376.04788,266.22873,414.21982,628.2695,423.94345,736.7437,682.8712,335.31543,866.681,973.3423,106.685745,423.91403,412.8862,230.23047,326.4045,483.62524,284.78818,297.53372,516.0157,90.17555,229.30518,310.2288,137.64172,173.81477,216.71231,138.43251,68.8578,172.33315,285.8904,395.42398,670.7065,321.78662,85.840126,111.798454,125.77977,136.74126,30.65723,103.81001,131.9172,141.99643,181.58852,257.4953,225.15457,247.68004,316.20593,215.93025,176.1736,149.50414,286.2341,150.10112,337.3945,380.1524,159.00174,318.47424,250.04126,221.97974,188.84128,174.83473,411.22687,467.91516,347.36334,477.13174,475.20834,618.28375,621.6076,563.4352,396.96423,333.67236,182.16208,170.04271,204.8005,240.21556,373.46112,342.87082,154.5684,304.82028,434.593,304.3992,194.37364,159.31033,7.181274,167.31703,208.57994,22.639854,196.90187,248.72961,319.39435,351.26035,751.2434,1043.8252,997.1187,341.4858,698.7137,399.19687,252.93585,450.39346,340.89542,129.62291,141.38814,250.59666,154.73238,130.85756,219.79556,332.91293,198.63928,416.91748,593.1027,192.08478,489.75906,200.00713,323.6105,614.52386,408.4534,360.71146,370.66473,297.5116,180.81686,156.76065,168.87288,204.54659,277.75558,233.92937,254.80746,119.41556,237.93893,277.41904,194.0435,127.06406,53.486107,37.999607,57.803837,171.25668,144.6919,154.71295,202.22928,90.150444,49.332676,84.87966,146.96434,217.58653,290.90295,306.89185,269.3174,217.54124,136.92972,151.9076,178.1419,231.26743,381.98575,341.25452,133.09885,133.68372,88.96873,85.24769,147.39551,208.38852,310.45917,638.9193,811.30884,656.7921,333.6552,909.9151,499.73645,508.30515,479.86853,163.57637,213.13478,350.96414,323.05835,129.54344,39.93704,117.41118,126.48236,141.67213,149.83148,228.1732,189.33311,96.87911,272.80792,270.8391,76.22095,106.30308,44.089252,123.30271,102.10793,235.84673,277.33337,115.37774,212.78725,85.31986,66.26635,100.23157,135.02628,258.78857,157.32779,193.09323,160.36081,188.73299,110.83487,131.20985,94.79058,158.24384,268.55936,242.69482,378.96152,390.58206,425.4973,212.68274,94.12615,308.12866,725.6759,704.5165,790.53125,Desktop Computer,$Whiteboard$Printer$Phone$Shredder$Google Home$Desktop Computer
567629.6,244525.58,3303.2266,4299.84,2100.0227,1224.7855,1911.952,2825.213,2144.8386,1195.0197,3218.328,14160.527,60891.5,46076.613,3281.7676,1606.6891,1826.7854,706.2398,92.5047,917.7672,743.57715,1478.1934,377.79443,893.78723,2484.894,3007.19,1064.6664,361.96896,188.96434,591.4958,560.41187,577.5041,471.57156,321.6376,437.951,45.985836,1471.537,4110.93,1800.2717,100.066986,232.88231,287.7679,214.36528,250.73677,108.73044,160.76686,173.8187,296.3735,427.83908,1337.3978,1219.1217,965.099,588.71765,407.19418,737.85455,464.68488,309.2841,180.48764,285.24045,230.49315,157.20111,346.2603,590.4367,203.61288,123.080444,128.3758,265.69785,137.2188,190.60355,129.276,139.21196,186.1446,94.44266,353.71048,516.2517,299.0124,62.174263,206.6071,123.45587,151.33345,195.15935,21.402214,94.50433,111.76866,213.58737,87.78729,219.83266,251.51758,281.919,248.96918,133.74373,201.66483,304.91815,242.03041,197.75099,49.28281,277.41968,175.06448,481.03546,477.94595,230.61789,739.8268,684.61456,612.0623,676.2152,560.2787,81.44439,276.80923,124.509415,221.01364,53.971905,216.94463,270.919,29.87768,148.61693,63.779194,187.64561,254.36281,101.61846,316.4694,61.629868,200.56984,191.37029,166.50636,161.38412,64.32708,105.161865,142.5727,148.7469,299.891,312.8856,302.93503,243.36058,492.34653,814.9353,272.9362,662.8162,360.6472,402.91034,400.8522,51.96771,208.09332,38.34852,193.34592,193.69862,164.1049,82.97166,225.13113,186.82167,61.64805,170.59517,470.88104,910.76215,584.76733,256.17776,159.84193,350.26392,147.17628,87.305176,223.19934,213.87206,59.027756,115.37585,87.15783,89.026215,200.91725,262.4272,47.027557,205.55591,208.66745,127.32276,26.539251,140.78899,158.61432,188.11134,169.6174,122.86996,210.5604,175.74648,145.27972,178.51463,131.6975,117.75177,39.309242,111.61746,168.6294,194.45087,70.496124,70.479866,168.35939,226.81863,209.23094,299.76947,142.95787,174.3153,28.052126,178.89467,327.19125,290.465,55.426205,188.50624,331.84366,662.92163,697.75446,769.2276,536.7528,582.58044,639.7025,877.4881,519.057,341.75632,310.39566,215.44186,43.798763,193.77219,361.76813,300.16306,194.53804,129.13681,201.35376,123.77151,60.12242,139.94164,193.97862,16.763748,96.90914,98.27993,71.24201,65.682076,114.37173,134.31613,153.95752,138.82613,117.81252,114.587875,44.03562,26.948467,79.382965,130.02371,205.79582,229.1405,277.75662,236.93665,168.02548,106.4846,77.97655,226.00366,63.12539,126.00494,278.2284,81.27308,200.98805,52.321854,575.2038,433.77576,280.46527,318.71875,Desktop Computer,$Whiteboard$Printer$Phone$Shredder$Google Home$Desktop Computer
566650.9,241950.27,1061.3107,2958.7964,3307.111,325.5873,871.5124,2606.938,4578.128,1680.2429,742.9061,11460.568,58936.39,46681.887,4975.06,1707.9502,1304.848,372.3148,784.7163,738.5516,835.4131,1231.1812,1324.775,769.35394,2053.3257,2778.6145,244.83644,511.90945,676.7317,306.64136,379.4336,670.9053,967.3299,556.4577,571.134,864.77997,1411.8533,4084.7307,1950.3519,525.4884,234.3034,305.02542,91.14,295.33163,36.513596,124.62079,278.64462,351.99152,352.94873,870.27466,742.3176,352.75482,1156.2524,833.31384,253.164,296.22742,405.14267,319.86996,373.62094,514.0394,307.5955,303.07568,791.1935,127.74079,267.25772,176.40128,313.1581,145.7741,279.5332,180.96715,369.8119,169.00357,133.62836,37.61563,139.76823,186.22426,243.66142,286.4112,137.62163,62.271217,80.446465,123.53259,173.19963,137.45256,182.06465,84.50939,216.0676,145.4091,289.15976,210.27649,252.3801,198.31569,412.7389,158.65208,73.98439,161.87816,228.39299,389.36267,447.57867,596.5445,259.97943,686.9554,172.71375,149.09674,336.9779,518.08044,272.93475,377.73196,102.289764,123.09949,389.7193,89.86459,66.85551,151.60677,240.06267,157.44673,159.57625,169.97942,333.54578,332.20312,265.39368,240.49338,345.69482,133.32794,202.523,102.95259,75.28695,76.61696,146.91364,27.850317,127.36048,296.84116,344.56763,916.89087,1237.5363,435.87955,408.39206,366.85693,464.61563,123.79337,194.70561,181.39212,296.47928,121.54512,130.95847,86.05318,94.88058,146.33646,196.487,472.57678,411.8916,571.1699,311.3977,554.44867,243.33017,130.60626,406.85846,235.15903,146.3868,85.80756,180.95416,96.12324,90.411674,58.587234,186.79599,175.73932,413.36655,361.0942,90.308914,189.8321,62.400078,146.0483,251.35866,61.30625,116.515945,56.52272,181.29086,235.3519,376.93878,235.26125,209.65092,203.12901,391.25806,357.41772,341.57297,173.18542,241.8385,208.45361,278.89215,180.45804,171.18121,31.813662,327.85547,304.37677,240.73894,162.95528,168.83345,143.57095,311.33572,156.70512,250.31506,702.0466,846.17957,885.10846,105.89738,661.0757,690.9273,759.38074,667.8935,215.52106,204.89153,128.19876,330.02988,194.85367,213.03198,132.35527,346.8848,272.247,154.10208,278.42007,444.68713,216.92117,150.05237,264.05624,302.17538,171.60751,191.89685,41.13084,119.33486,55.24963,88.21827,102.0178,238.77917,190.8029,220.48772,48.60694,230.99432,228.04996,245.1223,235.99132,111.6003,68.08077,163.26106,166.01645,63.042404,279.5875,49.259964,95.97719,52.709496,117.90537,114.1218,154.75713,350.25082,563.2331,666.64557,447.70837,483.46875,Desktop Computer,$Whiteboard$Printer$Phone$Shredder$Google Home$Desktop Computer
568678.7,243077.66,15037.952,9121.599,9368.621,7224.176,4152.921,6757.01,5011.2393,2847.415,3474.876,6796.3403,55033.535,46196.973,4451.381,2887.63,3435.532,2072.3076,2586.4058,1994.6694,3172.6355,2461.143,3436.5686,303.22632,1664.401,4174.8345,3775.7058,2172.8904,803.6271,929.732,1881.9418,2130.246,2514.0027,1158.0398,583.5318,714.6618,2483.2722,4509.9775,2247.2295,342.37857,804.5209,1416.9941,1588.15,554.35364,793.20306,721.3791,759.8479,504.3954,374.12677,518.5035,145.55684,716.2635,475.90585,550.5999,655.2572,380.6817,93.2534,810.01697,403.73825,340.40582,279.05826,658.5051,827.9297,283.72333,880.74274,836.19617,454.51703,417.13354,892.14343,562.2519,286.11258,255.41899,538.3095,514.4982,567.0421,241.11847,163.30751,511.3821,505.17783,443.8847,486.5122,295.44336,322.69485,379.3124,290.76785,126.080055,219.70802,178.65387,244.40831,244.04617,468.55157,308.17764,37.08731,225.37012,394.6948,358.77197,278.01303,162.81099,137.56406,379.92578,744.20996,504.7086,376.82144,311.73022,391.06677,169.29285,116.52175,233.86154,128.89478,351.8272,337.7414,203.63531,291.9009,282.9864,274.28906,216.29742,94.714386,138.4344,456.38617,457.83566,132.84412,331.52158,119.00586,220.49713,323.71945,127.35152,220.54645,312.5727,178.7416,171.7122,378.7434,171.03603,188.2182,574.0991,1086.9282,409.17426,481.6037,223.073,494.09515,210.70569,127.423004,154.3861,86.981544,376.0221,595.4049,597.82513,489.4043,344.8725,134.59323,142.64357,507.11453,1229.7645,882.9196,233.26367,843.1768,1232.6335,359.59708,531.05884,457.877,278.78903,362.51968,235.9945,149.71356,272.1592,193.69994,102.91795,131.0048,518.8374,641.39014,186.7913,679.61273,125.07823,288.7749,399.85455,514.9474,114.2283,104.76311,416.0711,144.03137,337.4181,62.99155,320.3745,400.10492,106.56807,444.47714,298.20102,341.83643,243.71797,309.13968,162.29895,117.98529,63.094337,367.34396,327.89404,135.5804,170.79666,298.77246,468.24292,292.5372,335.86942,369.09555,586.6423,722.01935,994.8344,824.4318,598.85187,1103.1754,362.15692,601.9053,328.62872,288.22903,378.69846,461.52237,497.13242,344.24173,125.71774,95.20369,377.84647,495.4352,332.88528,124.28195,236.89026,140.2159,298.6589,305.71735,248.67435,696.4158,591.0962,61.219707,380.94202,389.56467,496.30084,427.65314,226.76909,280.63745,125.76014,330.80615,532.369,402.38873,140.12842,56.210068,58.21279,454.48788,305.1556,297.34164,138.05566,227.8556,299.6535,455.85025,125.54111,218.39398,305.02884,620.165,621.26685,177.91412,256.1141,331.5625,Desktop Computer,$Whiteboard$Printer$Phone$Shredder$Google Home$Desktop Computer
564980.6,239191.84,10613.254,20368.879,6785.7593,5490.5054,2585.2805,2599.413,2469.411,4530.7173,9027.489,12105.998,59422.676,45326.035,3393.3743,1187.6837,3090.8374,1588.6298,2640.876,2878.409,5772.3247,5629.6357,4787.149,2412.0159,1307.3673,2109.1294,1877.2072,508.73203,374.40756,1556.0885,1622.0447,2523.4695,3348.0266,3734.021,2463.0933,1272.7417,1784.0503,4501.803,2426.6162,811.2671,1738.3058,1478.9199,554.9687,1337.5737,2009.4215,2072.6484,679.8995,719.28314,856.43555,874.30347,634.13007,838.5535,1192.3248,1274.1793,453.4084,558.2691,919.80884,589.32965,205.91986,365.45642,600.27673,494.28543,923.4342,656.7752,557.44305,691.48065,575.74664,110.94715,556.53143,227.88635,533.32623,399.2059,302.96088,419.85114,721.58325,685.3948,513.0562,87.81034,482.89618,243.3411,119.390724,125.99752,180.06921,559.97064,329.96423,113.598625,407.5101,390.07016,290.95096,712.66003,664.18994,193.27472,390.66483,374.48184,603.3453,413.2824,402.63345,594.9729,407.99524,470.129,636.8683,895.25745,694.9399,243.83783,494.6846,627.5554,187.78073,462.35947,407.89383,405.65637,300.8672,65.568794,89.64045,131.93997,291.7046,198.99564,163.46243,354.64294,431.71457,446.01498,694.74457,582.28345,339.45053,463.33585,375.32123,78.51578,455.6409,492.31598,193.37325,310.6185,530.2587,506.92545,442.79608,847.7666,879.67957,619.36237,780.2176,196.98941,250.74834,458.94864,631.67194,295.34824,154.07355,100.11494,366.23663,212.48344,339.61713,492.08255,388.97842,226.2249,273.15686,219.54832,276.6796,391.89734,270.73767,421.53882,337.2458,205.8644,183.3163,279.1951,430.2491,37.404762,118.42013,111.8082,227.80975,465.42673,250.20619,118.504944,403.95166,510.09006,852.5159,608.0196,340.2309,237.0382,528.1325,479.91675,205.70428,386.6156,591.3859,191.17976,550.6166,387.5549,254.62743,657.0296,562.1785,108.71908,407.3563,529.9634,276.48105,253.68198,715.71094,615.46936,178.90324,166.66257,413.87814,656.30896,343.81598,94.53372,374.43225,359.05038,731.50464,413.11166,307.45938,156.47972,922.62335,833.3762,559.8956,845.95703,544.46765,456.75525,163.53796,452.17593,385.88486,606.4805,460.94247,289.31458,106.85543,317.77554,84.54789,378.50882,502.43903,355.73447,227.65982,238.25899,399.92578,401.3595,38.643593,152.48264,475.73962,53.08069,487.15216,355.7432,359.4469,280.43228,302.0747,194.45287,105.53341,105.881836,199.95604,401.81622,431.26584,157.6788,125.13812,155.33836,237.15958,242.40746,187.07616,87.95459,119.12809,550.4063,673.0679,507.95474,362.88104,573.64465,95.40942,585.2003,740.21875,Desktop Computer,$Whiteboard$Printer$Phone$Shredder$Google Home$Desktop Computer
572617.0,247218.36,10065.345,15362.475,4150.608,9118.586,2686.4602,5092.806,8840.856,6993.9585,1982.4882,13946.95,55604.047,40742.746,1318.8584,2563.6367,2939.4766,1753.143,5315.576,2549.411,1044.2982,2379.2288,1019.50446,1955.7078,976.46924,665.8364,1699.6285,1616.9556,2186.5198,1888.7258,294.74402,1315.3762,2142.5508,2087.1128,1207.7267,620.99854,1268.5862,3492.9644,1393.261,1524.7354,555.04456,521.6256,1161.1775,847.5993,637.76575,1652.0021,874.0098,280.62628,973.2205,1214.7094,1715.5479,1646.123,893.5862,751.7246,950.69116,791.45703,591.4975,507.53314,716.0025,357.04663,140.82162,683.9836,1061.2285,524.65063,670.0173,359.2814,141.25253,287.25818,435.81747,187.531,111.45557,469.55942,550.4341,516.2542,478.2496,274.7128,575.35785,781.2138,87.6607,299.27496,413.27716,673.29315,283.30862,417.24405,361.05185,578.1792,318.34152,121.418465,321.17236,185.61319,345.7283,337.44656,359.45105,292.7408,574.221,454.05588,560.76483,634.04736,482.32977,515.26276,157.68016,195.1646,424.28082,726.1209,623.7279,83.487465,459.1022,253.47472,543.51794,605.6715,546.05774,372.8594,52.777885,287.51422,561.6198,129.30936,277.31754,588.665,616.6186,196.25826,511.6817,140.09102,443.3996,590.8118,76.41711,287.13815,258.04074,690.1472,462.7945,353.75623,443.31808,1008.7886,980.0484,947.1659,1015.65125,633.08246,930.4015,494.1888,675.60736,184.79694,21.258953,168.14723,281.8548,171.27142,368.08365,80.3758,425.51324,613.61993,205.41963,235.56326,495.0322,532.7438,594.8671,644.37915,226.73344,491.98883,360.62097,46.300636,63.363647,201.43315,117.70623,292.42014,197.4829,99.22186,94.084984,421.00537,119.61066,525.3352,650.18286,303.41382,152.68593,143.58011,213.1908,440.33124,507.1895,172.8046,230.69809,215.62071,171.90599,340.25793,124.08231,518.7262,509.25333,193.64337,214.42825,316.24667,250.4391,489.56314,414.61664,619.3797,649.65826,331.41562,225.83926,300.77216,592.376,810.83527,466.84473,233.17613,196.91864,435.05957,518.1656,105.0482,340.17337,532.28986,260.31625,319.55865,1000.19824,627.74457,302.04633,417.2568,488.62656,328.3046,520.61206,308.76968,119.75278,184.7183,278.39288,244.36427,371.25958,101.09515,275.72446,75.78921,337.06696,463.5012,160.97575,142.79489,202.20436,383.5899,321.70773,208.29097,223.65604,339.07178,501.72406,454.80032,322.1375,281.46024,393.72275,252.11267,110.07681,370.79636,205.53133,190.97083,97.12652,313.99182,330.76047,471.92188,587.7408,308.19315,218.41316,161.23431,396.15787,631.4368,360.05072,293.79636,787.61926,450.1713,351.03125,Desktop Computer,$Whiteboard$Printer$Phone$Shredder$Google Home$Desktop Computer
565881.25,240505.22,7402.172,5251.6333,8341.735,11154.645,5682.663,9262.572,12884.214,6333.9014,6921.245,20731.691,60425.22,47247.64,4164.844,5440.1177,4966.807,3778.117,2610.8213,1737.5929,3296.9927,5101.292,5708.0625,2958.8398,1498.0094,4005.1418,3388.4604,944.5387,3489.1829,3061.2417,656.5122,2137.822,2407.5618,581.57355,1482.0273,993.2425,2559.3376,4968.8267,2809.0803,372.12207,655.1856,222.15305,423.80862,221.29173,852.3417,1101.7389,1026.0072,1025.6664,278.18378,1310.1141,192.59177,469.29495,597.0387,899.05615,1162.265,1434.4397,1024.9818,1222.378,1371.8271,558.11993,87.69193,1054.5503,1299.2112,573.962,339.74576,123.95665,212.60988,292.0857,171.86559,591.0527,181.57352,240.07979,386.4342,136.9593,300.38672,405.4961,443.5711,243.6868,356.09152,174.1492,782.8314,817.23694,551.58466,336.156,406.80148,308.98148,256.00696,593.8289,573.78375,502.30557,424.37006,221.8754,56.97447,172.5327,245.058,254.22017,364.0659,461.0505,368.60803,284.12668,310.86124,530.36383,878.9436,405.81946,430.34567,340.20892,246.53941,451.4353,225.14357,743.7364,163.50192,68.66169,371.98526,394.1035,192.05803,429.31708,132.49442,523.76984,278.59445,261.5087,609.09094,285.84366,264.29007,559.83264,316.05087,360.654,427.48636,283.80237,426.45465,887.2113,505.82132,125.9983,513.3656,727.64996,863.9743,581.8834,1248.8228,962.84674,344.66922,404.99985,376.19913,339.50876,278.01486,447.0045,447.298,482.7932,333.42282,353.60333,420.53046,273.08893,568.36676,472.64206,634.5048,1232.5054,1114.0851,303.85852,201.4228,433.9731,441.66135,448.04733,457.1285,660.69714,651.2999,305.67004,318.02557,383.28287,115.083435,256.56573,205.14348,272.94638,122.00721,213.27832,184.45561,201.20398,479.83517,377.31775,181.25696,211.17279,266.0048,444.43982,195.5722,108.408714,273.0848,188.52403,136.34464,221.5903,270.1727,469.68307,520.95355,508.13858,332.73187,254.03708,99.44734,107.05649,134.30672,165.51564,308.60312,371.43604,237.56737,387.44693,435.7564,397.76807,496.13138,397.86853,358.52078,1068.4135,960.23926,734.54675,424.03238,188.17984,238.95589,341.84567,571.01715,380.7432,285.28513,104.48987,296.9597,150.91823,387.09875,419.3604,313.72235,302.59094,210.84843,479.76886,268.76117,315.9142,334.07565,374.50986,69.42958,114.551605,376.95126,152.6285,187.28242,398.5176,200.50844,187.38911,373.76263,266.12762,266.65424,305.92493,216.79439,429.03238,527.7876,407.02753,312.9421,274.24994,321.39093,233.38126,199.9447,145.86357,212.71918,77.129555,86.06968,344.95966,468.8413,429.23874,566.875,Desktop Computer,$Whiteboard$Printer$Phone$Shredder$Google Home$Desktop Computer
563860.25,237937.81,8052.9243,14977.226,14152.189,11146.804,1316.618,9198.682,12266.471,6749.7427,4324.265,13108.155,55123.902,39731.02,2286.2441,4662.827,4311.867,4581.2773,2162.053,2665.134,241.34071,2700.0447,1071.9261,1336.5642,2394.684,5518.947,3490.77,2092.415,2439.626,3627.9077,3789.8484,3413.9866,1784.4657,977.89496,1671.6543,2169.9492,2879.414,4544.359,759.2725,484.07196,1350.66,527.45166,841.8976,1073.7749,1302.9865,614.625,912.2523,255.57693,471.61102,1532.7675,1499.7543,855.3032,1130.8652,1158.7067,282.35742,214.2782,337.9903,535.1905,325.07217,822.0166,375.0051,888.5339,1575.1736,255.99155,155.12148,268.34512,183.60675,472.02158,512.3465,488.83008,604.5205,417.7662,780.506,395.20596,192.03416,557.52466,320.31342,582.68317,564.9448,427.62598,427.81107,679.3892,518.5959,311.1739,52.571373,440.96344,212.31584,110.44795,403.0832,240.0446,434.76917,219.84499,307.2664,213.5649,365.66785,585.3568,586.8303,364.01944,280.77673,399.8425,213.71884,912.0894,922.5517,229.50467,391.5664,691.5073,679.61346,288.1252,218.31746,724.79297,330.39053,234.04791,173.02367,154.14432,222.9097,128.23248,262.24808,709.00824,528.47943,332.6638,144.02097,187.36798,249.94814,470.70062,183.83606,399.75684,414.32855,378.67963,344.27692,480.95163,464.44955,335.86786,180.50798,729.4102,1414.9839,267.82004,890.37585,507.6507,515.8553,461.42538,508.42047,595.9434,498.27707,576.0087,379.23407,281.49478,250.81401,195.22519,74.91269,506.43176,666.9156,290.96536,192.91716,498.846,628.9477,268.20175,357.5429,122.46869,113.465706,288.04706,145.96487,148.60735,344.75214,368.14993,354.54883,22.085814,218.57295,215.35614,546.67053,230.31787,181.65349,140.2828,362.6685,370.21323,69.78562,215.58075,320.10828,315.78497,362.89954,423.83356,150.52728,462.79202,244.70528,274.3291,418.00784,447.0516,858.39935,467.4788,334.77988,436.2427,424.2899,428.99484,407.79132,533.7737,272.79532,117.80353,225.01653,516.9121,433.47153,454.97656,491.40045,480.99332,339.473,212.11906,417.3638,1023.78674,760.9022,313.7107,165.15167,51.29044,202.57268,79.90467,161.31262,217.29697,342.78854,304.33694,208.61668,394.95184,634.94,757.7494,410.6757,212.84848,382.15692,270.3032,498.3348,811.05237,703.2361,279.31287,373.77106,266.6308,286.48145,453.24728,247.89928,113.31086,210.86652,245.46968,252.75124,314.17465,296.7739,556.6219,251.28894,127.029755,341.99142,281.714,197.34601,51.064583,269.9705,109.88844,258.4875,406.99683,447.31534,501.85178,585.6459,144.20067,510.6958,776.50446,264.78125,Desktop Computer,$Whiteboard$Printer$Phone$Shredder$Google Home$Desktop Computer
569561.8,246365.17,12816.532,4042.2422,13512.696,6294.5464,5928.943,6040.8438,12865.356,7454.2065,3402.9717,8486.045,57203.906,47166.18,5628.064,1839.942,1622.7823,1682.8285,1333.2653,1927.879,1596.5975,2961.9973,4165.9526,1529.8644,2136.887,2030.2041,1116.5525,1880.0243,3292.223,2469.3745,2950.3328,3095.1687,1407.5516,1203.9708,1589.5067,1669.5544,773.9,2928.0908,2170.1982,519.6244,706.37683,1667.5251,1102.1664,1027.602,1235.8053,517.35516,624.7207,766.57416,455.05133,558.6904,723.04034,1128.7534,932.94073,756.2784,963.46674,311.84067,789.26465,844.0825,1366.6853,1138.1306,1099.5262,977.8333,1347.5509,1309.6707,965.23914,1190.8707,748.52136,284.82364,350.16632,495.68185,446.78003,764.54706,548.76556,732.36487,818.0111,644.01385,199.6796,80.2311,424.5167,565.5639,560.7617,454.08942,189.88248,422.03067,362.29813,162.5626,205.58746,136.78566,550.91406,267.7121,517.51337,362.6829,295.8431,149.22604,141.70332,232.97842,456.7612,566.516,280.97842,446.7025,442.83173,693.49713,762.1316,289.3548,97.801315,703.0978,719.60706,74.25246,444.3092,663.4859,547.8047,130.17345,181.83781,366.53107,292.15256,439.69858,67.780556,535.81134,192.393,117.78897,365.258,672.888,478.4776,320.75198,333.7759,157.22067,412.6117,280.70874,203.06891,110.219315,404.5057,259.74744,442.86923,1266.9403,1347.5336,140.44539,452.13733,128.94945,378.56024,292.7662,182.20543,351.07043,442.47144,263.23117,512.6887,417.80936,194.554,260.9195,487.63126,331.4592,627.5945,614.2574,408.56943,297.48984,434.11646,607.83044,584.5919,408.56628,455.63663,185.4466,50.59641,145.8868,171.5653,338.37616,561.9103,90.478165,132.8611,95.528015,429.59583,293.06265,84.0158,245.00049,393.7398,295.31195,233.91913,474.63815,425.45996,394.15228,277.06818,339.6439,430.01486,118.85327,291.6903,374.1095,424.73645,211.93741,547.3616,189.08827,515.04205,308.35437,96.274445,26.498747,118.955956,486.7712,590.86804,513.17426,130.78098,413.1541,318.83762,252.75882,129.38878,411.22797,394.24725,95.635475,405.69806,990.3769,508.95456,372.30795,514.76697,480.0312,387.98373,467.65323,362.08704,131.38681,130.9561,306.3883,180.21788,237.93378,117.98198,255.78577,158.94873,104.677666,157.09071,230.18443,299.20752,301.42587,66.42694,308.35242,238.18983,378.3714,140.32721,199.28542,406.72687,200.32048,249.02582,102.26809,351.5356,423.21732,329.66266,308.9053,338.57422,214.96524,480.87152,200.25299,180.4372,360.03293,416.86398,276.48114,372.96536,212.94807,425.43613,869.5838,986.43555,397.81696,97.06033,387.04385,682.6875,Desktop Computer,$Whiteboard$Printer$Phone$Shredder$Google Home$Desktop Computer
564882.9,241007.2,14078.409,28569.568,12867.448,3115.6067,2504.4739,2805.0884,4356.5977,6372.822,1577.119,8724.264,57466.703,46533.99,6250.032,2856.9429,1502.7306,614.3703,2595.652,3871.7085,3611.4155,832.57263,536.4327,1983.2854,3661.8877,3561.0955,679.4279,1151.2782,1472.1145,850.766,685.8042,994.75757,2019.9988,1954.0322,1128.4258,207.74303,2193.031,3992.6067,1616.16,1794.5823,1339.8268,401.17657,361.4851,838.6139,515.6037,1610.323,875.8934,380.21902,267.59103,1197.0198,1498.995,569.8178,347.86456,330.79236,698.32623,689.40656,775.7921,634.9989,343.48718,487.46338,468.3065,383.21057,275.63034,163.56123,293.86707,385.97827,141.88371,446.60245,436.7651,497.13162,607.95306,526.21783,334.56998,131.04932,196.27147,277.073,241.37524,101.346725,280.42255,579.72327,593.13605,308.69348,297.61957,593.69763,465.7251,223.53738,272.22684,469.03265,255.09097,89.81107,207.85486,441.62607,451.14493,819.6225,668.1852,192.49162,118.6962,133.37164,54.368942,339.99683,555.88525,486.68784,332.88663,332.5047,569.55164,717.2559,149.2749,496.36276,281.22955,505.2201,381.79358,138.69,303.0176,358.3325,76.09992,260.29712,341.95905,632.3185,363.58786,230.61375,173.74236,267.48752,215.41162,507.6444,219.11565,263.3714,103.824295,109.952736,310.88928,716.02844,600.31335,505.8551,112.18861,677.866,1060.587,45.977108,266.90747,496.16623,412.65018,142.23581,225.97281,154.0137,66.89241,157.7176,405.24536,166.13234,516.47314,606.9267,497.14856,229.85454,603.65497,456.76968,209.05304,691.46387,347.58292,476.92807,248.11725,209.40239,64.367386,168.76703,318.29724,254.81493,142.80952,155.84482,446.92798,463.6408,292.31396,373.67822,300.33716,440.99393,601.7916,387.25336,158.76979,212.21996,341.8815,199.51566,417.54688,320.2154,211.8158,236.40906,435.87192,531.4016,345.86823,241.40099,344.6966,153.38791,62.141243,302.24658,418.87393,299.63632,498.2212,354.8946,89.74073,314.60455,556.2744,524.28595,347.31,584.5526,655.29236,660.5337,364.2474,291.78726,172.63425,557.45526,710.5318,510.89774,879.6117,174.74895,403.16586,453.2634,353.1155,240.64127,480.5131,568.2905,495.66446,304.44263,180.59859,470.716,242.02405,182.82742,241.88406,131.37059,347.14893,388.6514,103.81799,286.07623,187.47247,153.24066,379.64273,591.33545,504.76007,310.62476,81.19438,320.98386,90.61275,132.87535,189.912,342.28812,412.27005,655.78864,598.8538,313.25558,203.11673,94.17796,31.614584,133.33618,516.71967,791.68036,479.09906,284.92804,106.992004,70.188774,325.37085,612.2179,408.83148,236.75484,216.0,Desktop Computer,$Whiteboard$Printer$Phone$Shredder$Google Home$Desktop Computer
567860.94,243716.25,13079.096,21223.16,1922.8112,4815.3916,1710.9615,691.5041,2037.9492,4213.3164,8215.446,15111.99,57334.617,43245.4,1776.451,3624.076,4391.215,2603.244,2262.3203,1133.4327,3120.827,4268.9683,1029.4514,2787.072,2640.8684,3096.8987,553.1781,790.73395,1100.6876,967.1828,1647.0151,1668.7335,1519.4287,2113.8225,2077.2625,1034.679,1537.5616,4462.5845,1836.9075,779.2163,952.70337,353.60828,596.3217,1195.1737,1141.4463,689.9838,603.8966,205.80489,759.4799,1020.37286,572.5399,1080.2406,845.806,489.6851,623.73553,555.7281,402.92123,312.18906,342.9374,453.2847,494.2205,982.1495,1104.0968,962.5164,418.94147,550.13,524.0273,286.13525,195.0416,281.58896,159.71802,556.1393,638.7409,395.54013,816.97687,395.33847,413.09006,437.99368,179.43288,409.75793,217.86154,184.7284,209.08258,343.9116,215.17488,149.69656,159.21208,25.516113,358.25983,156.50638,170.92671,23.711065,286.55203,441.24,254.85754,89.94679,136.83395,128.71803,294.41382,921.8695,630.62506,515.97015,721.721,323.58554,711.4125,382.7707,361.80188,285.95523,153.33653,457.59726,128.29521,264.62634,384.29755,56.568485,308.036,504.52557,155.58673,107.85959,142.69814,24.860569,262.8895,180.44572,158.3077,395.24936,266.07504,105.45663,392.59225,268.29312,444.39572,383.22726,273.00183,135.78668,820.3255,1733.3192,1732.8529,455.64362,294.50003,347.91156,519.5872,484.2919,532.67175,208.3792,68.36167,126.028984,230.39919,111.72937,309.2602,194.98434,196.95122,590.1299,534.41693,406.8962,524.98016,507.8682,420.2155,805.994,289.6018,224.70348,127.1065,211.42395,511.94165,372.05624,78.21964,277.819,206.45416,140.59105,195.05357,86.2405,146.40182,177.7374,248.00583,205.51955,194.52214,190.94913,278.5482,143.32895,168.2976,256.77478,267.2288,219.40358,173.86975,291.18402,348.4744,433.95065,229.65819,324.3227,447.31705,551.9773,211.56009,336.03555,249.5948,304.97824,284.36426,459.41345,904.0521,724.62225,118.908714,212.46587,292.3127,291.47955,418.26096,268.7168,235.57596,414.2639,641.3151,865.8046,169.0892,964.4132,1072.8413,817.8511,872.21783,594.8993,258.71255,288.37775,382.9563,391.37766,134.14662,294.37576,204.59546,309.60797,351.003,156.38342,247.86107,174.86302,155.60963,257.41083,130.40079,248.87202,300.34946,100.43937,271.89307,449.56473,323.99033,230.18503,300.9126,364.6333,421.6812,59.29485,291.43423,365.5594,93.57747,260.40588,424.39447,287.89838,154.11876,221.71265,183.81236,214.7202,183.54224,661.9771,513.61224,359.87375,199.14893,34.149185,235.56487,248.22711,157.6875,Desktop Computer,$Whiteboard$Printer$Phone$Shredder$Google Home$Desktop Computer
570935.9,247126.78,12540.79,14056.893,11633.317,10230.097,5832.638,10663.853,8360.104,3337.5044,3501.6472,18680.564,63765.477,51777.33,6884.195,6396.2754,5335.0273,1248.7999,4857.516,3703.1765,5317.7573,4411.6963,648.4596,4935.9746,2489.3723,599.9543,2531.0789,3657.025,1510.8956,2541.9048,2633.2358,1204.5667,1670.3917,861.76697,770.19385,381.39383,2967.371,4645.3735,1442.3044,2314.1143,1903.3596,140.73694,1919.8112,2141.4534,1688.059,969.50964,59.974636,93.79589,456.19275,782.13196,874.6963,1772.4366,1612.6632,1770.3857,764.5287,1650.6392,924.2623,656.74854,778.58105,795.9477,733.9394,347.86832,131.94753,417.61542,311.12323,718.08594,539.4274,404.32712,312.33405,340.89523,68.76957,636.7906,396.30188,319.95953,682.60187,293.8737,259.38486,277.66995,332.46817,295.90823,418.73572,237.23656,370.1546,307.19553,346.28818,535.17664,356.88788,252.49413,301.6381,58.970074,188.58528,465.84967,812.6844,743.7365,149.1931,273.53098,199.59242,468.25348,482.0877,617.4342,895.41724,840.72473,231.9234,402.5827,135.44519,264.31122,366.2024,576.31665,870.3644,754.72314,593.30896,449.0416,294.9178,334.99402,240.22906,342.41998,149.01727,227.80081,240.3909,219.52873,358.69778,554.4802,476.86884,234.55255,334.3255,225.4349,157.15315,296.47296,387.58258,221.8318,405.12692,597.90875,663.7492,546.5484,871.02966,152.531,539.664,443.07745,164.58426,414.19833,871.3874,409.82852,230.68806,20.911644,188.71088,272.54324,96.023926,261.46063,305.1086,706.15045,396.84216,219.65526,975.26355,731.43726,634.6178,663.6977,668.10675,214.50934,287.61636,610.39667,615.42535,322.26862,279.11133,553.17035,703.73254,298.01736,79.10912,306.73538,738.5328,493.8104,44.453835,90.074196,441.04343,267.0645,109.509926,81.314545,405.05502,133.56522,150.43816,108.28907,163.60512,161.66118,461.64877,775.64667,334.59564,343.08514,238.40964,449.8832,586.192,327.52692,266.55093,491.4255,485.68143,165.0611,134.77715,509.46606,380.2627,104.82531,124.734856,750.1657,533.2548,206.62321,168.6102,630.1273,896.99316,550.02216,338.6363,1040.5823,829.04285,504.03683,254.46477,484.9532,220.54425,586.29895,677.38776,314.3795,783.28046,479.73538,151.96779,153.85223,22.803183,113.22988,347.3568,380.0309,246.72586,187.47006,322.34528,91.40017,138.19775,172.35472,112.71627,67.02592,206.21149,302.1359,358.19922,529.57336,532.20886,705.271,279.42697,499.3427,166.73006,191.27817,146.36972,476.94766,219.3302,316.70102,282.1388,319.40143,71.54169,214.16081,466.95612,376.7841,205.53667,429.97174,510.589,442.6838,259.875,Desktop Computer,$Whiteboard$Printer$Phone$Shredder$Google Home$Desktop Computer
567167.0,241137.44,8882.507,10725.079,7377.601,7359.3164,4901.2837,15393.396,10234.321,1194.1903,3674.4736,10920.059,55349.574,38455.76,8284.089,7455.4463,5128.2334,4820.455,2467.8838,3853.9766,3169.5518,2112.8962,3159.1074,287.80545,5563.1157,7059.011,5269.579,3924.3772,2955.0393,466.36212,2645.7249,2095.1838,3040.2336,3118.795,1487.5121,2040.5531,1659.3103,4647.4688,2240.2246,1075.2786,1584.1747,966.9455,219.29631,1362.5662,2303.449,1306.9542,1198.4387,932.8025,760.2097,984.39935,1586.7817,902.13617,201.4271,586.65686,1190.9231,1704.3368,646.6431,529.8217,605.984,848.49,1002.39905,982.429,914.8773,326.4209,268.66824,413.05862,435.78363,269.5241,323.15973,694.82294,493.11206,609.0875,756.2347,676.6622,1322.9635,969.14484,363.69775,322.76224,366.69003,458.41428,240.72415,330.62354,51.985664,77.91783,192.74893,199.97635,206.17635,183.26962,201.60127,176.99622,399.99542,344.78085,132.38719,294.0413,280.1102,19.917513,538.38226,1119.9357,637.83,83.0615,305.88638,391.96252,567.00055,881.17114,658.0735,554.9916,520.20544,257.49884,345.14218,529.54846,519.963,680.2602,171.03897,114.24065,227.57712,191.88174,283.24423,413.76147,400.04126,325.08884,391.8766,326.22864,329.04413,73.55752,155.91367,112.1082,211.30049,278.17944,271.29385,282.7158,227.49725,226.42293,335.8423,951.5385,1310.2662,369.9328,547.69775,374.97983,143.48073,124.079414,427.98874,373.29092,114.29942,397.51172,576.6776,573.12665,419.12814,151.61919,316.4795,232.48006,359.64783,168.10628,298.52423,681.96234,409.2705,251.38889,537.0819,461.00912,150.19731,286.66833,158.7261,338.63586,404.07697,247.01808,256.42712,461.47647,307.96735,51.65223,47.141148,503.08676,233.02132,139.53026,129.0882,331.29327,473.8516,391.4935,472.2639,448.2805,278.77646,172.55244,488.84717,290.00146,420.7419,490.91656,177.49655,294.14856,225.40862,109.72664,158.91142,51.367554,156.18294,167.45683,308.6744,459.4103,546.7113,294.97913,297.78714,162.1072,412.47305,419.16266,637.3531,598.0997,266.46893,727.22534,877.5161,622.05054,905.28156,1052.1217,760.0753,404.89868,528.5676,266.18396,280.54465,298.08505,351.37503,152.24278,113.05032,281.08652,483.24716,323.85883,199.81018,203.4399,338.96066,149.61578,116.59584,279.467,372.40225,342.8368,343.48065,201.3136,312.49576,613.12024,713.2464,578.02826,548.82855,437.07193,630.6327,521.4699,725.60474,445.51123,500.46286,674.0811,339.64963,116.25472,180.93759,441.75372,408.3513,267.95035,334.3157,162.64594,145.84222,361.24908,715.00226,654.3373,481.8227,360.05893,94.53125,Desktop Computer,$Whiteboard$Printer$Phone$Shredder$Google Home$Desktop Computer
565565.06,240560.5,10200.075,8515.483,7063.836,6982.497,4932.729,9165.8545,2733.074,2946.7925,5876.385,8962.774,56016.566,45093.91,5719.3804,1138.621,782.5963,1783.6923,1825.8932,2773.5317,3080.005,5993.3184,6024.994,1435.302,1306.5571,4971.7793,2518.0845,2914.6921,921.42804,2202.896,1692.862,595.0134,1415.546,1601.8766,767.10126,1221.1848,1640.259,4915.3726,1935.7931,1307.1255,1459.3716,1703.1346,625.4893,368.89337,892.55304,1168.4163,1095.441,778.4043,737.83954,593.7594,778.5505,415.05243,645.632,700.2882,553.5322,1068.3059,714.8949,1123.8481,685.39215,753.3762,480.84543,319.7396,591.49274,655.4354,506.95386,272.82068,643.4344,911.09674,573.6038,346.61865,533.1372,568.51,315.73154,506.2188,1299.7029,379.64053,194.27243,82.737015,205.88147,379.4135,516.2144,458.97827,505.74915,537.19916,395.86823,507.91714,397.8365,248.65346,342.10327,171.26796,330.26044,326.0674,209.19101,73.01114,152.77063,261.2712,498.6825,433.00824,276.41943,127.12036,486.02753,591.81714,1127.2098,820.21344,1059.2296,886.0117,210.14351,141.9965,469.61182,352.44586,533.0291,756.27576,712.471,326.00546,350.93576,266.6345,162.16667,131.09627,249.96953,116.07097,315.8921,522.7094,550.7725,431.84277,504.5287,425.9954,562.0297,714.0666,762.90216,271.26532,214.32095,552.5318,845.3938,1197.8425,1445.068,574.0536,399.97122,239.72467,103.05558,347.78226,186.38074,683.5451,900.5206,857.15216,292.12695,318.85846,337.58115,417.9436,94.639755,377.86566,136.59343,228.95154,190.48132,559.0299,666.16516,303.57187,806.9244,656.064,376.943,598.5555,474.6567,197.5764,198.6207,302.98047,415.00934,324.72766,348.2571,541.0129,587.221,334.12244,204.13077,259.80725,349.8155,450.3092,250.85733,323.55283,415.0858,531.92316,420.3116,51.530468,536.3035,468.8419,675.7441,756.0271,233.94049,170.71156,129.71439,176.76588,103.92637,50.976448,85.515175,161.18741,214.97214,394.2793,454.78275,461.48434,406.03543,640.7974,512.2443,418.28223,936.35583,996.4065,716.98303,554.43414,579.25287,711.03125,1374.432,1501.5459,500.718,120.67877,81.743835,563.0771,379.75555,148.13301,249.9774,368.2698,140.7971,198.03647,154.36726,9.55767,101.546295,72.15708,222.7182,395.949,314.13583,550.9935,507.02188,218.64412,113.90495,121.341545,269.38525,349.53287,197.83673,216.55148,101.13775,96.79469,140.9937,252.20566,402.47522,420.55658,334.1206,669.4367,384.83478,383.50903,158.08534,264.6144,144.26836,274.22867,102.913284,148.7748,182.68909,431.544,264.42328,610.9013,444.396,356.27325,200.1875,Desktop Computer,$Whiteboard$Printer$Phone$Shredder$Google Home$Desktop Computer
566256.94,241189.56,13311.578,21885.197,14894.477,6450.961,8137.2637,9494.98,7524.331,5017.247,4729.002,10003.216,61801.36,49870.48,8693.127,6624.456,2928.8823,1158.9115,1649.706,476.2141,4283.5474,5422.5435,3188.8977,5272.3784,6092.891,5673.4653,1613.1328,1390.1619,882.08765,2704.1726,5697.3936,2925.0864,1382.8142,980.12646,59.13822,1715.8943,1152.035,4728.8345,3313.9912,1075.8368,1576.3389,1520.0834,614.63336,1043.558,547.75806,1078.2158,612.9241,1215.7853,1640.519,1788.997,803.46686,325.78152,1179.7192,1471.7395,878.8637,570.4589,1285.8491,904.70026,712.62665,846.6339,791.5987,941.07495,229.6878,374.4714,884.939,959.58307,318.7139,441.0804,506.16458,869.964,637.5987,115.199585,252.77982,371.85367,1022.9728,846.74176,278.88525,411.8782,670.5448,637.69794,749.23914,865.2978,523.2207,209.36255,436.66492,770.2342,622.49445,450.63083,145.5877,166.60847,371.1616,566.03033,661.3974,565.7423,382.38937,417.27167,351.65488,268.31674,36.535297,283.51602,813.3456,858.71497,775.8745,499.95944,235.9968,339.8228,451.3468,449.84586,577.12585,594.1524,350.95,443.58408,251.51881,423.95816,495.62497,278.0794,47.847187,437.42035,456.07877,378.7366,181.11792,252.92787,415.5966,207.77492,152.78049,397.00705,479.31396,223.9824,255.7062,295.77008,167.02396,335.7145,333.13953,818.54083,1409.9719,406.4862,577.4439,514.1379,254.87297,254.50487,145.02205,641.05225,10.731815,264.99142,258.64285,315.19998,622.4846,316.3181,66.774666,506.87552,732.53467,470.61945,431.0702,807.6023,306.63272,735.2367,761.0662,404.96884,591.2148,270.1527,306.4168,243.2802,202.6751,87.720146,97.90248,352.83084,334.9974,228.96979,97.69214,39.22725,162.66833,185.45354,243.07997,230.69455,345.00287,358.56192,377.02466,292.72296,307.61435,390.46323,155.37221,330.6618,337.75577,230.70026,660.74615,430.08734,171.54993,318.71213,441.64874,366.2905,264.37698,412.24036,257.10776,161.13127,376.64648,244.20235,458.65802,407.2972,117.088005,233.13269,327.60385,265.2406,164.86928,604.85266,157.7544,566.81964,553.6482,370.13904,595.35864,854.50415,903.2317,604.8973,446.89294,774.3156,700.1468,210.80061,349.16354,191.86815,132.52034,144.12546,260.81723,466.8732,244.41928,196.11864,388.48672,615.0673,443.85675,355.38086,295.58655,102.40984,103.08812,200.82076,380.2094,174.8594,267.36148,364.74817,296.76532,317.89685,412.59146,471.10895,374.84512,147.13026,165.72182,63.057713,356.47293,244.51767,357.68112,565.4106,501.94836,292.98016,86.64702,237.54477,705.58453,494.5034,235.90628,403.81726,478.6875,Desktop Computer,$Whiteboard$Printer$Phone$Shredder$Google Home$Desktop Computer
568187.56,242234.44,14760.671,15711.472,6787.426,5817.6777,3241.1636,6463.3433,6612.415,2615.874,2059.7034,12205.352,56970.535,44872.95,4324.628,4739.323,3626.994,3287.3582,431.57812,738.40015,3975.4866,2813.957,2701.2175,4529.14,5483.3125,4210.699,1279.2738,1151.6375,2800.6116,3648.1602,1441.874,1982.5709,2669.9683,1303.8414,452.01318,1493.0813,2438.7827,4586.125,1404.4452,853.17883,498.5519,2098.6855,2102.607,369.49335,1060.2616,1799.8962,908.4525,1062.4224,1000.90094,1962.0902,2339.6736,1881.5823,1768.1411,1212.6025,1307.4728,625.88074,441.71426,560.4704,227.42993,475.60956,505.71863,313.13892,1028.8657,846.22363,811.8973,537.73865,633.11884,955.328,623.8556,576.88763,65.13811,63.146816,259.73032,437.07266,642.3953,199.6936,366.07565,148.7289,579.5391,567.966,505.9243,800.45447,1013.21643,499.1048,334.33963,229.26474,202.68944,229.04668,145.63509,281.2551,75.55929,619.455,807.37213,880.4959,866.9859,451.06607,201.64693,105.023766,367.56223,538.9368,789.0566,940.66406,594.97577,294.01135,341.34186,267.84338,311.09686,417.9912,428.22775,712.8025,826.50116,536.6364,241.03104,348.96655,327.36804,308.02765,308.73526,482.54037,268.9336,223.11388,368.67596,144.57259,641.8704,397.0563,215.52716,213.47299,108.19719,213.9935,285.37497,356.21133,304.40036,323.1668,413.77023,717.0931,917.33307,347.89972,998.97864,659.68494,692.88855,879.078,804.226,371.92896,209.55235,517.76373,503.87518,724.2038,644.65967,247.50539,205.54602,331.52893,98.32251,116.43478,461.7253,892.0051,541.4697,215.16255,176.67271,183.11293,653.1262,775.7871,754.4241,749.7786,399.8965,280.3642,275.96072,365.14215,302.8655,282.52554,258.08484,110.22956,77.654434,162.77596,136.47081,262.35654,195.81047,111.59079,371.24896,361.5193,162.97389,121.75296,221.68332,526.035,181.95045,122.85341,66.16572,297.26572,279.32767,191.85716,415.94333,355.65182,99.90522,240.23238,159.2763,284.89203,377.03134,268.5523,66.027824,204.01753,330.01218,322.78036,349.86014,204.11714,464.114,855.74646,436.72894,365.6666,572.9955,935.87897,276.97717,130.4923,234.27367,482.07376,403.0076,204.01622,116.480965,238.8308,527.4173,383.98196,355.40036,287.42242,379.87143,319.622,459.1469,357.69412,207.05557,289.42908,462.92343,191.64673,462.7148,179.66554,401.9752,420.54742,494.4345,571.8138,349.0238,424.559,210.08324,138.74559,198.18196,216.01137,206.90196,167.86148,146.21881,354.88464,568.9668,401.81073,240.70787,331.11423,197.42479,421.46555,655.8305,559.13727,326.12274,225.11717,373.29153,242.9189,35.8125,Desktop Computer,$Whiteboard$Printer$Phone$Shredder$Google Home$Desktop Computer
567745.25,241209.39,14001.338,13668.546,7809.3755,6710.2085,6209.4717,8866.954,4510.949,7316.5005,8498.95,20253.404,62688.457,48169.188,5915.173,7953.2773,10301.478,4895.13,2692.3447,1972.0309,7096.497,5814.4966,2597.592,5906.1685,5386.241,4560.071,2263.982,1759.7152,1472.6455,2399.8584,3651.1174,4126.4043,1205.4088,619.2727,2245.2573,3717.5845,3330.9734,4695.21,2811.7046,1109.6083,2397.4734,1718.5594,2287.5432,1729.647,831.2858,1057.0605,1344.4359,410.0497,720.9734,1696.877,1082.489,694.757,1302.345,1329.229,1301.6091,825.82336,766.3387,1488.9037,1168.1136,456.48468,437.02435,138.54575,508.24026,75.96981,268.48944,243.6659,631.0874,766.8126,962.64685,823.15796,773.7138,378.68634,213.39111,232.85545,441.49356,716.2602,531.994,115.6748,740.89844,879.1019,549.8186,577.57324,718.413,673.5151,933.25934,882.1162,822.7881,514.98474,159.28903,599.30347,704.7524,352.48856,308.27356,570.47955,762.564,401.01776,615.7248,638.86273,565.38196,1133.2445,809.96814,113.93485,495.5697,757.63763,928.8524,736.13745,687.60693,478.53467,549.1556,396.5858,835.9547,755.6888,487.03452,175.8422,574.8554,561.80334,388.14136,310.48764,119.55375,340.94043,144.94327,342.59604,366.2942,552.71625,313.29337,222.2867,230.98047,345.158,494.46762,473.38483,595.2039,400.01468,302.94946,473.34348,852.7012,333.22995,486.13342,372.87167,619.00024,536.04584,374.64542,180.1752,10.716728,306.235,294.35342,198.23593,249.78233,381.9885,215.16805,283.9724,300.86102,294.9502,512.11914,626.38,571.6814,331.63766,322.48553,629.39905,586.79175,460.17578,173.50677,285.916,776.48413,837.64,653.82587,152.6625,129.9534,151.62157,95.63923,189.21754,270.11423,169.82817,331.8245,178.73611,411.666,459.67825,105.83147,336.3605,506.337,686.0368,749.7323,249.09447,308.65613,368.85498,246.68452,85.70107,216.33952,318.46976,461.01746,622.9754,189.0369,286.4532,655.2498,575.64124,362.34625,295.55853,431.13278,363.87744,229.32257,147.72302,68.90366,147.46582,277.31143,852.52026,1179.3971,492.6233,425.5885,437.12808,872.1498,777.4095,527.6202,615.2805,157.96133,361.1312,453.7661,551.315,372.24863,498.16296,316.4664,101.59341,323.6261,398.67935,309.46777,404.9005,457.5034,188.40024,311.76584,328.17828,300.03983,635.91644,344.6037,455.29395,336.0809,117.342674,237.73038,437.87637,400.5894,239.81969,201.92744,41.54541,223.83836,115.45385,316.70966,403.61703,193.58292,77.87031,289.48184,287.99,353.90936,369.3932,711.65564,467.17596,210.28578,432.10074,599.7329,382.99246,27.0,Desktop Computer,$Whiteboard$Printer$Phone$Shredder$Google Home$Desktop Computer
564761.94,238760.14,8577.289,20443.545,15947.201,5039.1274,7256.2983,7680.8765,803.5637,4571.625,4807.99,14576.191,58754.906,47659.3,9758.753,4939.2764,2617.6213,2532.7583,1454.6063,3862.7458,8567.389,3209.432,1707.7147,3496.4656,4815.857,941.84393,2444.6528,1694.8197,1454.3154,2712.3154,1770.2524,2286.62,1097.0447,412.3034,1973.6298,3293.9897,3934.5947,3900.6455,1344.1498,2028.1573,1146.6656,911.30347,275.2822,848.1868,951.0683,1895.9692,1884.3453,907.755,1359.0461,2357.7449,2507.8684,876.6045,1278.8721,935.39404,466.31516,534.0546,426.0367,347.01233,137.32082,415.8304,377.57288,1081.6371,978.31836,485.90668,219.77638,115.44403,147.5808,195.56082,641.54974,554.3991,440.07953,560.10846,311.96884,405.2525,366.9569,50.06863,389.24124,886.479,702.4885,368.2597,553.2157,69.65407,565.14606,831.23346,571.38855,669.25244,448.03708,549.9984,653.39215,392.10165,214.88713,144.19405,134.90982,209.76233,357.6056,51.572056,410.17862,80.934,169.92973,689.2219,841.43585,405.948,107.8594,98.91724,206.41591,282.85724,346.8499,705.43756,575.7153,365.46625,190.61125,796.5943,639.0527,308.67532,686.6291,639.3915,393.8205,750.35535,376.11752,47.13373,285.44333,756.38226,648.34314,360.01953,223.21248,301.11816,305.69818,400.37097,541.16064,274.47467,598.2724,579.1276,202.60962,536.6102,1132.2924,419.84235,820.4965,639.47644,157.73683,157.77533,182.59755,383.94724,295.27795,706.98834,753.85114,536.95264,429.6353,450.90884,354.46814,416.44034,55.43909,410.98666,711.16815,485.48593,101.26502,358.09207,524.31104,471.29697,115.00404,185.22241,233.85231,249.85814,379.67,367.3012,145.0011,74.71391,268.13644,307.96817,278.01776,337.94467,351.8336,134.57318,572.31256,629.6588,341.44632,115.74764,172.83058,195.20862,197.2475,171.41864,254.14545,14.356679,333.21097,329.92346,341.9984,314.45987,524.95496,506.3311,382.3449,414.08136,400.42328,60.442345,661.5957,244.02896,139.02919,111.954956,201.6836,245.01047,279.28754,304.03546,242.17691,113.12929,279.5959,694.65326,766.0038,254.37578,1058.5863,558.6322,423.565,588.5002,503.74417,231.61526,477.909,305.8581,236.77257,321.90775,296.84323,16.258999,344.94092,351.52997,290.8444,64.55602,179.43588,398.352,233.93207,215.6301,416.31717,50.438667,260.61182,102.479515,108.28476,287.94418,267.70178,107.98498,179.03496,106.03932,36.699512,380.69034,331.67288,59.730892,198.93414,122.55268,405.91525,464.36563,482.22318,187.77304,380.63235,262.84894,501.67896,227.6011,325.97046,840.16644,997.411,341.36633,452.10193,164.61864,168.9375,Desktop Computer,$Whiteboard$Printer$Phone$Shredder$Google Home$Desktop Computer
571606.5,248781.31,9816.762,8488.466,4133.7974,8617.972,2832.4316,8485.738,10594.451,4445.486,1851.3065,16337.723,59712.48,44392.98,5362.6255,2955.2998,2686.3416,1620.432,2659.6416,4556.41,2881.8997,2997.6301,950.46924,1099.0385,1630.4115,2990.36,3967.2075,1525.2676,758.95795,1279.3588,481.49753,2616.234,2296.4624,1564.0145,1472.3152,522.6537,2261.4326,5832.7505,3259.4214,1865.008,1792.4503,103.97335,755.22925,882.82275,626.82404,1242.6166,965.9693,1003.8712,373.41016,1046.8644,1122.5414,624.3123,864.67303,430.50586,269.6273,1353.9128,1260.7052,518.00574,1030.0347,985.55444,879.13824,424.0097,297.33362,569.16943,547.5888,589.9791,432.4766,217.09752,894.32526,902.35767,600.5646,36.61722,459.77405,302.58914,610.7622,403.86548,370.50024,617.3591,315.5615,200.71454,683.3933,803.0021,378.00656,67.73128,263.8759,463.73575,140.24854,77.850586,208.23886,549.8011,476.0725,139.24858,244.3526,183.74059,131.08862,257.15314,669.9581,804.0383,714.88715,398.95093,227.58054,632.407,814.1808,215.65933,440.99936,520.81647,441.39563,548.6792,154.41412,347.7546,269.76422,185.66025,361.12344,433.6992,250.1529,687.0465,538.2126,282.2915,476.1278,684.2363,496.77612,381.029,574.5542,668.3124,340.1957,197.43127,496.99747,499.94965,319.77585,118.926094,203.7838,117.17089,307.3529,772.8899,1088.247,431.3275,819.4576,316.67203,158.1955,197.70529,211.99637,232.25696,565.22687,344.24292,185.00769,168.0694,231.6134,66.83715,243.86102,394.25284,636.9122,681.7112,119.73414,557.8465,157.32944,639.37445,588.75525,150.60185,247.07242,407.42535,394.0684,360.6134,281.87772,286.31964,198.32294,243.00978,292.23422,263.2426,358.722,315.6941,142.35637,203.94975,56.313904,153.92845,289.33826,306.93362,161.97841,214.30699,351.20358,200.6273,120.02799,140.7153,122.95729,380.50073,533.0022,206.52995,76.48229,175.16667,108.37026,307.3325,618.94934,571.2574,324.62024,128.83438,369.6792,224.81331,102.70571,287.36337,394.48196,457.326,488.85907,143.07234,325.14896,437.53653,720.06506,344.19824,969.81464,625.50635,361.18774,227.37318,94.37864,575.2327,755.6833,407.7665,195.45137,259.86206,316.4517,206.2081,376.28116,450.09174,249.28096,279.74457,297.8946,55.784588,226.9542,214.66714,240.87573,143.85536,176.63594,212.8556,183.36656,208.25633,154.82224,246.07814,65.42363,176.05539,174.62804,248.61304,253.53928,152.40607,267.51022,231.1749,423.83575,734.6826,341.80914,411.22824,420.09122,210.67659,350.88947,323.78174,128.73969,303.35577,41.442352,457.48718,262.68344,337.71844,183.0,Desktop Computer,$Whiteboard$Printer$Phone$Shredder$Google Home$Desktop Computer
565463.4,239610.9,11950.722,16103.592,14842.918,18457.672,12033.595,1944.2354,8501.962,996.3756,9182.254,4645.82,55077.0,43172.96,2879.5957,3636.986,140.1819,5066.683,5867.969,3667.8015,1051.4204,2303.564,4490.458,2241.6082,242.78111,1333.071,4345.1655,2634.897,1666.9028,2491.0815,2561.579,2788.0156,1951.9725,3251.9143,2505.6958,1124.4863,2906.3777,5925.5713,2729.1296,635.92944,1854.1621,1869.5232,1286.1447,912.15674,1455.5597,877.3441,736.04346,1418.9092,2262.1367,2534.6025,1610.8923,252.34758,206.86858,627.6779,496.04224,59.748623,309.49146,1455.0863,1071.3196,771.81537,528.81726,347.96225,1125.9926,1495.2845,1143.2217,350.63565,352.07883,655.63477,663.88245,541.1194,233.72769,467.4285,679.52454,907.94434,467.94363,812.17584,709.497,258.1506,238.18661,764.8601,395.62354,285.49713,363.32672,499.0853,750.05225,746.6715,231.19426,451.5635,497.22226,193.89482,344.82986,403.8465,490.30792,211.75847,53.521656,279.86566,192.47748,313.67538,469.58844,872.0436,1343.463,1138.5656,551.5695,497.1351,335.81622,389.59207,364.97842,427.04953,297.89392,57.19811,162.69887,111.63618,101.709274,188.11592,313.78372,659.92053,333.74188,473.803,369.57,279.20337,310.555,347.18393,379.01828,216.0553,302.62982,303.56537,349.50363,427.93118,464.18185,625.0567,518.872,463.0712,376.74738,849.30426,1089.15,589.67224,1188.6296,741.5408,488.69464,306.74973,122.45621,223.17006,426.2562,374.6326,100.68604,82.69818,237.4184,235.28903,161.10881,58.18451,158.5517,163.85658,475.52905,983.5961,166.1514,433.0619,260.89603,102.478455,327.21362,406.00757,348.00488,228.0283,163.16293,295.492,276.22534,199.67688,109.922356,252.03653,186.23033,276.0077,383.51398,332.25226,179.24216,275.80118,157.8272,425.31326,263.94077,25.064312,350.1104,256.32922,370.52264,316.93527,74.06425,209.82907,138.35475,221.53928,80.92868,110.52322,225.24596,43.959038,403.03052,376.43842,68.37318,35.308716,259.74356,337.22665,118.98984,437.2859,574.21185,706.38525,506.41052,640.8004,276.31967,660.4418,1171.8474,991.0368,507.43176,633.3748,294.4157,140.81734,216.09294,394.13724,455.92218,332.41043,225.91202,46.397247,349.6565,304.46326,157.9743,52.9716,207.62663,47.912746,53.972176,286.22052,400.76926,130.75378,149.125,264.2371,281.15137,148.08574,623.4429,579.89905,504.62604,370.35965,183.63017,146.94606,13.296399,458.28983,493.44373,310.4244,255.93748,248.5627,84.02917,234.08138,62.534065,292.44763,342.05457,243.35408,468.58273,315.6479,113.97268,82.477356,461.17056,730.7588,629.874,532.821,722.0,Desktop Computer,$Whiteboard$Printer$Phone$Shredder$Google Home$Desktop Computer
568332.06,241698.69,11236.981,15042.22,4402.4653,8969.672,5324.3022,7868.5625,8533.876,4374.7744,4991.876,12246.397,60320.176,42399.355,399.14456,7453.359,10027.082,6555.027,3927.1677,3077.19,6680.837,4590.2627,2764.3647,4252.0664,670.45917,3104.2378,3971.1506,3169.121,3556.2124,3069.2607,2953.9846,2635.744,2027.2987,934.15936,1593.1332,2398.0537,1296.956,2720.6133,994.68677,544.3694,2319.9436,1278.3472,796.3795,864.92267,1133.9529,811.8897,1405.2208,1249.3606,931.41296,1517.193,736.45276,680.94196,1513.0042,974.62067,586.78595,646.1152,862.80133,458.53217,1262.0889,1488.1989,815.94867,659.80194,399.90576,1176.3254,994.6052,439.08926,472.82645,993.18976,557.484,272.09296,493.86816,505.79205,618.576,418.96677,325.48505,108.87425,464.93326,241.05136,302.82986,495.4911,477.7197,219.41615,481.59406,816.3385,624.3381,409.4701,292.48993,466.40106,360.8557,426.92233,191.36353,245.73721,384.68637,112.08643,224.15025,202.96524,29.468727,212.8505,427.42233,599.53516,568.3364,261.96225,469.10776,724.38885,704.81866,68.308365,348.8191,161.65155,283.30957,104.74346,158.9865,212.64992,479.89902,272.6375,257.4032,275.35254,438.2492,870.95605,588.62897,323.49872,435.1255,540.34845,475.30612,111.556526,574.8021,482.71848,176.35048,80.06013,165.63506,55.547756,322.36783,584.57275,729.40936,1107.6726,1142.1843,183.90157,750.3213,514.9249,568.7756,167.19904,402.04025,354.8363,89.92915,91.938156,257.08136,546.7789,769.1867,636.72064,403.41516,80.697395,177.96445,299.08655,502.36716,634.91437,256.90936,818.63855,420.84232,70.96161,314.5528,204.21552,348.01584,244.94351,491.19897,237.29727,301.02853,65.85346,201.87561,194.86023,170.46877,362.0646,256.90823,608.30365,703.86835,345.36325,344.4344,119.58891,422.24976,367.2596,451.9838,449.91412,191.24121,234.76039,290.69644,346.2815,316.21753,135.99069,192.43886,131.60905,41.37877,325.75723,429.01633,368.02536,397.14548,190.99158,74.38289,313.72653,548.34045,275.96127,474.41644,407.42203,659.7475,588.46173,193.7603,397.4538,336.10223,411.54797,776.7935,556.5777,470.45142,352.0938,160.23616,475.05988,356.18668,143.41692,262.10532,266.29236,273.39056,139.71231,203.50461,264.08075,224.01881,119.10025,160.42024,384.37418,637.9679,164.31966,94.50367,91.54566,135.74461,195.30074,482.88364,355.49026,465.3214,595.8615,539.8657,292.89117,566.6968,487.19794,351.50223,612.2777,415.13873,199.2714,184.9481,79.40973,161.33144,239.82533,346.84232,428.3042,155.51112,344.52106,93.255455,337.2406,331.87576,272.62433,418.9845,283.07657,39.6875,Desktop Computer,$Whiteboard$Printer$Phone$Shredder$Google Home$Desktop Computer
568024.9,243241.47,11337.827,18173.438,6170.4556,1291.4196,7118.962,3105.7441,271.90643,1474.482,6357.9414,5282.6973,57421.688,50039.684,6507.527,3806.6912,2976.8694,2169.4363,5731.1934,5119.162,7141.3535,6210.532,4225.324,5646.8096,7450.86,6147.9478,5471.7817,5232.145,4964.2017,5649.23,1763.9867,554.2944,2128.2666,2196.5068,1733.1537,1879.6663,2030.1123,2123.6902,282.70132,2767.5767,2484.928,1444.7491,1764.3899,1545.0546,1159.7203,1770.2611,1672.5613,162.007,649.98,1002.7299,1096.7103,826.9018,2053.656,1752.9144,796.2664,1772.1907,2343.6453,1367.9182,1142.013,1706.911,726.7506,531.054,992.88,406.6165,751.78546,779.2557,717.99176,943.80975,560.60785,374.46133,419.22946,226.3139,512.50006,357.8056,93.342834,163.6472,203.19673,244.9,224.84843,400.74063,274.46765,324.71265,495.52505,54.86744,553.0182,173.9924,243.84264,467.01367,432.79593,358.02255,115.22001,659.02454,638.7338,409.79327,301.38693,420.28845,301.22186,303.83615,527.3047,584.5476,948.68225,859.55145,42.505707,321.99677,766.2412,668.8086,560.42615,658.2178,326.4788,399.83777,686.22406,607.6931,219.08134,202.62537,520.7319,383.74673,431.54898,125.52779,370.82092,455.6503,498.23773,385.44318,490.2184,563.40674,619.966,195.84952,554.69476,341.2544,238.39809,302.42258,125.40703,157.0185,382.6291,697.54034,1178.1428,209.476,668.0698,591.79816,334.95636,368.68268,625.65533,447.93616,51.16873,175.29797,360.99197,602.14154,335.03046,293.59766,324.29077,438.88086,558.289,363.83716,252.89034,473.2908,138.85492,357.83972,265.97244,333.2032,143.5147,144.9005,210.60638,357.36688,216.92828,691.9374,727.85767,403.38397,225.63533,252.36514,121.053734,184.5163,267.98135,425.5928,461.08255,166.41035,215.44809,145.32396,216.42578,389.20364,290.10297,461.4681,471.86246,245.94649,229.38031,459.6621,448.95285,165.89241,372.04434,396.24332,208.32849,37.591293,167.14917,225.42299,381.5057,434.0477,255.81094,42.204113,287.52322,221.19365,181.62372,229.37628,500.2976,477.01483,884.1823,581.32654,310.71448,503.2984,310.70212,729.0205,153.92786,831.81006,535.2576,381.23367,546.1122,240.1732,163.62204,42.754326,209.95271,353.40805,367.7355,610.4022,277.10873,225.49878,310.35138,335.34543,365.41373,69.518036,168.59444,27.82356,236.1269,167.60535,141.72366,70.85346,161.13432,198.80981,314.73077,413.76004,279.7519,398.64407,68.37529,243.40746,226.62425,252.09235,339.80975,308.89352,320.69745,169.64848,150.09781,204.10847,519.40643,147.39468,625.0501,917.3357,666.4329,480.1855,899.47235,1163.8483,194.09375,Desktop Computer,$Whiteboard$Printer$Phone$Shredder$Google Home$Desktop Computer
567202.7,242481.23,15714.519,19990.385,7775.698,6535.0166,1337.1926,5582.534,4577.854,6492.5747,3441.4692,15272.049,64346.45,48886.33,9080.419,4483.7695,2796.7317,4730.5166,5296.7163,6269.871,4158.9756,3288.2285,516.64764,1127.1951,2722.876,4065.422,2901.664,1280.0457,1390.8618,421.7934,2611.7485,1298.4893,2322.8044,1499.9865,1206.6078,2830.7678,3868.3442,3784.8884,1133.0183,1976.6938,2742.9653,2075.992,2014.0759,1574.1436,1122.4521,842.59045,873.571,532.4533,728.88007,890.2444,1579.767,1113.7898,2745.0295,1939.7842,415.0976,785.14844,389.62866,934.201,97.06507,561.66595,456.04388,127.01214,869.03723,705.36615,391.34723,348.34827,391.42285,39.63029,227.6106,354.69232,234.25461,1143.6782,1117.7186,476.1444,492.9261,326.02386,340.70917,612.3071,570.69586,610.3531,102.69306,604.3621,316.29544,257.40506,298.7318,461.46417,373.02496,423.28305,528.2129,326.96628,473.63165,256.7268,252.34908,279.42,258.32083,451.5194,498.78824,516.651,549.38,679.6734,866.3966,584.10706,787.7015,387.8291,542.42676,949.1298,274.40695,149.48941,267.98502,603.00055,803.0995,525.2651,777.68646,625.02997,586.3088,15.945987,238.8873,235.37141,276.1876,484.672,644.27905,455.00415,31.474613,90.67257,310.11108,582.4107,181.92303,134.1356,440.00317,421.64655,214.77591,256.69302,83.919754,878.751,1251.5327,278.31595,762.81726,271.38284,345.23074,80.80254,199.56178,99.62451,271.98514,185.33104,172.43115,326.95993,368.8051,189.36566,199.23665,244.88849,192.18414,507.85953,887.1948,802.6732,142.20723,602.4634,526.71875,297.1789,321.82867,306.5958,282.82474,690.7845,504.09256,274.70023,643.83453,625.86127,282.27573,81.57514,138.02466,138.44214,435.80994,228.64703,538.5133,261.9537,269.7455,226.70369,197.85962,419.51376,449.6104,233.30557,528.49066,520.5102,290.24762,525.6242,358.37738,107.15132,137.28658,206.0966,207.38274,600.4757,563.5976,529.9528,299.06955,66.21678,58.963314,157.22751,290.25146,222.84409,619.8004,381.34415,344.15106,43.571064,332.61868,203.37791,677.97797,1287.0247,86.9192,995.7901,916.18463,470.79486,252.93225,463.3804,586.3439,274.53647,466.5504,583.5306,453.5177,147.62161,224.46019,430.00073,274.47986,400.04617,387.5099,189.38187,442.8889,287.38046,196.57681,211.96104,423.29208,183.70691,354.1514,303.9723,254.80775,356.2926,159.48233,294.77692,649.7244,338.46536,272.13455,465.5956,367.2727,76.87058,597.24493,556.42633,385.0122,128.02328,334.9121,327.8815,408.9109,449.6041,374.454,791.51996,586.72144,453.9886,358.6851,849.04364,71.3125,Desktop Computer,$Whiteboard$Printer$Phone$Shredder$Google Home$Desktop Computer
566316.44,242203.47,9447.947,13357.69,6993.3955,10582.486,5266.0605,6252.279,8037.0557,9626.9375,9192.07,19254.072,63883.004,48781.9,6731.634,2651.0237,3986.7842,2832.3054,1119.426,1804.1124,2949.404,1635.1101,2055.9548,1091.3044,3991.5469,2482.3364,2013.4094,1345.9688,2164.1206,4025.114,1798.2888,3151.898,3207.3955,1432.1149,230.8473,1049.3495,968.9939,2819.4126,2433.5886,1297.5125,961.2878,554.8291,710.1685,965.0331,2009.0992,770.66284,988.2294,1008.2058,964.6215,1483.4237,841.6944,945.2418,1732.1155,779.12585,776.1695,237.56259,835.5968,653.0116,1030.9946,1577.0002,941.5164,612.42377,728.01166,318.40692,989.59717,682.2888,410.92743,256.8496,529.6015,599.86017,818.79254,570.5318,836.57294,556.0474,1024.2008,795.99493,333.44202,179.34923,145.90952,609.495,1107.8413,804.64307,349.19397,717.1421,471.8917,516.1818,94.528404,416.91595,510.99677,302.3323,92.67433,371.53186,590.07764,601.1638,491.55167,257.98358,90.13001,473.1081,765.1092,703.32623,846.7719,668.09735,764.5164,328.35443,59.112724,325.0053,839.0784,535.3474,204.75777,645.3522,512.21075,113.58471,447.5312,50.888927,283.4673,573.62805,643.8025,513.74567,502.6591,235.725,301.8712,309.18726,567.56525,279.74472,282.96756,448.23392,251.76205,328.86462,295.52066,129.53989,232.75073,363.31528,466.10016,1468.5372,1543.0107,217.8427,1090.0015,556.52985,466.92374,180.21776,205.69043,388.80164,268.6013,367.50006,419.72427,86.62582,430.3645,331.58197,475.17703,990.79565,953.0849,409.2333,174.78142,456.1481,941.4244,558.43256,663.0929,138.52365,172.63663,228.82791,506.54257,560.8748,199.6055,156.87871,460.68948,236.02454,208.24962,75.823135,534.1903,728.98883,184.47,375.00705,239.94267,217.94278,198.7738,191.02954,495.78528,236.37424,274.55896,284.57574,736.02856,440.4856,347.9282,245.56671,162.10358,234.6705,218.63617,157.20816,450.5267,9.575053,224.9186,474.6399,640.73096,546.33386,82.7778,502.64304,635.06976,531.67694,449.2243,426.9105,338.2919,153.65184,133.24394,514.32605,899.99506,1089.0814,1419.0394,382.8921,129.42232,41.786404,213.90855,330.7173,520.3931,322.00586,446.71387,214.11394,67.403885,513.69305,559.2741,401.7472,265.92633,109.89135,375.2674,492.41193,241.13339,359.90097,450.58154,29.196712,275.01376,575.8459,82.688484,395.30258,161.40384,328.604,328.06195,93.91346,297.47748,242.68155,306.22772,197.37152,302.6439,515.2958,345.2218,109.26672,350.23642,345.6959,97.03209,421.64926,215.4484,75.834694,43.13821,259.6201,278.36057,315.8149,277.77463,321.10074,157.4375,Desktop Computer,$Whiteboard$Printer$Phone$Shredder$Google Home$Desktop Computer
566118.8,239610.03,12055.448,11060.94,2528.2444,5883.347,3065.007,8033.797,11988.866,11244.119,3538.105,7600.682,56767.98,47525.46,4248.3735,8795.032,8386.361,4544.0293,3529.7234,1169.9006,4366.1426,2557.3735,1080.5771,2400.0967,4575.8896,4372.62,541.9945,1717.561,1542.1321,853.0394,2696.5535,1244.2322,1204.7094,1393.8647,1619.5814,1389.2095,1674.444,4294.0815,1395.4033,3170.4248,2955.4556,1611.2709,983.22675,1452.8582,1808.4172,947.4844,466.22864,243.75992,316.7773,421.54324,795.02997,763.41455,410.1304,1555.1969,1629.0056,363.95712,460.75897,895.3662,922.21906,1251.2852,640.4452,666.09546,695.8674,855.9131,448.75897,506.758,460.9043,1315.6782,1312.4329,556.7498,32.89666,399.32434,692.3795,1023.0273,542.7771,372.97086,930.0857,858.25146,964.1058,597.4561,456.4689,854.0835,1779.1981,1743.0985,1362.9019,791.78754,400.89825,479.6925,300.9546,431.20926,1034.8319,1475.2205,1011.5019,445.0403,196.47021,46.520405,517.3533,881.3944,720.7132,787.4776,784.71545,271.25116,271.79773,198.34457,87.49974,434.9478,167.98788,391.24527,589.9992,325.6979,441.44736,804.8192,672.5925,229.61443,32.210594,480.71234,407.47495,854.7617,821.58563,435.19113,164.4253,276.63757,782.7823,1046.3641,832.74615,256.8437,232.2923,405.6718,673.0349,369.78265,623.8391,890.1423,901.91254,612.2404,1072.7241,485.3096,725.215,621.64667,520.5661,476.34436,149.05185,146.85886,307.89157,241.65219,280.1521,217.8986,62.230103,382.359,540.64404,424.07492,181.16412,509.40417,556.2684,386.95697,764.51404,444.92468,972.44916,675.9654,488.71777,305.4764,126.61955,123.88631,486.2237,987.8833,865.1626,409.53525,590.8799,452.52255,638.7833,639.843,661.70917,711.99634,482.25482,517.66113,521.3264,166.4088,128.17448,413.01846,360.03464,216.63612,901.61676,1279.4634,695.1049,457.4061,900.95685,691.59827,215.09283,465.73032,574.91724,462.12775,239.93748,524.8288,402.45422,594.48474,909.60236,635.22534,463.55243,567.46594,745.40186,545.13586,100.327675,387.77408,1002.8168,1404.4642,387.6648,886.2823,1420.6821,1012.2074,467.83206,709.45,499.2536,159.97322,239.21082,343.1031,236.02344,398.5299,161.64565,234.64938,218.08131,143.57611,544.5088,679.55695,732.4055,464.2434,216.26114,446.598,778.3526,898.5385,309.2043,280.80966,348.75223,161.57036,202.66599,282.67496,183.20168,149.29274,286.3532,608.39404,642.62524,463.37448,370.4418,298.10477,555.58484,752.83716,773.0821,747.82745,661.6521,733.0501,432.62308,355.2977,290.68863,242.78809,515.1166,575.948,649.4689,601.1181,393.1875,Desktop Computer,$Whiteboard$Printer$Phone$Shredder$Google Home$Desktop Computer
570313.8,242324.12,12320.676,14927.656,4517.827,9242.693,9974.831,12316.784,17651.807,6657.0703,7276.694,21529.67,65786.22,51797.195,7838.789,6201.9644,9543.3545,2541.655,2916.4888,2044.7594,1571.4584,1317.01,2430.6638,1070.6744,2019.1621,4283.7197,808.7435,775.3902,1824.2197,3483.3074,2267.7031,1757.0673,1508.5623,2166.2285,2549.296,2432.914,3451.2693,5989.031,3544.6523,1773.0874,1213.5771,830.72345,948.91077,925.6094,1778.1942,1797.8492,1151.393,931.0843,870.14484,211.02199,1110.5363,1081.8455,562.0478,736.39606,711.27783,805.1031,388.93716,953.7019,612.2343,182.5304,454.9696,445.38107,926.08624,1005.70636,994.1035,925.58136,654.87177,536.30365,573.146,780.0764,595.13525,651.12756,310.66733,680.34174,458.12888,312.02246,439.53583,593.5724,553.4435,1064.0127,517.32513,421.33945,235.20148,605.6595,248.03555,518.25104,394.71747,652.79944,33.7721,311.43555,417.66702,365.76257,715.11884,390.50122,370.39273,475.1885,176.57353,444.10825,143.26723,1420.9298,1314.1427,74.89724,236.3927,292.6943,43.517773,450.79047,734.76465,532.3505,445.50568,289.27103,108.44964,105.01412,179.01894,263.76962,309.44904,206.23454,171.02592,546.28876,111.02864,144.9796,127.43356,52.692703,449.83167,121.60117,495.40118,601.4925,840.7826,990.8778,1163.0298,985.1179,884.0482,387.75388,452.6018,586.2359,839.93713,124.51972,318.47308,150.73819,478.37305,530.49207,469.8889,662.7399,172.77345,351.75943,365.73282,348.34424,367.64383,722.41376,828.98865,522.9545,605.6051,803.97455,648.6578,295.0725,680.70215,579.1899,740.8396,657.8348,767.2188,597.4505,198.26736,420.8374,217.18631,273.5524,378.85156,351.81653,355.58,91.64101,161.55081,332.1334,283.88895,261.1097,498.92966,400.92157,237.51355,192.94566,425.81503,446.67902,343.8621,93.90399,266.7356,226.37543,316.3733,257.93515,266.6747,316.37286,271.9288,255.45317,188.90257,214.79451,523.7765,235.36559,166.64859,409.7117,593.7868,554.30273,872.39343,834.829,519.7311,779.833,630.78394,196.24371,464.28854,289.64282,405.34772,780.3903,885.50574,925.935,574.4571,166.80725,455.48038,38.381435,303.13504,8.555134,411.68976,191.5349,265.49197,402.95782,540.36005,644.80426,394.92438,80.247116,260.57947,359.56546,544.10596,476.4324,494.87054,106.88623,535.8696,676.48773,729.318,519.5965,417.72192,267.64456,367.44702,394.5936,183.50558,101.01445,211.15416,157.03836,179.60255,260.1774,315.22556,453.10226,447.47006,375.4018,813.2917,692.8628,339.76196,433.70264,783.48236,202.60999,305.27103,500.00787,333.24905,435.88263,132.6875,Desktop Computer,$Whiteboard$Printer$Phone$Shredder$Google Home$Desktop Computer
565483.4,239022.66,7769.3486,17196.068,12120.573,5608.1753,4278.2495,8627.376,9292.158,7675.799,6084.1123,14153.113,59605.27,45592.023,4899.7686,5361.823,10902.184,6306.348,2856.9224,4616.066,5043.076,4761.84,3684.306,1294.5566,5517.307,5297.6475,1480.6619,2659.8018,4203.5757,2696.3804,1629.0596,3225.064,4866.9316,2565.3772,947.07056,935.0196,1316.3306,4920.4478,3372.8748,1517.0986,1859.4523,864.7882,790.05,1378.8805,1039.264,1233.2144,1398.7128,701.7728,1826.4414,849.4219,581.0378,1450.7513,1357.7214,566.13574,445.9008,1418.2201,1507.1504,683.9331,1041.0337,1069.9012,732.8176,568.18335,1371.5177,879.10333,815.86664,756.6383,215.58273,755.05347,775.68274,761.45624,107.29319,593.61707,969.9597,391.70395,539.08264,408.8346,803.93585,135.92896,726.73224,1145.8245,907.42126,306.23163,508.54355,229.37941,365.2846,684.91364,953.1996,957.266,768.47186,322.9462,768.8877,1106.1179,1044.0358,632.6843,591.05493,939.7111,555.7633,529.1362,927.30707,1510.5054,1407.4486,520.2648,201.29291,189.7021,215.58838,592.6452,862.237,932.2579,784.4298,979.68024,747.1182,204.33937,350.1026,208.57869,279.92804,444.1184,565.26,187.63298,397.17047,545.87885,429.58743,235.83656,51.745632,343.1934,185.27087,131.41008,364.52475,283.03076,432.2165,338.73843,140.08728,177.53975,80.7799,590.20825,928.2506,452.64572,430.71756,444.92935,391.22205,388.2768,132.4212,264.00174,301.7384,550.5631,243.53624,232.5817,354.43924,474.26044,373.5925,677.7528,789.06805,612.50543,363.40616,678.75366,891.12024,336.82718,305.72256,25.425451,233.3103,285.05826,501.2293,212.22527,189.061,103.80961,173.8985,81.28319,407.1468,464.84964,304.13196,263.25613,524.3128,586.0458,400.75485,199.53091,364.4064,201.01414,246.09563,102.66378,274.4447,386.47733,362.05304,342.3599,593.3261,470.3863,280.59567,329.6485,398.64563,173.89694,179.31834,169.9457,375.00082,334.53314,257.94357,184.63666,423.83127,286.05463,225.88399,383.00858,317.4011,178.12907,383.40775,441.38763,267.67563,101.32138,344.45798,244.4327,1086.1178,925.52344,486.8126,530.642,589.61285,254.81303,201.23575,130.47636,206.63048,105.49239,96.21573,188.5165,305.8789,165.98549,204.78189,102.837456,125.337105,110.31225,98.938545,235.93275,201.3776,204.9648,379.1359,438.99854,197.69016,106.10701,331.2375,344.98227,238.83713,175.55797,76.27755,129.5357,376.69592,183.46301,227.11626,507.8022,534.30646,518.83075,265.24475,134.23361,247.63911,140.57582,581.7811,649.7212,695.51294,506.55103,294.97375,542.0374,475.56366,282.6519,333.125,Desktop Computer,$Whiteboard$Printer$Phone$Shredder$Google Home$Desktop Computer
568530.6,242569.77,11793.27,17137.97,3144.931,3946.1785,3701.7063,2772.9001,1871.1572,2042.9872,5169.258,13272.933,60899.055,42128.266,5561.6567,4938.156,5496.9736,2911.9763,5565.881,7928.338,8871.041,7321.9043,5974.553,4696.8755,1374.8315,1490.9276,1798.2902,912.92017,3318.2373,4119.2314,2788.8745,2341.3213,3407.731,1014.00745,1836.4258,3016.1616,947.69684,4024.9814,2730.444,1141.9778,2242.0361,1274.6498,1844.8387,2334.4768,1603.0051,1130.6733,1611.1659,2123.8682,1209.2397,661.5836,230.42285,1029.4481,1184.4373,1221.2947,175.8947,1230.9012,557.9265,474.7094,767.73584,795.5117,1290.6945,1031.4196,511.09488,215.35588,257.4709,304.9597,941.2857,842.6938,372.07187,226.25032,246.29318,464.53806,289.41837,486.15427,1260.955,1243.581,475.20886,891.9271,914.78723,638.97626,376.31943,453.61014,534.2991,478.70892,89.8155,405.7893,671.3036,408.6539,366.3837,265.8936,459.19446,178.92216,153.50269,383.03268,1092.0411,1375.422,609.43353,569.83325,623.4142,557.40375,196.86218,327.04742,201.52724,112.83003,584.43634,751.7695,600.5757,146.29086,445.27188,322.15842,277.2826,283.05307,504.57263,287.1761,122.31664,81.898315,186.024,46.255836,199.12439,252.43407,505.47867,739.35254,717.47955,449.8503,258.29855,332.4145,236.01855,220.81625,564.1371,549.93304,264.74643,162.79495,254.40543,555.7774,688.56635,116.33507,373.60477,541.13696,234.43523,316.81204,697.61664,611.13367,69.97832,161.46718,373.5332,320.4733,54.282307,365.06464,257.0031,432.075,348.3031,472.9544,701.6916,251.82047,638.8316,403.34198,226.16618,192.89268,169.25089,75.38659,306.11984,262.0726,244.45786,341.7309,328.83704,487.94684,247.93571,150.59485,165.13496,246.64543,224.279,233.62325,630.08856,518.55884,170.71521,192.24692,345.94672,431.39252,514.8586,539.02,412.29843,304.85333,196.95023,360.3688,372.64206,194.5981,96.905754,250.61334,111.6696,350.23068,298.77524,97.64398,199.75636,92.68201,209.30695,217.40723,380.58286,247.35709,75.550995,210.98291,379.00778,162.24365,35.010754,145.03548,291.64957,618.6448,532.0099,1014.3599,407.80057,29.98158,159.4986,342.1324,216.91537,247.50618,249.61656,172.79712,50.767044,256.9891,475.6139,293.58575,200.52643,215.77173,371.78876,340.1751,170.67519,281.83582,422.20853,275.87097,249.38239,263.47482,482.4901,652.7713,450.47403,193.22173,286.79092,227.69731,269.11395,168.08711,257.0351,184.61583,356.2072,234.9805,385.2323,270.27026,183.5503,245.88771,152.57506,140.98991,276.61383,282.17566,222.75652,310.08865,727.8588,929.0347,667.13965,93.64898,366.0,Desktop Computer,$Whiteboard$Printer$Phone$Shredder$Google Home$Desktop Computer
567704.25,241178.3,18517.309,20613.27,5570.5625,4750.8804,8557.132,1466.5958,8736.679,4508.358,4520.865,8496.864,61378.777,54829.113,6700.621,3612.7446,898.39624,2745.4285,2965.7656,4276.5396,4658.4062,4292.683,3176.8135,4737.539,5962.986,5250.629,2284.572,1048.6837,3798.9824,1319.7599,1165.1852,1581.8019,2380.0007,77.31381,651.87756,2063.7563,637.1231,3536.298,2381.2498,2297.8472,924.52673,1575.1187,1118.1049,451.36948,1380.9325,1234.767,695.56805,1923.0576,1603.3396,1447.2245,81.867455,976.2417,784.1956,574.8157,1505.5228,1701.396,945.4338,1015.65625,190.25963,531.18054,664.65076,873.1859,1019.71844,1164.3063,1003.81903,607.4873,986.63556,833.6415,514.8917,360.64993,332.91528,234.68188,92.51354,56.312286,419.3998,504.03735,460.42776,344.2376,865.93866,949.2416,387.2129,278.0014,435.42633,138.21606,433.7025,842.9052,981.9283,410.47702,451.4691,279.7643,449.6813,598.5379,616.77893,288.5866,597.5453,342.18594,107.93632,517.8877,710.08136,286.4258,269.65036,782.9419,275.85602,396.05426,782.70087,653.9782,515.8202,840.2161,281.6452,250.26256,290.33517,148.0377,189.55106,269.2328,146.22488,416.61642,255.78796,563.03125,532.52094,299.73804,130.71683,390.05472,212.82866,498.34598,489.23755,385.982,466.6682,426.6165,288.9078,488.32175,552.4177,299.03723,262.4826,421.15356,891.4693,483.87106,791.14606,492.89255,320.8627,519.58636,230.93042,123.94659,528.39844,609.3146,333.17972,59.229565,344.17804,232.1981,725.28674,373.72684,215.00159,286.67517,1154.61,650.62054,509.424,1032.3428,520.2142,237.53548,167.66681,528.62115,381.29742,375.44366,321.02145,84.02016,411.3106,329.3122,435.91202,397.45114,235.30025,741.811,760.12585,298.94992,315.60907,742.7561,533.86914,511.36807,474.6561,573.1093,492.92502,429.49786,343.80057,324.33386,479.7218,446.2093,531.776,314.59402,173.88489,488.01797,725.78284,648.80756,407.79688,246.04935,172.11513,491.82486,285.84467,137.78969,65.1776,183.19768,222.14314,80.87139,191.41827,169.1541,213.41255,526.467,886.632,714.1265,262.0681,1190.5134,1023.2438,610.4012,216.7326,118.575455,220.4552,560.223,458.97668,489.54138,611.68585,652.17035,420.4333,251.96664,241.63963,156.79149,291.84238,27.51407,473.9799,263.3746,187.16956,310.62585,335.1271,316.86465,415.16885,80.072395,552.8526,589.60516,540.26526,345.23236,60.123814,483.40192,360.8711,86.35107,224.68004,443.97974,65.23255,280.9671,208.79973,284.75095,601.50244,335.5629,207.76126,82.96173,395.24313,342.44693,140.43858,109.02795,105.15685,552.61017,949.875,Desktop Computer,$Whiteboard$Printer$Phone$Shredder$Google Home$Desktop Computer
568036.06,243796.11,12599.343,17401.096,6330.4756,6239.6904,12410.784,8972.241,12748.368,7612.433,4665.942,15194.41,66022.71,45249.836,3299.239,5737.967,94.69576,4831.212,4212.4814,4744.72,1001.032,3464.0972,1609.5464,6101.074,2205.5488,3650.7678,883.2586,1565.0587,2384.248,2616.4,2383.1194,2355.9404,915.8449,2500.2212,930.596,1443.697,2713.4326,5094.1655,2145.9893,2160.0466,1027.9127,1949.3011,2419.2944,1354.5552,1180.4838,710.1572,1251.032,1363.5323,534.8234,1213.5029,1608.4069,231.22859,981.4484,1723.2708,1786.3414,664.2889,1053.084,905.3386,285.28555,788.03253,766.5633,1127.3379,1159.4165,596.2925,590.54926,156.36955,718.24646,647.71594,379.6882,157.49953,496.36047,654.9992,505.16354,246.25165,751.5698,317.8619,372.2973,1079.8953,975.2023,445.2172,934.34796,832.9656,104.498474,475.80405,359.25754,577.3075,617.2019,331.08002,82.42949,134.71509,365.81406,302.70944,467.66385,385.55453,399.20322,144.70078,204.57585,43.944252,76.73897,348.36246,711.4403,509.42184,782.51526,636.8171,645.09094,190.3471,230.36195,141.17537,403.18604,577.27826,653.98193,576.9039,286.77286,258.63074,707.25995,367.73654,195.0144,295.52655,353.94284,446.88327,407.88885,176.9802,248.69579,495.9843,476.07114,402.8125,51.737793,53.628044,47.846283,140.32977,370.5881,703.33685,1027.5227,1142.9818,1282.791,479.90628,700.54846,418.1524,433.1525,317.3263,14.195668,246.50348,365.05188,298.03793,421.52533,410.75302,719.76483,768.01514,65.68476,190.98825,588.9977,648.0544,246.03584,614.43243,473.81375,591.83044,44.637962,348.2515,224.4695,382.10953,279.47275,335.01898,153.99211,356.84555,450.4467,504.64435,222.35571,241.24438,621.5239,222.96353,361.50525,351.67346,148.20409,179.3015,218.76949,632.2992,561.7911,202.85892,337.31598,80.12627,577.97784,472.0171,181.87642,140.39587,544.2366,623.89886,392.59113,458.3308,385.37222,507.37433,327.18292,40.644836,533.30835,504.1287,103.33621,554.2425,638.37256,780.2525,545.1195,490.05566,647.4272,790.58307,687.7966,303.0025,1080.5505,569.5726,553.52655,531.38727,119.732765,395.6724,676.8119,289.6557,208.41519,239.79149,457.3635,366.01205,141.25717,309.66855,627.00494,484.8782,357.96014,531.4922,743.8579,528.8597,177.4323,220.3004,264.27213,165.95442,195.06432,346.91776,360.57053,424.79172,400.15173,226.8789,448.62378,550.1391,254.59933,414.2303,102.022896,271.11752,384.84796,478.2861,376.78217,574.4921,187.7671,115.03996,293.4605,229.50778,226.16405,189.94487,392.01276,485.1656,626.24756,450.97586,631.43475,498.4089,4.5625,Desktop Computer,$Whiteboard$Printer$Phone$Shredder$Google Home$Desktop Computer
566886.1,241938.25,12579.3955,18852.723,8531.4,6283.558,6013.354,15262.7705,14790.64,4150.036,1257.4744,12568.166,62709.605,53545.047,9210.029,6105.547,4274.7354,5895.884,7339.4355,6190.59,7592.724,4740.6704,5941.687,4178.511,2161.6504,4506.9683,1926.2065,1742.1703,2679.4,1289.2762,831.07605,1523.689,3569.9626,5859.838,3764.0977,2362.16,3513.0378,5944.5264,2600.0403,2031.455,3299.4675,1253.0519,1395.286,1691.1998,615.35724,346.12836,783.0323,1351.9009,1699.756,826.38,639.7382,1316.8691,928.94446,791.3944,219.94267,522.89984,519.73627,372.36584,460.62006,139.87206,620.80255,500.7048,583.85175,762.16077,410.5091,316.9979,751.2464,433.18597,943.4644,659.16595,1194.8628,937.6568,794.19714,524.9747,288.9954,327.40604,409.76352,346.30435,303.33466,640.61884,509.80212,713.41846,423.94644,385.43958,421.75894,638.5263,386.80615,325.4237,240.89136,220.73906,404.19626,179.74487,454.8114,455.96677,488.80072,724.36505,684.766,372.57913,288.2142,270.55765,886.2827,1169.6064,170.98051,464.6629,502.71106,109.26649,125.76236,442.89908,503.91873,825.53815,552.26294,215.60086,592.79565,610.05804,604.94696,194.90225,92.34021,627.3656,427.0849,171.698,270.41666,457.891,895.4215,899.0022,429.67523,34.15718,132.81151,176.66176,375.04794,228.6801,261.51877,725.31213,1014.3372,1095.621,1041.4705,641.80695,707.6671,359.01355,80.45029,314.03064,576.08777,742.42413,598.48535,601.76605,666.86273,384.83612,116.17398,686.3248,541.5255,537.7811,530.93524,488.03217,702.19354,1129.4037,495.6926,286.8898,671.58136,293.0386,553.4006,1104.8435,1086.1598,765.9632,645.7141,227.11115,128.04295,148.1649,233.4617,269.9244,500.11554,451.95374,80.313614,494.1186,668.66656,341.18185,469.02902,722.4322,267.37683,287.58496,187.43288,160.89,209.7106,251.90512,390.28162,344.70782,658.4943,404.25668,235.23132,395.19458,259.0399,284.32874,155.70468,339.63187,342.7691,371.82434,58.9289,476.91382,233.8109,441.7307,447.99332,140.0891,239.82036,137.87895,226.46161,158.59651,1060.4604,570.7667,664.09467,1088.0675,878.1299,758.63336,294.0774,461.1321,799.5708,538.0956,688.01105,840.77246,660.30255,118.39034,111.10313,181.42146,164.0955,227.7951,442.26746,308.10168,325.845,173.54057,211.66446,289.94077,148.91376,133.64381,310.6471,502.41818,511.0593,379.22623,300.8415,179.29549,193.71466,124.393135,272.2658,223.03743,272.7012,101.3949,198.79128,587.3151,115.031166,194.62605,289.67456,304.53702,153.71136,224.44044,251.11246,348.17776,406.53543,724.0777,588.1413,226.70761,495.78125,Desktop Computer,$Whiteboard$Printer$Phone$Shredder$Google Home$Desktop Computer
564201.7,238324.33,11211.128,19521.768,8864.633,5633.5835,1297.0706,4618.1436,9517.41,5798.5913,8867.212,10060.788,58358.574,44700.266,2937.8313,2756.0417,5144.6143,3959.9268,6529.3535,5482.212,4958.5576,1193.1581,624.14044,3761.2595,3185.948,1406.4164,948.78845,2212.313,2788.5542,2105.4473,2321.655,1170.2092,361.65042,1331.2806,2541.5718,2041.6187,3172.0425,5725.6006,3423.4045,1700.406,1045.346,1277.2909,1557.4446,1460.3373,1323.7996,319.33325,624.6041,997.7625,237.35881,1147.1823,1657.1083,1993.2275,2093.8613,1159.5522,1586.9808,688.00684,762.95337,511.03882,641.5733,922.92566,623.47473,1194.462,1754.6289,557.6387,321.26715,743.33875,58.86339,501.57104,354.0736,895.859,1251.6606,293.88837,373.04056,788.2669,899.32184,464.5032,559.1254,712.2272,798.49835,314.20667,360.32687,490.46622,750.2529,460.0045,293.8473,349.8968,322.327,116.590866,387.25702,559.394,955.90533,401.58075,483.89105,801.1326,253.65025,574.97736,759.9273,496.9701,473.27734,101.37792,481.13202,668.46735,422.36774,689.6516,304.35876,189.98161,486.98898,695.90173,578.1615,158.97049,325.9099,420.24753,205.15448,40.457455,158.99883,265.89832,212.11969,106.78114,387.29114,506.49185,167.33966,130.27974,296.1142,814.9352,263.01212,439.49503,217.8869,221.71494,265.74118,337.98773,195.1935,482.26385,163.29439,58.744408,196.24654,445.1301,414.9945,100.37816,232.05232,209.74037,74.78705,340.8121,109.07064,236.14288,659.8925,482.591,657.8572,594.17035,444.07697,388.34445,173.04134,531.8078,173.87755,325.12585,354.57785,349.53333,728.4629,210.17325,330.37146,404.11694,200.55652,71.666374,249.76553,37.240433,457.8345,513.9542,463.13626,200.70087,168.52583,106.46869,388.96072,655.1358,701.81464,665.0827,350.25687,293.0063,480.00858,408.4294,217.42696,154.36682,253.3583,86.344864,241.22943,67.52512,225.96307,379.51862,563.28564,342.89008,232.97635,260.71573,134.20113,57.78755,332.64792,88.670715,122.214905,494.64078,679.67725,272.12845,64.07752,109.59751,481.6452,400.9002,111.689606,751.0704,134.23952,641.336,912.2292,251.03365,539.6431,673.6672,682.99005,699.11066,231.26059,289.95807,372.88828,607.7061,667.94543,312.06976,439.55313,349.36267,236.06671,232.4577,341.46585,461.85342,910.4216,736.84375,210.83551,296.05914,537.7091,290.55692,286.1133,501.51663,590.966,685.5234,408.7403,135.21875,223.14417,386.235,429.92703,47.360992,197.29346,268.58704,231.10683,359.03592,256.9271,213.54283,184.80869,254.24214,269.52466,393.10165,418.41928,392.38248,453.7307,375.67654,523.5105,388.82968,100.5625,Desktop Computer,$Whiteboard$Printer$Phone$Shredder$Google Home$Desktop Computer
569793.9,245657.73,21526.06,21553.57,8860.752,6227.8457,2557.9692,10356.737,12965.251,6633.013,4470.2847,13693.34,68332.984,50503.195,2808.449,3451.9634,4298.122,2380.4536,4947.558,5924.119,5346.6616,4197.108,4135.7007,4846.1133,3388.003,2092.7158,1252.317,1980.5363,148.87239,3019.9866,2516.109,1791.0809,1928.873,1573.2197,1754.1104,1463.5154,902.0582,5739.135,2823.7917,505.9653,1144.77,1105.55,265.42545,590.16125,2200.0403,1659.4274,704.5436,225.8288,576.49854,2324.9434,1648.8629,465.61108,1083.739,340.89502,391.1766,317.9298,166.19594,1155.112,721.501,446.7074,1016.2595,1362.1617,674.1862,394.6837,624.58496,546.53345,451.5336,643.0621,716.20715,75.32768,407.67432,416.27893,475.86447,592.6283,1047.332,775.35126,1141.6156,732.74884,81.065544,188.53319,266.54578,299.06033,352.7406,975.8619,662.80194,245.61577,310.78925,558.96515,461.28574,317.58197,358.28723,360.5342,338.18527,843.1726,460.58002,164.08765,424.93866,570.3658,384.42035,497.63507,524.09894,338.4144,250.07143,131.15172,445.6296,363.20282,342.12924,410.09628,207.23036,372.68542,520.4735,197.18752,504.35547,234.21498,155.22589,396.09442,360.80798,282.65942,252.5081,171.20328,225.01231,392.4158,556.88403,78.34406,372.6477,339.07788,415.8871,448.12158,171.15742,293.9219,247.62743,640.88153,656.5225,102.96409,498.72833,265.41678,361.22647,394.45154,443.19672,422.31107,550.69495,426.28818,377.13385,377.56564,87.50134,279.89203,393.565,550.1237,541.6678,669.6429,1147.5376,1193.8948,664.59406,609.45184,411.27603,317.20657,595.7067,190.2352,488.79132,664.3606,529.61005,131.8301,389.4196,576.3852,666.2197,556.5954,327.69525,286.11014,215.42854,214.4016,331.43256,331.32422,305.7463,410.5733,366.52173,374.86453,139.64502,183.95572,223.7023,347.41885,520.8973,397.16272,123.25795,97.93058,84.124626,156.92722,393.75183,612.3313,660.33856,611.1104,601.6685,576.4845,560.68445,617.75946,800.4742,424.413,82.06566,511.86285,468.8071,328.8145,303.77795,526.93195,536.4791,407.5943,319.78226,106.96566,711.9959,599.9308,455.73724,304.13385,394.0489,474.4737,218.64859,229.58223,229.56589,31.015612,228.6696,335.16388,66.13716,243.30331,576.4173,280.34476,169.22844,353.37354,335.0146,384.06158,355.9553,181.4997,101.56955,360.68637,508.5111,614.3412,277.49472,208.39415,216.08379,59.63745,109.16616,354.94186,564.12646,165.93896,306.0798,517.8655,238.64977,366.42798,212.39143,287.69028,216.08992,101.98083,266.8563,444.8762,426.08646,377.68768,523.7005,430.00443,516.9055,221.73328,41.71875,Desktop Computer,$Whiteboard$Printer$Phone$Shredder$Google Home$Desktop Computer
569289.0,247169.05,10882.842,11947.219,4140.415,7840.9834,2954.6558,4928.586,5934.3276,1560.341,2422.3882,5960.844,59640.523,48553.77,9270.126,10424.266,12109.114,7210.805,6699.3584,5713.864,5765.351,6518.5366,3355.2786,1435.0781,609.0607,763.4303,1735.1082,1819.032,623.05084,1468.3563,1877.0403,2705.2305,1346.0646,2185.5051,3351.5967,3532.0256,545.7041,4003.728,2036.1815,1093.0454,690.5286,1336.818,1185.4155,928.1418,1733.6533,250.3058,1231.4526,650.7852,738.184,2828.487,2908.15,555.5497,1366.0426,1477.8757,355.40958,511.92374,217.29079,725.82465,587.08484,874.292,218.4241,621.5445,273.9864,264.27072,1236.005,908.63416,1047.4585,1354.4088,1183.4471,911.1847,699.304,957.17487,947.61,566.2284,1293.9199,555.26294,85.50174,427.94916,553.59644,201.72871,349.55832,272.18915,146.38046,347.666,394.02945,173.68497,418.12036,271.18942,419.1568,751.8265,472.6887,70.26945,414.78635,565.34015,244.45515,340.083,229.28328,638.68463,459.96927,481.30084,267.4441,184.76306,536.16223,125.125755,645.25226,276.5188,482.6755,513.461,167.03261,453.36426,315.0333,489.15765,869.86115,695.7118,1079.7727,772.8207,226.72032,431.8846,468.38852,307.15228,83.120026,145.12112,421.61722,325.50174,162.10744,312.23236,511.78885,643.4182,470.18048,222.2829,734.45013,616.74884,815.6569,1442.168,1314.199,194.87984,431.80682,263.1381,144.5908,60.73302,104.20477,272.8585,459.2112,530.2632,445.52957,338.29205,368.5492,164.94734,99.77255,522.58417,819.88403,676.40485,927.69037,618.5728,250.304,434.53632,274.77737,164.76225,156.88533,172.22173,115.704735,100.98315,246.43884,423.6215,668.02704,574.0337,192.59538,171.49554,325.81274,130.99246,145.05753,354.5301,600.701,540.45593,353.8319,228.86546,302.4025,464.16733,499.59576,322.50815,554.80505,454.57388,313.8416,456.30615,523.45087,189.0786,269.18808,117.27517,225.60394,211.15366,549.84344,264.1662,97.77012,508.22357,159.16614,229.25267,194.06859,402.17346,212.13416,344.42758,774.8256,321.86526,521.2036,592.0797,995.6043,1400.7188,470.16025,809.17993,663.15936,328.3136,474.0919,466.66727,340.1017,463.18854,412.35483,104.53212,61.89981,131.7577,202.05507,249.84306,311.6883,221.52924,589.6845,370.32474,306.7613,573.87524,265.49747,54.33807,229.8852,127.660065,380.31693,415.3453,486.9414,140.11923,197.44464,306.63333,318.4023,193.10442,572.5418,401.54837,160.83609,570.8526,160.72372,337.28696,156.16461,141.83084,134.49657,166.04396,269.96396,266.31577,299.2325,120.75256,363.1507,331.45163,193.04985,131.41179,407.40625,Desktop Computer,$Whiteboard$Printer$Phone$Shredder$Google Home$Desktop Computer
565445.25,243650.73,18511.55,22682.238,8359.924,1599.6226,1894.1873,3460.5554,10085.224,6666.7886,4185.921,13564.8125,66389.61,52955.45,8359.356,1496.7313,4702.5093,3514.2954,3138.9548,7114.7207,4313.6343,3592.6558,1465.3336,5635.979,5357.5215,3071.4062,1862.2117,1405.0697,2198.9858,2105.6187,1905.1875,898.7144,1793.479,295.4163,1925.218,457.80194,1980.2238,3972.597,3038.7278,1233.0923,744.80316,1326.8838,1857.6865,958.1229,1706.9951,1154.938,904.9625,1118.2947,829.0231,1156.9451,1116.5432,785.2183,2231.4014,1429.827,1307.5325,1678.7539,795.1427,1198.5005,357.1416,817.0277,402.06055,1045.1373,801.3362,510.21475,477.24295,1496.4554,1037.1613,542.964,757.3591,88.294235,338.08185,162.48436,535.25336,422.28888,497.53287,824.312,625.2881,342.6676,784.0341,695.5457,372.0834,140.32684,373.76688,593.7318,550.64575,229.04396,191.7856,464.14694,681.69293,172.1615,97.07809,345.4539,550.8746,478.78662,341.30035,338.01535,503.3299,461.76236,74.461235,339.86087,455.2832,836.9102,1094.4133,986.28,329.60452,915.2595,548.39484,740.54626,692.6289,233.0382,170.65102,101.646935,448.56332,383.95935,818.6088,779.0309,143.08693,112.152794,273.23544,208.70836,158.69429,292.07108,286.5361,118.31632,110.38937,159.50912,462.31192,469.5332,368.15527,208.36275,190.61081,198.0951,240.99977,515.7822,863.81537,201.99515,703.43634,512.99243,537.70416,681.7596,899.7592,495.2605,347.37027,172.22005,231.72684,153.4655,585.62885,658.8733,351.7262,227.03815,244.1858,338.03287,656.39667,153.2663,558.14484,493.42462,407.12903,49.68198,235.5636,209.8602,9.783098,147.11086,251.33917,424.69458,586.0279,257.97275,454.45364,311.4469,424.09894,112.176445,115.019684,455.7447,787.3293,368.60544,181.72845,135.1727,259.2321,253.59056,205.51984,82.82672,264.09882,175.92638,224.00436,436.7067,306.8121,61.21582,77.39693,235.21086,178.04239,327.22202,504.92206,568.217,200.56456,369.49997,300.78134,444.14246,557.72095,773.6806,745.811,450.80655,442.0439,471.54425,216.68037,755.5122,1276.4,261.16687,1233.8661,880.19714,536.473,422.00247,524.32623,406.83093,208.78854,159.921,346.54465,120.56296,342.55353,284.47964,32.09248,238.14798,263.2925,286.58566,449.9566,326.8319,107.76876,238.09305,206.8115,294.55554,350.64758,110.22236,31.44439,172.99327,312.9258,422.15433,267.49783,85.41466,573.27014,634.8259,414.70312,382.95218,254.38684,186.84856,495.2339,490.6938,222.24023,257.10687,300.75735,459.80017,300.9547,36.00132,170.34032,165.95187,371.7978,584.22,898.02496,605.34814,184.96875,Desktop Computer,$Whiteboard$Printer$Phone$Shredder$Google Home$Desktop Computer
567869.2,244429.38,13259.868,21473.418,8371.651,2741.6475,3514.0508,9781.376,17349.707,1924.8717,6488.8896,12101.757,66049.44,49816.03,3163.9058,5359.04,1915.6641,4853.402,7172.938,4845.3926,3472.4285,3670.2307,3888.0583,5432.8193,2577.4375,5336.163,816.2574,2250.7278,971.1126,1846.6078,2654.88,1243.8226,2465.8044,453.79944,838.3525,1250.356,2236.38,4318.294,2090.8257,1505.7661,2978.851,2302.4573,1176.9636,2804.8586,1489.9108,1580.5367,741.1397,1577.4583,1238.5168,857.5712,1108.8727,2027.6042,1017.4589,1656.7246,1105.9719,1842.495,1005.1545,1462.4247,2074.0986,530.1223,1174.3757,1515.257,779.72424,1049.5088,711.26044,966.6881,1441.8435,978.8232,1075.0392,555.7259,484.57437,692.467,909.1944,710.51984,189.72607,542.0934,472.6986,600.98126,419.03793,302.89432,248.19788,641.38885,727.8522,578.9027,86.93841,189.1048,378.7216,755.8291,650.4571,82.21104,401.81052,417.86804,87.71951,280.88007,421.01355,527.19147,231.17723,571.4401,575.31946,397.53134,716.0381,157.29729,348.2196,264.4085,508.42075,595.2854,904.3036,749.75256,556.3368,139.99394,85.60033,414.61505,701.171,184.93909,392.59558,140.49432,261.01013,210.47697,419.9591,762.11334,679.3139,361.68063,276.683,438.6346,614.15906,289.96,525.45557,63.53219,318.78387,442.72324,581.83167,126.428474,612.30664,1163.2969,1480.4761,357.41772,555.45074,422.32596,465.22998,379.56967,346.1605,276.37677,76.65539,166.33255,494.8447,469.66647,217.42009,447.3679,339.80115,731.87134,429.11838,524.37085,535.1714,447.4695,725.212,246.33026,319.92563,118.7076,138.9862,306.70013,716.2934,498.97244,179.29872,298.12057,315.48892,133.75996,100.18921,254.44582,211.2058,504.29285,541.6954,509.18552,266.57205,440.9424,280.52643,480.14368,589.86694,161.48561,217.01709,185.20912,228.3932,245.1661,29.255327,356.70737,638.4288,585.4969,200.79257,201.15755,356.5524,270.78357,193.4546,298.40155,288.3779,117.66199,312.5925,465.65152,121.2915,181.72623,324.9022,515.6608,143.12552,276.80658,217.13321,591.3394,639.18115,667.31964,273.03662,472.19925,396.70285,970.75006,920.3727,580.5271,499.87796,492.99393,575.9131,958.2591,487.64203,44.069466,118.13889,72.97883,104.13646,349.66528,259.19687,337.419,354.21832,458.12173,288.90186,84.51768,234.65353,360.00507,111.1544,218.9917,205.52449,262.58148,58.484665,110.33455,299.39084,471.79532,434.64044,435.08615,186.19962,40.232613,249.62793,486.60025,443.08984,643.9166,284.32507,338.20966,421.60864,402.34433,291.80774,363.648,308.51065,407.47784,317.96808,501.93747,684.875,Desktop Computer,$Whiteboard$Printer$Phone$Shredder$Google Home$Desktop Computer
565330.9,239051.36,13740.473,12555.681,3154.4844,6977.558,8087.023,7789.8687,13940.091,4244.9014,1827.0065,15667.502,69025.62,54356.883,2748.1506,6699.5527,7446.931,3988.3237,1663.2383,801.0236,2968.4475,3047.6572,4145.8906,2604.3398,1670.3198,4015.7715,1798.899,563.19354,1467.7595,1487.6307,1516.8643,3030.7454,3312.4448,1936.0919,2173.8955,2605.3218,5084.249,6630.4062,2816.6465,1505.6188,2076.241,720.81726,1873.6748,2141.512,2282.2593,2118.8125,1008.44464,831.44745,1682.5707,298.43582,1102.8295,981.53253,1357.3447,689.14984,1742.4747,2171.753,808.5476,586.8825,1211.8125,1864.0726,1334.9279,990.1881,1244.039,1101.4924,362.9372,635.1073,229.8999,496.10144,266.4085,368.39194,855.61536,423.313,399.41083,792.9264,1187.749,649.97327,716.8222,555.03656,928.2006,706.02576,264.2802,677.57666,344.07272,164.58603,167.52765,247.88255,406.5772,296.05322,90.35925,224.95212,367.9376,628.54803,643.5151,631.4816,487.67334,984.50195,573.45,284.77942,136.07321,627.8628,724.9223,622.19305,847.30347,552.7897,545.8363,289.27744,218.05455,559.5129,520.81445,161.39442,167.46973,249.76581,301.93555,319.84317,257.38766,338.75864,253.9371,215.41908,65.29278,313.51974,175.17102,257.39917,433.1854,239.05902,461.23944,302.89966,776.08014,768.1986,599.1135,273.70685,165.98466,190.82416,197.45569,554.4041,1346.3818,515.989,1008.37213,652.5967,462.8732,394.74374,199.26813,495.15274,552.5717,193.57106,542.42285,478.86755,363.34625,375.41632,966.55756,730.87415,383.95892,1024.9244,1319.3723,490.32565,464.0863,229.2654,220.93573,415.2184,286.6823,88.30484,285.29642,257.5554,378.88828,386.39496,204.28494,314.90955,195.41547,100.74408,166.45209,437.52435,353.39578,331.1206,282.2335,258.1515,597.193,447.7847,139.57097,326.0424,231.2047,101.91002,440.8899,358.8689,259.16968,251.89215,373.59335,243.2226,413.89743,298.46304,398.0494,120.95962,210.41933,212.55803,427.9005,209.98845,533.3181,390.5242,335.12225,230.28683,141.52853,343.70502,738.2073,812.23474,1113.4983,1457.312,905.1041,251.66043,407.97205,678.7491,822.7065,309.95544,171.54443,409.70932,378.76166,565.4804,550.02277,512.3416,453.7755,444.7439,247.12254,473.91708,377.01547,471.3939,404.76215,311.2907,549.4586,659.0213,241.64656,484.07745,468.7871,368.09732,79.65888,27.54482,293.95895,476.0484,678.97974,447.7895,83.030685,308.93063,243.48958,206.05191,106.40219,205.4803,440.546,437.75845,582.17847,526.3634,390.2339,267.50586,291.07333,322.3033,286.85214,100.90688,301.07272,514.7829,504.64935,645.39655,880.96875,Desktop Computer,$Whiteboard$Printer$Phone$Shredder$Google Home$Desktop Computer
569640.56,242688.95,13298.329,18381.63,3480.963,2626.7112,5840.862,10968.896,12605.712,12600.357,5570.5703,15414.384,66572.01,46901.52,3237.9534,5063.3643,5591.827,6332.927,6043.186,4766.2656,4841.3306,4750.573,2382.9067,5194.8574,4199.3145,4491.1104,4195.365,3977.4475,2596.405,3698.1616,2086.2454,2309.0554,676.8693,3132.8115,3177.6128,2521.7695,729.4524,3783.6145,2173.971,1883.0153,1450.0225,261.42096,1390.4146,1548.0043,918.4576,248.58788,690.765,1049.1262,1094.2273,2640.8694,1469.1866,612.87085,1118.4563,1092.7555,797.5493,1504.3136,814.41766,805.47107,315.2904,366.39954,457.3725,265.68338,448.0165,167.41957,577.4745,70.56235,762.0651,478.10486,164.01183,543.8836,436.2476,445.39398,65.94131,708.5874,922.15247,1257.3319,973.74115,434.12265,684.0821,641.49316,734.27216,716.41504,657.1556,334.51978,560.0939,435.1404,121.49348,105.50325,221.14586,607.78625,784.4505,843.4379,826.74084,330.68954,551.3666,535.9776,771.78467,536.5786,259.12476,434.6694,356.2839,194.29153,388.61017,95.4032,126.73118,581.83997,492.4408,519.6329,344.7399,293.36365,37.797707,191.02885,502.50964,127.77374,60.048958,55.424007,338.23526,494.88196,633.9788,501.80234,102.97256,650.58527,587.08905,589.2438,235.48906,472.6667,222.24574,218.34235,419.52393,351.59207,362.26797,511.6724,282.26724,660.0303,818.39795,671.2305,794.7775,197.921,329.47693,426.06604,354.30365,339.84784,450.90155,593.20935,476.12732,468.34006,512.2794,783.3134,715.2665,493.12207,611.2063,461.12122,565.758,418.50388,359.66956,335.54144,603.85626,381.04953,161.66173,61.871334,79.09486,177.88799,235.43466,324.32645,430.23788,263.00955,86.399536,304.22385,235.05046,391.17154,150.56696,35.006172,660.539,379.5568,32.55457,158.11559,109.40036,254.01906,497.9981,563.8709,708.18866,422.85574,261.13623,147.91077,146.24539,391.769,553.25037,854.9594,301.57773,168.58232,206.84091,133.11491,673.7735,501.79315,377.86713,332.97125,422.15833,243.33171,325.45743,335.20248,139.32741,240.6494,681.1559,409.69638,805.7934,389.009,721.9417,934.9317,495.8038,581.1764,515.4909,834.11847,399.8064,270.46527,388.38147,171.04251,308.97894,556.4052,611.4888,431.70435,548.2239,250.41348,188.55159,132.19023,157.49055,489.4945,535.26917,344.09885,228.6316,210.81686,148.54901,386.65982,201.3014,147.86931,123.13538,204.25005,62.78633,95.89887,188.14824,161.67932,110.15437,332.3434,497.67804,219.52922,206.22227,132.47398,349.27972,155.68327,346.9106,504.48364,257.0742,549.321,380.91888,104.697876,518.6798,574.719,336.1875,Desktop Computer,$Whiteboard$Printer$Phone$Shredder$Google Home$Desktop Computer
565959.1,241769.33,17122.918,22156.238,4353.091,6483.099,6920.6094,5729.827,2172.9253,3900.0151,3628.5686,12116.127,67697.01,55000.41,6288.985,4457.4033,6323.251,6112.61,3716.2993,1857.35,4501.34,3991.2734,2922.6223,2164.3806,3596.187,2076.462,1036.0028,2334.1284,2914.8208,1734.6211,3906.1594,2331.685,1312.7874,2318.8596,1392.4191,3024.7898,3203.1414,4138.106,1131.2144,1015.4261,2161.0095,2222.7068,1212.577,1570.9535,338.44046,453.6232,585.0298,1209.3865,624.8148,1759.6163,1864.5192,644.0614,737.37573,2026.8455,1649.0591,327.52023,610.3659,714.5331,656.92163,655.32263,784.5379,396.36533,533.5436,614.156,392.3725,214.772,457.5581,331.50626,286.00058,627.512,704.2076,515.96576,135.89174,584.1774,444.81723,331.13522,348.50397,624.0239,449.96634,423.05215,374.9972,522.3814,606.9784,687.2936,331.90848,141.87521,198.71622,109.058846,222.41956,180.61607,206.04205,303.17737,225.92732,381.20062,378.34665,617.9025,571.7528,289.25446,804.7707,1142.9989,1206.9825,580.8491,259.48685,323.9752,536.2748,875.85315,388.46863,174.30557,364.62308,158.30879,220.35132,318.70435,465.35565,383.98227,559.8868,384.9374,141.54141,190.85094,349.21255,289.9919,563.18555,293.03214,388.23306,414.13025,233.55632,496.11465,238.44835,227.80537,308.19476,607.6072,265.9071,264.74234,278.59515,699.5613,1498.0779,496.66507,548.1525,341.50726,371.8538,179.27884,159.36685,276.55933,82.62576,222.22426,277.45065,241.47086,389.90094,338.65726,277.34048,469.65805,505.92944,444.47507,440.13678,449.8986,160.8021,178.98988,410.0532,558.2959,309.29642,201.61026,179.19522,385.03464,498.69858,365.2928,301.4556,405.285,463.96902,355.46854,308.83615,341.80847,207.9852,470.38464,174.95984,368.29358,100.81099,233.10345,248.53615,145.83084,541.0253,390.88806,82.40168,281.5142,335.08514,206.94873,353.99152,475.46027,678.59,519.3652,121.34317,130.47382,197.40129,216.21722,419.39822,476.46442,191.06099,443.32584,134.41698,360.53812,185.82755,242.6765,207.85748,236.66913,293.67456,669.89636,605.9571,827.8617,254.97878,1063.9279,466.5215,734.902,753.7839,572.2983,391.37012,202.68018,310.91476,397.997,487.24448,754.5156,241.35204,50.559097,449.7839,228.8729,136.66109,144.7068,495.16876,502.63855,530.98615,380.90604,181.79645,221.7003,418.07187,120.70217,390.9884,314.65875,251.32536,307.46365,291.41245,381.08463,161.6108,429.2766,400.02466,62.403313,182.27214,308.17804,212.2875,301.58066,231.62271,401.34518,508.2463,456.65643,132.72449,373.8936,662.91327,218.9484,498.39893,524.93207,95.0,Desktop Computer,$Whiteboard$Printer$Phone$Shredder$Google Home$Desktop Computer
568653.6,242883.3,14089.184,22328.764,6525.1074,4472.604,9376.699,9548.553,4462.3853,4595.8696,4011.2612,18054.592,66119.64,45883.766,2198.922,2293.4678,3378.831,644.7335,1718.7274,3726.4595,6989.4785,4832.8027,3971.9246,2410.6702,4294.2383,2639.7515,1486.8058,2755.398,1487.1006,3774.685,2920.4922,1712.3508,736.6448,1697.1345,367.05267,1808.7272,2689.4944,4725.838,2856.4363,2067.4077,954.21967,1162.3533,1322.47,581.15497,903.96124,321.98608,565.2194,1154.8788,895.1968,926.8812,1110.3627,823.2907,213.40665,744.74335,442.82114,139.82993,54.103607,863.2924,97.35156,717.79565,812.2851,1396.9741,922.50085,530.5235,310.98984,497.9704,427.73187,159.43182,128.12877,369.57886,469.96616,289.6761,319.4736,782.3576,705.1545,572.99536,302.4572,131.37532,270.80423,445.48898,880.7891,368.64252,376.70874,310.61392,331.58905,296.66562,401.8981,323.1582,355.2738,354.6878,339.25055,266.1959,213.2471,271.85257,244.5875,386.40427,240.03122,585.2999,735.42804,1149.2452,523.1984,385.41324,356.5848,295.37228,322.37076,523.1732,534.20166,183.5131,124.18705,111.134834,471.9446,393.67667,163.9374,666.13184,269.48206,728.8268,494.02222,417.27084,267.69928,259.66635,280.56467,187.89394,111.40476,48.441216,399.45065,356.28,286.02856,187.96773,304.02554,479.27316,286.0397,222.86559,572.8249,1234.6711,1085.697,828.6138,714.0973,523.3474,174.0917,202.36484,131.34491,321.61066,357.82724,329.13095,328.98044,104.51344,469.20126,255.6923,326.76703,383.06284,340.9514,331.16547,781.29767,502.71185,100.79814,464.8523,222.12503,205.21758,35.2498,496.4049,321.7031,416.42477,203.66579,43.183617,258.43893,429.28064,244.93391,82.00649,245.12093,352.01065,547.54175,580.84357,688.6531,428.37604,283.9674,185.32193,40.951054,489.3312,210.05814,278.26962,241.7323,214.65805,237.33514,315.1579,452.2553,492.38043,621.92126,297.3484,120.57958,141.41724,187.98216,193.9515,208.11592,255.3254,419.49368,400.72888,373.98077,286.52655,156.26161,364.93765,352.85278,202.48836,96.45606,176.4985,383.53198,1090.848,743.4779,946.1088,954.0404,537.0606,435.5767,492.6856,408.36856,78.86666,73.48213,269.74582,200.99677,279.096,298.88788,129.96724,420.04852,625.99255,491.14633,283.46774,372.06427,585.70416,150.9525,411.75858,270.5611,131.38345,377.97263,564.60333,326.39523,231.88327,442.91183,596.26215,551.1124,23.852283,478.58795,730.8151,622.7233,535.8146,219.86908,271.4432,228.67326,352.68082,39.724957,348.4546,389.30045,537.11475,542.9224,429.56818,567.9322,73.20641,558.98444,227.09435,393.78125,Desktop Computer,$Whiteboard$Printer$Phone$Shredder$Google Home$Desktop Computer
569418.1,242612.11,17846.973,19829.482,7980.171,5296.5967,3196.6812,4973.425,8547.136,7917.176,6434.1704,13113.931,59041.914,48349.33,4914.59,885.72516,1219.4855,1844.276,3455.9744,3880.9402,3992.583,3400.82,3007.6367,5367.0,4554.838,3319.8103,562.23456,1612.529,2061.1938,1380.936,147.8073,1645.2737,1301.7747,1454.8058,2625.5042,620.3543,1436.6073,3070.743,3117.277,1224.0042,1030.9323,1335.2267,641.52905,1259.7028,1335.4207,581.6248,124.18412,197.66753,465.94162,1046.2043,497.4364,388.50946,1138.2653,1033.4979,992.4686,271.76437,640.0506,1046.784,902.7113,1188.112,368.49557,25.856913,513.0698,782.01794,656.6069,452.42938,700.17615,193.83076,74.19023,498.7117,667.0438,408.64893,481.30585,735.32104,590.85944,314.7326,378.23236,256.82013,455.80075,463.29724,570.0551,349.02698,591.7949,841.75616,755.9606,316.9448,158.85796,300.09308,323.3395,467.72507,463.7327,316.40134,403.89056,630.1286,464.583,536.8299,269.06573,278.10657,311.70978,205.72864,472.63266,657.83704,263.83603,289.85587,658.17554,935.5672,789.04004,356.1003,286.21954,407.31183,298.13254,404.70657,294.9472,326.45728,321.70767,461.52014,221.9581,102.107086,416.87323,704.69574,606.7129,630.40936,686.88165,589.35046,223.04648,142.43925,363.87677,564.9491,818.307,565.2291,325.65524,233.34389,254.98616,967.3814,1614.0382,286.68372,830.20087,730.6003,671.2458,792.76794,246.20312,327.05835,299.74228,199.68849,381.09705,340.78107,491.65558,388.48288,69.68149,635.5326,499.19974,351.45612,315.25427,156.9182,124.38017,260.93692,312.71515,90.647575,282.05447,244.25688,141.02765,199.66281,305.70834,571.75055,491.82364,829.3613,1311.7098,755.86285,32.657875,244.86198,182.80173,395.71664,433.64297,318.98065,462.8718,606.3611,701.4888,209.71825,256.52097,103.041435,292.15594,230.72925,291.32693,228.00714,248.12738,376.5058,520.7816,142.48235,199.70303,207.63187,253.04536,378.7905,248.54292,404.26566,276.52563,396.302,263.82764,475.2118,277.62036,239.93933,345.71033,679.90686,215.13313,179.38582,321.68484,659.59656,1311.8484,1269.572,921.17017,678.70197,201.19878,268.34692,454.59604,582.195,206.785,270.3297,30.078325,88.41125,275.10126,457.26053,273.6058,242.23866,103.0446,26.9245,168.14415,319.18918,464.75775,690.68524,842.4435,553.7157,636.9002,593.2486,542.5335,577.8694,472.1913,606.47736,284.10614,39.767197,169.46638,287.90826,750.34485,537.04095,243.83623,235.20087,151.59727,280.3419,99.021385,448.54794,211.86888,290.8271,439.47852,397.45093,629.8878,373.36285,649.804,508.07254,753.96875,Desktop Computer,$Whiteboard$Printer$Phone$Shredder$Google Home$Desktop Computer
566997.5,241664.64,12992.651,21892.832,9886.116,1749.1533,7842.8066,4715.074,7941.3726,3545.179,1205.2915,11087.504,59788.3,46506.69,4053.9204,2928.255,6144.6094,7094.1357,1553.1317,4591.6597,3411.2136,2505.0972,6008.2793,7540.4224,1051.9214,6826.2573,4109.6636,1208.8076,1338.6583,2520.1409,1488.5908,1779.682,3150.5989,1902.319,3325.9316,689.9915,2425.9482,3521.213,1363.87,1152.7699,3421.4688,2122.9014,707.0919,540.41815,189.79579,1419.1989,1760.7324,1364.7085,800.2361,1200.637,1132.3594,1843.9852,2127.1167,781.39545,909.8048,1303.5798,478.88855,476.69955,1220.0598,1014.00116,325.82132,840.67413,281.89386,903.11945,710.73694,566.22797,542.3558,500.34598,606.5544,171.57086,196.68204,315.18808,406.83252,854.26025,270.7734,388.748,557.73413,542.8448,34.804787,430.05548,621.5867,376.44186,219.0502,540.1513,620.9711,434.42908,561.9989,589.5485,391.12878,837.4535,550.9532,896.8428,572.15356,478.51324,185.0609,500.81213,422.4919,296.14255,430.27124,386.91443,625.2941,495.87485,216.0628,420.63486,155.05275,254.59752,461.87946,131.68701,814.0272,954.0747,199.73978,359.77728,224.79437,402.44336,271.66202,321.40717,299.09253,117.483894,165.9237,190.94858,99.98547,311.31567,613.293,109.86155,357.5258,329.9043,142.50537,314.418,159.99086,490.58267,407.89072,396.91257,469.0092,645.82837,1299.2944,626.4116,625.9115,884.67926,473.71832,290.0981,444.78357,177.64497,273.53305,271.4315,147.30264,113.32593,408.0538,116.14758,560.0833,527.44476,285.94873,17.275934,374.976,93.789734,354.76947,231.60597,389.63864,126.68673,379.7469,268.85294,289.47574,293.80112,327.49646,328.69693,267.77875,334.43634,515.5878,584.53864,611.6952,309.23047,164.20854,343.10565,178.13857,181.38037,102.061005,227.68521,480.4304,168.8431,402.72925,152.96854,110.15548,131.05457,54.60531,214.90958,249.95071,96.27339,268.18192,285.9667,386.06833,438.95694,356.09192,190.12178,129.88557,347.8516,332.0692,260.9932,656.25446,649.259,272.25,320.4282,427.95908,152.46861,319.2579,348.25803,400.0567,434.1518,791.6125,548.72736,413.19418,575.79047,176.9035,88.762695,252.90735,239.01756,216.0118,271.74835,247.77269,467.1169,456.5557,593.1005,399.9508,203.26657,121.74903,177.28236,292.72556,311.60904,240.59465,87.55131,404.96506,658.8745,648.0123,263.72614,120.554146,231.36472,226.95642,237.28773,515.2878,737.9742,785.7947,752.04675,467.4518,279.66254,539.70593,341.32306,187.42293,176.20651,157.2204,552.1745,633.6568,561.67426,34.05716,763.4604,239.67326,673.6887,454.565,287.37842,54.53125,Desktop Computer,$Whiteboard$Printer$Phone$Shredder$Google Home$Desktop Computer
564168.56,237887.34,20227.053,23235.41,5566.189,6928.902,7580.581,753.8669,5607.1953,3706.8218,7692.627,9727.871,60074.02,48278.945,4240.1025,5309.123,6625.0024,4575.8047,3608.8057,1877.5768,2267.308,2988.5627,2664.5767,3865.4514,2271.975,3234.1897,363.327,2135.6887,2620.822,1014.5551,1369.8455,949.6388,2133.0405,1225.8599,1524.3738,1497.6754,1378.4181,5561.227,2962.118,1231.2281,2434.7705,1002.94855,2354.1438,1214.4308,1311.1311,1404.028,566.10693,1140.1294,912.82794,1058.5924,1409.9631,849.50726,703.10895,1056.9282,992.6278,670.69946,1112.3098,1888.3381,699.472,593.5274,748.37726,906.48444,919.368,220.37708,727.33575,359.55768,531.69464,517.4126,264.53107,401.20456,441.26373,262.4722,625.04913,556.67554,167.24907,536.999,616.8126,388.4564,259.12582,456.4834,490.0506,109.41943,448.2429,316.35004,439.81226,267.57712,266.9109,451.28915,330.73825,264.15155,666.1183,80.524826,396.38684,250.43785,315.4904,659.87036,429.80173,344.15497,360.24536,531.33276,514.8173,157.12631,547.5347,345.66736,145.14656,37.629585,343.6004,446.36166,484.90646,753.36597,508.5647,174.3132,107.74488,222.41338,359.2797,310.22476,468.03445,198.78432,159.2228,335.41937,528.92194,623.39246,863.75073,282.1721,307.8716,171.31004,327.21115,442.18848,416.26514,184.88042,420.0707,432.10873,680.093,916.034,609.7576,413.59406,581.0512,756.84955,435.60202,169.98024,306.05685,367.83466,459.40466,176.54639,321.42233,553.16705,339.74213,123.36316,57.958282,513.1936,247.66685,371.0685,394.19458,263.59912,784.224,577.04663,266.59384,352.8043,161.14325,147.92517,92.58253,51.1664,127.7157,112.0844,168.0378,413.82248,183.81787,87.73328,97.33407,133.48601,168.28482,468.56354,373.595,468.50943,411.33792,118.32753,216.97299,162.55544,413.8775,276.9491,259.77658,319.63055,422.3543,204.13406,153.68956,127.19553,206.31837,193.39058,619.0304,659.28015,714.00745,488.6136,364.72653,422.1352,430.5416,441.9301,325.94217,82.53582,152.31699,168.5479,208.26466,143.77399,551.8232,724.01056,835.2673,758.4576,384.0316,495.1987,363.58487,306.85748,149.13864,181.26627,291.5564,307.9662,461.69012,561.6604,500.64172,321.40472,206.74796,90.41051,256.70578,623.0236,466.68646,566.1521,310.32565,100.53853,302.80585,461.72137,263.0291,301.56454,289.47513,164.45987,188.0961,272.6338,507.40085,655.1396,364.6915,235.58812,255.30801,335.25323,215.24661,245.58174,95.1881,324.30035,535.6341,295.18716,232.31401,210.2102,206.50969,54.73256,133.53773,764.5803,757.6401,76.51302,167.71623,131.30463,219.0625,Desktop Computer,$Whiteboard$Printer$Phone$Shredder$Google Home$Desktop Computer
569551.06,244286.31,12935.707,20160.115,5905.1016,2612.8325,4055.3667,10639.658,8387.597,6187.8203,2436.9502,11047.253,61534.39,44882.83,1117.3959,4082.759,10870.392,6733.746,4136.3394,5791.304,3779.1704,4285.232,3450.1016,6384.7974,3124.6252,1392.556,2315.5251,2715.309,460.04187,3321.29,4646.8027,3303.908,2030.4252,3560.74,1371.6748,1623.5715,3605.5159,4908.293,2174.7256,1443.6592,2683.606,1816.4886,1932.8348,865.4355,1946.52,2027.3743,817.43695,1193.8728,1212.9379,1838.6431,551.6226,1143.8634,1437.5917,732.8795,1264.9655,1221.6344,242.73318,986.246,1264.2612,358.64624,426.10788,755.36554,818.9457,1019.0828,1073.8572,115.15418,800.2399,771.0333,1131.5271,920.1126,504.78357,1186.6688,1375.173,695.03253,680.8646,574.57214,248.36081,380.47098,437.56015,307.7932,641.3274,464.19955,154.18285,370.9133,277.13467,962.509,1300.3193,1052.1366,471.7608,279.89597,667.2736,590.3661,62.406147,271.2297,839.89923,1079.1904,1068.9695,752.4768,810.7398,669.9263,723.9335,310.3127,397.82816,800.6716,725.86554,783.0914,176.6777,541.744,287.98752,124.67862,203.44054,493.73102,658.8209,190.51047,195.44725,431.21216,599.43756,145.92447,200.25206,355.60873,146.7911,413.63773,563.5941,392.59174,466.28516,615.82697,415.07108,207.06569,261.28146,130.67494,354.9359,563.87805,601.51855,744.47614,1038.2411,479.80914,349.32922,555.09625,485.00922,169.04109,82.404945,190.58162,68.289986,683.78436,403.224,193.7991,320.86954,343.42944,564.9191,488.2859,428.0168,349.9777,491.54852,556.95715,1090.2618,233.87784,415.41846,315.0755,392.3779,463.0829,323.4492,96.19984,385.75095,212.02075,279.9026,193.75835,271.60696,246.63031,46.453617,407.69247,455.27087,307.6234,401.3762,250.66548,208.9846,443.15433,253.60367,222.55644,343.57153,374.17203,383.78104,200.49767,476.94952,406.61755,119.20016,166.05298,335.04416,469.15552,278.7932,163.9843,760.3754,414.6159,165.3878,358.97403,455.89993,361.96634,289.42487,128.95107,312.40353,168.63225,514.2431,713.4998,438.48648,498.61902,624.32166,708.0397,1012.47546,542.079,311.88727,436.20367,781.56683,629.21875,518.7189,311.97116,258.45062,234.19878,445.34976,126.9411,184.37694,85.574066,295.50613,174.638,114.029366,283.84097,509.57782,55.091026,209.90292,368.21042,232.19577,177.752,260.29364,418.31342,267.85306,261.79813,655.2224,404.45654,403.47498,158.49828,223.33232,171.26103,274.84222,350.89093,513.544,36.208546,356.49887,260.16235,200.5392,147.91383,433.22067,616.2471,513.3177,37.42385,246.13875,808.2972,843.54614,515.8485,439.0625,Desktop Computer,$Whiteboard$Printer$Phone$Shredder$Google Home$Desktop Computer
569219.4,244619.92,12846.597,13155.449,4641.8755,4226.253,7008.2964,13518.702,13604.551,13998.589,9911.362,12980.726,67501.59,52013.3,5071.53,2296.6477,5243.2534,2841.37,4935.117,7491.1777,3536.6377,1549.6075,3688.1501,5883.156,5238.886,3499.1396,2637.0393,2017.5984,4677.716,1396.5365,1971.1763,1388.3632,1330.4263,2677.543,1039.6561,3565.873,2766.012,2534.5762,2385.1272,2944.2673,1643.7301,443.23962,170.01471,1225.1277,1032.2092,504.53452,409.93103,1211.5837,1269.3677,1437.0078,1352.1504,1454.2487,370.02203,1089.353,1309.4103,2564.7168,2250.3757,903.5717,1517.2115,2426.745,987.1255,602.3583,1187.099,1145.7902,1021.13873,457.81165,777.49207,69.45048,387.37378,426.68546,775.30084,967.21594,715.31537,1158.5399,835.94275,938.42004,1155.007,505.05768,732.11444,1081.3652,476.8872,524.88995,149.18506,189.85924,190.27934,76.329865,514.6116,309.11227,557.065,277.6104,292.73764,408.04092,331.76108,217.10191,367.00577,365.41888,223.19891,473.1518,852.1516,872.8464,467.8715,441.73465,1261.151,897.0977,508.05792,508.4998,1049.081,838.95056,300.0011,436.14255,646.9414,435.42657,690.69617,605.5628,366.3184,414.23972,277.09424,578.2421,671.69135,683.62054,653.1082,460.89337,188.90994,713.1569,932.7621,651.1798,610.6503,651.93146,485.38525,400.05087,92.15522,206.27954,506.26028,849.56604,1235.8392,658.7674,375.4106,381.55923,219.21635,515.10284,555.6483,416.7234,107.30665,1005.26685,794.20435,287.8383,729.49286,423.348,229.57745,197.11948,451.18973,816.68286,1132.1726,1523.583,735.8977,227.77415,240.38387,126.133446,210.63803,185.88548,474.3811,532.0507,384.40308,264.5773,60.771122,289.28348,499.2132,334.70996,78.44589,554.347,611.2944,393.59903,393.7664,211.6072,339.08344,600.8987,380.45453,104.56704,114.39606,122.76885,203.4202,261.64417,440.6749,596.98425,533.04517,202.6627,243.6564,350.0939,300.36154,412.117,361.05423,558.68097,92.72243,312.37085,553.8975,384.03775,323.16928,70.037186,233.35417,430.3753,588.40247,479.42853,237.65343,535.8392,943.7069,610.958,426.58563,719.5588,574.41705,529.1008,508.65216,213.15128,332.86612,136.79875,548.7521,517.9701,468.90735,169.49231,546.1984,338.7869,272.05527,353.8506,137.17857,172.23354,345.8631,51.638794,206.89,59.663425,136.1503,102.28169,411.33234,230.05159,364.13916,351.7848,160.02043,106.81936,445.87045,304.61545,125.519104,160.58374,223.87686,287.2206,199.41681,299.30258,141.90536,262.6166,373.31238,154.0821,390.93646,603.22754,957.9743,625.70166,75.934555,293.84912,225.61118,470.7014,22.625,Desktop Computer,$Whiteboard$Printer$Phone$Shredder$Google Home$Desktop Computer
564539.25,239191.66,13928.998,20020.998,8080.7456,1512.4065,2037.9861,12199.494,16726.93,2930.9736,4546.422,12293.739,60365.945,44381.855,1332.1064,2643.049,5669.192,6228.738,5317.229,2607.6946,3278.6265,2736.2114,4051.8772,2841.1912,3098.2307,3597.5295,3031.7598,2569.2825,1494.7319,2953.0786,1331.1587,216.62308,2015.2788,1017.75385,1644.5618,1792.9056,3129.2742,3191.872,1261.4929,732.1902,2166.8062,1845.5591,801.6011,788.50867,2138.9807,1686.2368,867.9577,755.78485,1983.2875,1550.302,2783.2717,2598.1143,2255.2966,1315.7212,1196.5471,1612.2799,788.52356,877.3861,1058.5387,1929.1815,2061.9138,1345.8357,823.2552,695.4305,327.77737,394.77783,559.4172,546.2076,490.1952,369.4979,804.7702,1670.6296,1601.6626,278.828,519.5618,432.93475,336.8561,614.67865,388.97647,360.70248,503.61935,754.93024,689.0581,608.0061,639.5478,539.02216,531.667,427.6209,980.7827,785.96906,191.54869,391.03897,386.30585,107.52069,113.900116,369.63303,554.98346,582.99,392.25467,378.3345,519.65015,574.32477,670.0413,676.74896,127.03689,359.9606,408.18228,409.40845,418.88986,317.9242,132.47643,327.80872,262.15906,446.12674,299.0246,159.36859,368.20074,730.4006,700.95856,217.7767,230.71893,543.174,598.7083,403.74527,419.14047,178.3278,153.7579,263.23773,545.35596,280.68024,206.13885,376.50775,241.86206,103.03082,475.0015,486.41174,744.99084,319.63834,249.6007,440.76895,502.91492,378.89093,189.44623,583.6635,918.0996,516.6518,475.01556,39.082214,352.16208,455.49454,538.62964,792.30817,1280.0531,358.78967,440.17572,80.84205,126.914635,197.90399,434.68808,411.11746,354.51953,186.57227,98.12155,363.71472,474.00934,505.30457,296.59418,131.37631,228.3097,284.41672,306.5134,296.96277,461.58194,426.09552,431.7601,463.5338,415.05612,519.7099,685.29675,680.0179,554.6034,216.8604,185.69426,121.966515,159.1283,163.07915,190.89105,403.218,231.67664,444.25366,195.134,437.98508,213.2923,415.47885,131.94994,313.4278,265.59375,354.24,476.53583,1063.3037,1214.4689,537.8675,110.48699,487.6031,836.0392,590.6541,545.9267,557.4113,108.56162,330.9565,214.3206,94.295616,337.61887,141.16393,255.60721,174.8208,305.02325,332.17044,326.4296,204.33698,406.15622,200.09642,277.74274,411.12595,431.13046,392.04306,99.69408,116.572754,184.35646,183.72498,328.53836,314.19672,319.82666,333.01218,215.0362,318.3388,436.29532,663.63165,329.6666,346.29794,166.35884,343.49997,606.0846,381.24286,213.48404,208.58208,67.29117,135.24113,108.38213,321.12082,363.06714,489.2924,669.769,264.97775,387.4481,746.85944,447.25,Desktop Computer,$Whiteboard$Printer$Phone$Shredder$Google Home$Desktop Computer
569525.5,243908.31,20578.863,20598.717,6226.445,5872.423,4146.151,4487.7983,14431.986,8342.022,2205.7666,10980.433,65275.258,55979.65,5669.049,3042.1782,3786.4485,4120.256,3315.6309,1930.1177,1812.1567,1348.5454,691.2691,3730.819,2943.3333,1638.2413,642.5624,2417.5105,2924.5383,3136.5667,2410.8435,1347.4895,1221.0896,2344.4885,2620.1956,413.58002,1696.3217,5077.047,4608.141,822.85614,1220.3918,677.2264,923.7925,422.40704,1071.5847,1440.9662,1845.0039,1454.6244,1069.5717,2097.0469,2234.1257,1217.4215,1084.8528,993.9323,1499.4917,715.644,811.2559,1061.8125,292.6306,1055.8402,557.9133,838.9641,1180.8156,858.0724,458.6008,544.4908,790.0424,600.15985,855.48596,1208.2013,775.8645,550.66565,696.8003,352.00015,290.7536,527.83984,445.07217,279.6502,512.8668,630.9635,464.4308,389.35562,617.89545,357.4634,730.07654,142.88222,541.52405,642.2393,308.15378,570.8524,758.9975,430.25055,577.13214,376.32755,164.58488,396.7998,294.3158,404.76062,299.1194,368.26718,807.2068,679.75836,580.7527,942.9276,644.49603,514.31244,395.86285,220.49637,399.01767,282.55286,316.72946,572.2218,704.8222,362.26147,392.3878,408.15933,412.66428,229.87976,226.32388,146.02713,333.10532,135.70746,181.14749,414.6045,517.5531,229.6813,246.2161,237.60431,329.67502,509.68604,578.3102,309.00012,54.572414,619.21814,992.2741,491.92612,960.4016,786.0567,603.6493,364.65338,624.69476,545.1189,390.8437,168.38934,149.5404,385.75977,443.4022,449.85077,480.7199,484.04504,415.49396,98.92757,493.08856,1131.1993,483.30243,414.82355,191.13681,275.99838,478.87155,231.1135,152.22682,145.63393,412.70697,411.24698,260.28003,442.17743,514.68713,261.7779,135.79488,75.67118,270.3149,266.85388,243.98299,298.7393,231.38217,280.6049,200.45232,79.66782,64.48641,75.07412,222.27855,298.41602,421.5913,277.53256,190.92932,174.21265,109.62799,218.9606,242.68446,304.7803,392.86584,179.64984,141.5182,611.8433,694.2929,422.93454,467.67206,268.4204,152.10333,683.49536,358.04572,304.30493,255.17929,705.2838,907.47107,98.94382,429.04596,339.242,749.85425,805.3875,111.93266,340.7706,85.323105,421.5052,572.01074,319.7496,362.77225,494.55246,650.6746,677.0692,653.12946,260.04367,96.71632,169.61757,145.89182,212.5208,171.37483,198.9144,136.80919,390.9136,235.59886,343.68637,161.85414,76.72526,88.37124,332.7127,60.8952,262.16348,357.8696,169.78079,80.71793,26.266079,230.7058,222.75597,365.22842,188.53453,118.66299,196.10313,197.43668,136.27075,188.16864,260.11404,468.51544,519.7866,405.7822,226.14578,186.125,Desktop Computer,$Whiteboard$Printer$Phone$Shredder$Google Home$Desktop Computer
566788.0,240775.73,11085.02,22751.488,11834.26,4204.0073,5170.7427,8494.337,16797.031,8172.8184,1974.6898,16661.008,67976.63,45444.312,5212.439,7542.381,5694.6343,517.1385,4343.6885,4454.1367,2724.76,277.07056,2295.998,3012.029,2153.005,5101.5884,4135.3213,1751.4863,2100.927,468.08298,3559.3542,3379.105,1407.6068,127.317024,2538.9446,1573.6116,3665.0068,6870.254,2108.584,1458.7428,194.08606,1583.8647,1365.1661,1215.7037,770.1262,540.2187,1228.8894,823.4908,1100.1774,855.1371,1031.9491,1154.2747,726.7941,326.9401,999.31586,299.74362,1337.9691,1405.0586,1151.6366,895.2199,900.82465,1126.4409,338.00797,199.48067,118.06403,301.63425,595.89954,582.7731,172.06133,556.1913,231.42387,448.5929,584.85486,132.12833,185.77788,223.15715,936.2292,657.4717,532.42395,948.0216,547.4852,396.0326,453.28088,598.13416,358.7752,518.6356,339.2101,679.291,410.236,98.46307,447.3122,460.58014,471.34512,198.04257,354.73337,446.19485,477.33167,132.28429,74.249596,290.06647,372.0215,959.934,512.8659,814.1799,942.81744,321.44824,329.03925,639.91736,530.38617,699.5199,516.2509,217.71211,516.2446,684.2266,915.8895,814.9377,482.38382,348.4893,626.0246,665.5044,430.58685,372.57056,476.38873,346.94556,546.468,321.0503,187.70586,690.9052,578.79144,163.87947,274.2336,218.23428,351.8579,966.27594,1218.3615,320.37665,697.9598,452.11508,652.3348,768.502,804.78644,233.57071,352.48355,482.98203,497.6432,580.2761,503.15387,636.88745,722.89905,398.57416,191.10858,240.26846,811.90515,1117.9943,443.88388,333.06433,226.56586,271.03415,384.35358,227.63174,432.3652,144.17374,340.01602,250.36801,145.03696,298.523,129.40178,97.42186,101.313446,99.59125,152.23483,163.28922,170.87949,196.78694,50.16798,232.47879,212.21199,301.57538,236.37115,90.7907,32.479176,168.66791,142.76393,447.2987,468.15097,327.4119,151.16304,282.81345,230.72513,495.46774,266.82855,464.51443,377.6125,296.4415,170.1359,620.5935,453.91052,472.93466,514.76965,301.32297,366.19376,348.51718,84.42308,255.89645,664.2899,189.82689,810.4742,926.0442,308.36145,517.01935,154.83961,332.51382,587.7171,350.19238,534.6693,426.35904,301.23895,388.9729,91.65007,89.26365,185.52806,384.02365,248.8765,130.41034,327.43823,163.4057,386.31335,443.16644,394.65225,333.3921,165.38109,715.14557,781.6747,245.94449,364.52927,546.9293,241.64328,98.99603,184.16678,298.7785,136.89034,92.54884,118.08155,233.90959,377.45425,209.44905,62.93228,64.720985,245.83522,179.63745,202.33414,493.04233,634.6743,700.70404,353.32388,183.62682,394.21875,Desktop Computer,$Whiteboard$Printer$Phone$Shredder$Google Home$Desktop Computer
567273.6,241402.95,14085.652,17057.576,4564.3267,4487.106,1388.5941,7622.7964,16653.465,10099.642,5551.939,18460.117,67991.54,57358.11,9694.151,4474.7305,5299.86,5228.9917,1692.6193,3694.9255,1780.1063,1838.5468,3084.3936,6759.697,5636.8613,1756.8444,3468.7134,3987.4192,4578.147,2590.8474,2747.0803,3348.4617,2230.8076,2096.5085,1927.1501,1321.4094,2471.6328,5130.738,3206.2449,2551.2866,3433.438,1855.5459,1033.12,1346.7966,151.30547,669.5932,1585.7123,904.6662,555.6137,829.2987,558.4005,1090.7815,1147.8573,718.56055,847.77246,475.1249,764.6839,685.6537,422.60126,414.28995,351.68832,523.14374,463.41116,811.8729,874.75073,764.20526,810.70905,1008.97626,297.75333,241.41205,276.02234,316.98627,921.305,643.12726,689.3014,401.7864,283.1237,695.42914,1107.5774,983.695,702.58813,661.7229,331.48633,184.04892,370.62894,404.0589,173.59831,373.71494,187.06422,456.4909,656.60547,315.17944,170.43263,424.51605,378.17163,435.83987,239.9807,125.35122,632.69476,463.8174,384.12125,988.5744,358.28842,580.44543,387.25372,455.5034,444.14484,115.171165,29.273165,89.77253,408.06735,174.09506,421.49197,386.8865,219.02599,410.9217,282.6152,219.88074,417.81903,366.7435,95.44201,312.1363,407.36923,400.41464,508.3712,520.6931,464.73682,778.7522,930.8665,497.52783,494.95932,403.00253,458.72687,457.39584,866.17053,505.9265,916.8787,769.9635,734.95636,624.8234,670.2311,240.77086,360.0424,256.11935,287.81418,278.21814,398.1128,620.04596,485.19055,1128.4338,1118.0547,1155.3934,882.0373,220.38171,133.35197,584.1092,425.4063,126.111115,520.5527,398.80072,417.14346,104.020226,299.3177,334.38092,277.72675,411.9319,271.45203,45.784363,170.39389,261.39682,273.33707,63.414673,177.84773,260.8764,128.16748,132.94821,283.46243,231.72719,275.84995,359.77496,401.8666,690.46735,718.6317,503.2953,177.52422,220.933,373.5059,229.67476,755.9551,583.2549,321.53033,475.3349,124.434944,157.16504,491.8583,1077.9595,723.8714,504.52426,584.09894,201.71336,250.58865,334.25723,136.17928,540.00867,778.7652,520.6784,1192.4489,478.50137,755.3817,183.96904,867.2012,1009.0356,628.1118,305.6807,244.56993,572.9723,907.8551,483.34573,311.3805,128.35532,140.57158,192.1278,225.90727,290.49142,304.7791,672.47833,431.1149,519.6871,467.0834,322.5246,299.84317,454.47952,274.3733,438.18268,571.80255,313.19174,464.9016,286.19455,339.1207,574.2776,378.7247,130.04547,186.79692,317.4324,100.61004,215.4924,335.7097,203.24817,138.44025,264.71317,405.8832,259.3473,172.91011,391.8345,145.4914,40.404144,362.375,Desktop Computer,$Whiteboard$Printer$Phone$Shredder$Google Home$Desktop Computer
570380.8,244271.05,12912.237,10678.19,2414.9583,5848.341,8018.5674,9503.515,13709.935,7670.151,2125.9185,12444.662,59726.887,45994.574,3434.1892,5196.925,6218.3843,3965.7998,4539.4365,5899.626,3034.6443,5376.486,6246.751,5236.813,6222.1694,2208.703,1727.2412,2696.663,2708.3704,3710.833,3498.6594,2896.1204,5475.9053,2584.8362,405.47418,483.00067,1906.1018,4253.191,2369.32,797.7106,3115.6594,3543.4912,2206.7646,1893.2996,1132.058,1723.711,557.03284,335.53864,518.3224,922.0417,1362.7404,2397.4375,1367.9873,513.6914,1610.4346,1076.8995,1246.1641,1128.6073,1306.2555,1056.7299,752.9289,274.51917,401.7362,382.2306,595.5833,691.3862,568.28546,549.8014,1340.8484,555.33344,223.72195,375.34738,703.55725,446.1354,696.901,557.7521,534.842,279.6043,1144.6494,508.51706,535.26434,1031.7686,787.25525,633.6802,509.02548,498.9937,172.72987,438.26837,325.92746,394.8691,310.45407,484.58398,470.35025,538.45013,584.7989,693.9304,961.9006,769.4815,872.96436,624.0247,724.42316,573.3301,1159.3679,517.0265,748.39844,596.53076,614.04755,539.8939,370.28864,379.15607,564.5616,413.6983,700.5814,689.2387,212.57314,265.54623,369.53943,314.76212,104.39084,423.84943,408.85236,351.14822,94.13455,81.38408,172.21092,376.03854,229.3179,442.41425,729.73785,176.58125,216.83492,191.44005,504.23566,1127.6292,1353.2803,266.42432,479.4994,496.20776,553.6513,643.24084,195.43207,537.0973,229.97443,267.27625,221.78354,180.22572,399.91498,526.29285,731.79944,400.9724,647.36346,1070.4083,1081.6532,308.3659,1194.2526,792.62665,227.12415,344.91718,368.46774,478.8469,614.22296,612.4854,556.55054,523.67676,475.8279,469.44058,365.13635,278.81464,644.04626,604.2704,123.95057,434.5996,195.89584,359.14517,479.98727,375.2383,390.7606,175.57677,135.54707,194.6979,220.91995,141.80379,191.7729,182.1402,244.3756,475.33765,211.89684,519.8519,183.81842,266.95752,219.64404,501.24295,381.48465,440.54938,568.4456,433.49994,272.99527,402.64642,493.34897,256.40503,442.37738,487.98096,250.37196,486.0614,631.4847,647.2154,1004.8278,231.37004,421.5868,885.24896,323.63095,430.83606,303.33246,440.05194,401.67227,174.1372,611.1295,503.27863,334.19458,306.2577,457.47174,218.43858,75.569115,326.7279,143.39513,432.92526,378.78238,276.42795,447.11877,446.93518,63.68479,297.21344,358.3267,219.53397,68.3589,308.0319,114.29444,147.06476,135.53636,281.1449,407.93973,504.3147,189.0182,392.41284,493.2519,149.11336,167.18753,65.04686,117.30573,168.6988,303.41034,180.47482,413.3093,482.2072,347.78314,112.04127,42.375,Desktop Computer,$Whiteboard$Printer$Phone$Shredder$Google Home$Desktop Computer
565713.1,239238.94,10704.175,17289.863,6311.697,5568.9062,3750.2988,12771.524,14620.816,6187.737,2476.7935,18250.434,69408.875,54650.65,6332.6284,5572.123,6055.6787,641.9871,2622.3352,4174.6157,3178.5593,5521.6997,5432.595,744.75415,3581.8071,4011.3193,325.5986,3643.0198,4131.5396,3840.609,3786.1685,3694.8208,3448.4849,1337.0973,2837.0579,1057.8452,2980.7703,5584.7236,2546.4363,1265.4476,329.52496,2623.0935,2579.4277,1055.3087,1265.6654,1562.3503,2318.2212,1923.2173,697.5685,760.5633,773.8829,607.7389,1373.4816,807.79724,640.1113,225.63701,500.63693,664.69696,719.02814,477.48773,169.9382,647.86,716.0547,222.73094,309.66678,1290.7412,1442.3618,553.12335,1274.3704,1166.664,703.3396,1351.2303,354.1275,635.66425,1219.4968,527.7904,569.528,1004.76465,139.62,702.9345,709.39355,117.23202,298.51053,642.1839,205.30289,739.23706,1098.8365,331.8554,483.94672,342.03134,276.2267,99.81923,208.1066,296.73914,141.78181,120.74322,274.7216,620.75574,657.70245,610.5255,577.07935,445.47134,1029.863,356.2996,245.31178,312.3345,304.103,463.2365,687.29346,309.31723,614.3553,538.84607,253.86679,527.51697,214.5297,220.58218,172.84476,184.58563,120.683945,236.60207,476.47467,388.84406,211.87155,281.6413,340.30466,452.16806,119.64354,296.74228,35.137928,213.74435,24.661535,237.499,353.6264,940.8512,1344.4099,685.1377,386.76898,333.4137,171.55615,686.5418,330.7603,376.29205,408.95865,331.45657,99.033745,448.96817,379.06433,179.0202,671.7242,934.22766,569.3932,672.2535,800.81573,489.85535,571.33093,313.05396,237.16005,314.3721,504.94098,231.60797,411.66666,161.28365,173.2018,433.9134,787.0137,534.4869,231.22867,328.01917,248.46614,82.34174,616.85626,435.57974,320.16467,199.88362,410.17368,184.22932,452.46082,237.30495,325.74008,207.99794,223.11893,328.52826,492.6899,344.7895,200.89514,439.8797,468.57272,239.36198,497.1106,231.3167,303.7017,500.04553,768.1186,480.71234,285.69455,267.21967,506.41888,483.47632,402.79938,710.5378,825.14075,572.83765,563.76697,623.5834,503.94388,1035.3271,472.61206,258.7972,276.009,582.4697,182.32765,395.6474,365.7132,447.84915,531.4102,471.52777,506.19098,232.04315,249.79366,368.1924,149.46655,149.10481,133.73593,348.20575,534.89166,654.8116,135.05049,279.4612,530.0313,727.6938,544.85114,321.1384,374.65573,326.94104,434.84952,252.36093,312.2161,48.44642,37.700645,216.73116,218.4132,250.16661,486.44305,551.06177,270.47452,93.40506,271.94104,322.8117,155.01523,169.03447,110.27488,144.42154,426.849,358.40778,336.02615,581.813,914.78125,Desktop Computer,$Whiteboard$Printer$Phone$Shredder$Google Home$Desktop Computer
567741.2,243078.27,13825.171,25630.814,10209.455,1855.9175,6768.789,2594.6797,7917.049,2258.6672,361.029,12162.004,66748.62,46557.15,935.7817,5097.581,7679.315,8165.685,7409.1475,6104.7837,1003.0686,1490.4872,3534.3442,5380.7515,5258.8145,3399.8662,2428.3887,1734.0297,1748.2787,2099.8147,1050.4127,630.5553,2187.866,1148.0983,1146.5796,988.4837,1156.6615,4267.99,1027.0133,908.0774,660.5626,729.8568,372.97263,2016.2494,738.5645,916.71967,156.03494,579.82684,72.112785,1185.3402,271.91388,131.34586,610.44244,921.65826,1632.8047,1377.3096,1421.214,1152.2728,863.13947,1305.7539,1475.0123,810.09204,205.47086,353.71338,68.6842,557.26776,481.98825,937.4335,471.13037,231.363,504.79633,734.85565,318.21964,616.6203,823.144,338.21997,96.61609,403.80304,539.1652,335.01437,564.0104,111.35693,151.16023,127.16019,548.17017,314.4489,578.828,223.0158,242.27383,434.3969,234.61053,349.40414,105.243774,257.5942,302.2262,539.8205,587.72876,270.4452,139.24548,623.6662,1036.0023,591.9101,489.93524,987.1183,776.38275,156.01543,443.97974,392.50723,321.12488,342.3391,64.97657,180.06068,304.6015,403.75543,462.2741,777.4482,675.20135,603.77637,527.26227,454.44333,405.2548,408.3457,264.24164,372.61877,156.05574,330.78464,410.19376,768.6005,593.9125,372.8109,249.77455,297.51718,494.54724,544.43097,987.2837,189.64716,379.11267,349.58246,290.8655,530.7101,121.36239,261.49454,229.83781,141.44194,161.14722,395.59622,20.292028,126.11946,255.48003,212.90726,264.57425,838.329,968.3102,155.08876,318.63348,401.48907,128.86765,205.47281,147.44221,449.7299,658.1073,579.4576,628.05707,545.427,656.3792,224.42253,152.94475,287.158,67.77028,473.27927,639.9555,104.64063,250.1316,459.5416,241.23683,554.3101,324.55402,339.57336,45.74313,75.00026,223.9857,368.05978,203.77109,143.35619,373.68375,103.164795,14.141228,409.37704,387.5779,345.50916,404.59705,447.2309,173.76198,356.00937,226.30898,325.1289,203.59381,179.21469,361.41452,496.69238,606.82556,655.70575,405.76025,650.4905,649.6244,620.7394,878.81836,405.66696,434.1774,844.7781,933.5775,304.5474,170.52997,265.9459,105.94215,154.54477,118.42903,263.84827,267.88715,336.01523,163.02658,107.505745,197.62483,262.78354,448.45352,540.8144,343.59412,98.35999,261.6064,400.97702,282.28162,487.23642,194.22183,205.12024,297.00378,132.50015,212.07666,217.96747,424.48627,386.0343,274.34778,30.00165,198.83257,304.90332,315.06323,414.33728,435.3748,323.6116,83.49971,225.38925,431.15576,442.15427,389.30753,232.20216,442.12036,749.73663,115.0625,Desktop Computer,$Whiteboard$Printer$Phone$Shredder$Google Home$Desktop Computer
566466.06,243561.6,18996.258,21627.043,6264.7104,3301.4128,2144.8628,11762.534,14385.6875,5105.0366,9359.93,11564.647,64667.76,54541.63,6916.9717,6887.892,4556.0435,4707.1235,4291.0435,1654.9409,5080.2646,3426.0952,2585.722,6692.1743,1256.6937,4590.8496,4462.7505,2709.491,2510.1975,695.63666,796.50226,1399.6251,2232.7188,1960.4291,1867.1282,2096.8071,3596.3425,5055.1133,2812.8982,1012.2588,953.63855,1292.9003,1958.4734,512.3986,1348.1188,733.1594,619.31366,706.16974,247.1329,704.6524,504.82074,1136.6527,1508.5331,693.8825,935.56683,271.21298,331.54883,491.34097,597.7433,786.23157,219.53342,607.7159,1211.6538,871.59644,263.3898,345.54745,1183.2184,547.0788,444.79385,339.08856,200.34566,65.39106,357.33615,516.6712,732.4887,1148.2935,590.6079,240.7097,122.72152,527.63715,675.3595,130.68048,462.1804,528.8995,217.37997,458.311,139.11198,258.92874,48.477592,270.62143,497.23798,398.4833,75.36583,73.145775,398.69736,302.0148,18.14104,73.32772,313.57138,639.8652,678.0058,803.99176,805.7019,449.17392,785.6336,301.04214,221.58917,492.95004,509.54062,730.15717,666.83716,585.2027,696.1063,254.9754,113.505974,71.96859,189.78732,100.16443,35.89622,113.17525,243.19095,366.04688,246.65627,257.69888,254.86926,438.1641,139.60588,321.91895,419.29858,67.134346,111.34763,550.3863,757.02014,850.195,828.2717,520.9366,749.2294,498.36432,555.3887,210.86247,139.43681,199.35074,391.28214,310.45096,528.6116,401.96127,286.24677,327.4696,362.4809,68.58322,73.14694,47.52763,578.38403,659.10095,113.848915,422.4516,369.08008,37.77545,233.6856,281.2353,185.47983,262.20367,318.24768,133.92694,553.6137,731.46405,472.34323,520.59064,391.42102,96.25091,279.9819,57.647835,159.54257,305.37445,133.77406,127.63598,337.3498,340.99194,106.986755,478.81134,405.43167,176.923,322.91516,215.63556,186.00446,74.4767,148.71042,288.22745,164.3094,171.81677,352.15692,480.2331,284.86758,286.16257,85.237854,302.97794,493.5404,278.06622,255.20714,456.5391,514.5611,532.0992,487.42624,629.91614,1239.5385,307.75833,877.3074,834.41187,385.5785,351.92493,430.99533,386.35544,482.86652,216.60742,297.5872,314.83102,172.36958,125.43064,253.61682,493.13016,226.93019,137.77332,206.27367,116.56448,68.57578,82.09622,176.25233,118.135,90.99098,563.2059,214.01123,326.378,386.76712,417.5702,420.4408,533.82166,162.90514,369.3532,290.0745,267.82004,90.56844,110.31457,265.7442,209.84543,172.71214,183.79672,77.044075,149.38474,140.02321,429.5071,306.53183,270.32385,233.4091,308.26306,385.9552,469.64148,761.8125,Desktop Computer,$Whiteboard$Printer$Phone$Shredder$Google Home$Desktop Computer
570267.1,249232.78,15236.552,11066.877,1728.5436,9776.981,13427.969,4016.0366,13476.876,6785.8486,5844.1953,14264.573,66459.9,49014.85,1189.1897,5517.843,5568.965,3188.8003,2247.727,1406.8855,3716.952,3489.445,5895.773,7767.6475,1871.2777,5153.324,3314.2473,628.4011,167.57869,1578.1649,812.2689,974.8176,1007.5509,1112.4341,1514.1771,1139.6107,1167.1039,2826.262,2135.2263,1277.7277,1932.6455,2315.8354,479.8041,1763.733,770.6892,563.2287,227.44167,538.32007,174.32834,1178.3745,834.44714,1310.9409,2353.523,1119.9752,716.29803,197.24281,418.54016,913.66626,901.8672,613.1288,1211.2913,942.02795,576.11145,565.5876,412.09036,464.36914,415.37503,1002.54346,1288.4728,1095.9768,439.1211,182.40749,571.9317,527.60443,223.25883,630.1958,505.79376,514.85834,382.62427,261.77914,777.5584,1067.909,518.3324,294.56787,417.36072,325.23795,833.44476,735.82043,245.91698,565.66736,439.95786,452.9875,939.3926,864.491,629.4479,261.11032,251.45679,253.13606,280.90182,225.8558,535.0609,576.32306,355.52966,402.8092,498.50143,209.28383,675.78436,411.50507,378.9247,240.18423,360.48883,528.3557,269.30548,503.5661,499.26685,494.3524,314.0267,251.13576,120.716774,310.9894,322.87613,319.35724,589.1648,682.9844,642.8092,219.83553,439.22867,512.19073,469.77057,222.20734,53.33723,296.56256,167.80379,520.6877,930.7633,291.9031,559.9273,414.01138,489.67422,638.60736,469.68555,468.92444,282.8279,31.510668,63.30448,299.1416,249.77197,401.81543,201.78363,505.91165,121.501274,490.995,479.28107,184.47165,269.20032,102.10898,433.72263,268.0598,397.464,435.13275,140.1384,245.56247,174.79492,450.1307,470.617,260.47168,459.14676,413.6806,270.61697,223.22774,499.94147,423.8087,320.1857,326.51306,202.25449,223.76486,253.9646,578.7358,417.53296,129.67711,229.12328,408.71725,409.28638,658.4285,444.66962,98.48462,44.33496,235.63908,85.48322,289.08206,306.47345,342.8118,556.1607,297.634,119.77,83.54782,85.84044,273.8378,411.8695,289.02054,459.4751,429.27695,448.0868,760.4163,1153.6172,623.00885,568.0531,161.86157,501.64993,423.8622,494.24637,317.4308,15.365816,553.88727,611.4552,536.3713,522.2273,606.3694,595.8169,539.94855,409.4871,284.84143,257.66934,209.95299,337.35486,600.9355,395.53168,379.46442,617.1176,146.51729,77.55255,242.9177,290.11826,254.94826,256.90555,380.12686,427.8882,118.218666,275.8192,66.49019,249.59511,479.3137,403.3935,112.176506,203.06897,556.4209,426.60828,332.9787,208.36444,320.79962,84.25191,271.30423,20.75085,51.95257,248.01791,164.00984,151.09375,Desktop Computer,$Whiteboard$Printer$Phone$Shredder$Google Home$Desktop Computer
564619.4,238814.62,11246.417,19123.227,10220.758,1217.5406,3654.579,4383.3306,17302.133,5236.906,2666.0457,19715.844,66548.91,52822.637,9218.232,6137.206,4236.903,5528.2183,1180.2898,2262.0164,2677.1553,2234.1553,907.45544,3154.8447,4385.7886,2073.7625,4385.8193,4669.8784,2862.212,2327.3232,1454.6649,3493.524,4756.2544,3434.856,1220.5947,2057.2249,3624.0938,4368.2324,2038.6519,956.0291,1749.463,1877.4171,4006.303,3306.6887,2169.6384,1807.5308,1489.0115,1887.0627,2534.8677,1640.7067,1781.7006,2669.144,978.6564,1054.9373,878.1444,916.39856,466.1751,399.2731,1041.9028,1722.8365,1203.9622,1000.51154,455.8735,737.08466,407.73514,509.4653,603.5263,498.6788,291.33536,532.7995,957.7337,556.7964,818.0614,887.69727,1255.9844,1002.93085,310.11295,770.8462,874.603,968.95074,590.7843,481.57074,569.88135,722.25964,260.2646,91.854836,379.94376,138.49191,630.13165,271.50226,549.0343,558.2012,289.76758,573.2782,562.1374,354.6133,452.37717,449.63657,658.28326,437.40854,795.31335,666.51227,343.29208,115.07944,591.2496,834.22156,262.55414,217.12752,316.84436,382.08594,276.026,474.42697,853.03094,301.8424,25.059708,59.34635,311.9552,263.09085,219.69133,142.91919,363.69794,205.11745,369.80743,405.9484,485.4939,525.3078,374.90485,485.40204,469.5319,300.88202,63.504486,280.97748,139.88329,720.9216,1093.9023,409.9804,405.53116,140.3877,162.34406,277.48834,398.37048,367.2142,273.8632,249.80386,270.77167,191.79962,121.92481,455.51483,539.9647,117.900024,410.2756,427.67325,690.11237,578.74365,187.91801,243.4901,407.12634,543.8733,296.53253,429.53116,732.7999,640.2008,366.08,83.730255,268.36383,492.98712,703.15295,518.6008,678.128,683.7192,468.82816,254.95163,195.65718,299.63797,309.89883,147.23022,121.20867,339.2697,204.19612,470.9241,270.97372,154.81938,356.00113,337.27243,117.63973,86.431786,215.41058,210.2035,159.61295,298.0345,290.23047,187.99428,362.7537,845.79266,371.45538,331.9969,410.25073,304.33307,387.9867,224.5872,422.24963,240.93608,469.10104,781.5383,1243.0724,835.62616,470.62033,495.75293,42.173786,155.74445,121.504654,189.41368,244.75351,187.55264,157.52872,138.39052,228.83272,356.96396,197.11534,182.40353,251.1812,203.90822,170.65944,243.40498,458.3572,376.55753,424.29556,162.49637,290.69424,486.8844,289.0269,254.52187,215.89656,423.427,232.71571,354.14694,312.89398,66.779724,358.0178,152.8573,274.4406,42.465816,337.7126,167.11122,103.563614,269.0245,316.14066,573.68317,323.20187,283.42105,415.5449,443.24124,101.560165,240.21164,596.35516,507.03842,124.53125,Desktop Computer,$Whiteboard$Printer$Phone$Shredder$Google Home$Desktop Computer
568385.75,241420.14,12215.45,14904.865,5061.3857,7324.5015,7634.712,9232.672,25362.469,21266.139,6286.045,23673.887,72841.125,53397.527,4433.744,3609.7412,1017.20593,1624.878,3183.9343,3569.73,1061.9275,1999.3857,2660.225,2750.7197,928.7749,2278.0234,2627.719,3297.864,2588.803,4603.1226,2476.7703,2097.6682,4229.278,2707.4421,302.71307,2325.6836,2196.5793,4267.2847,1927.2418,1172.5964,464.97705,446.5763,2086.1516,1728.6813,1745.9374,1629.6095,743.4588,1633.6255,1108.0446,1899.3386,1557.6461,1752.7258,1469.4175,673.3729,521.8132,1255.8964,1102.7413,957.12897,581.5087,1006.80414,1219.4891,622.71063,499.5256,286.7876,218.18393,732.80426,334.70062,346.6801,145.09325,444.9195,698.55237,203.27878,295.52048,971.64453,1132.0734,531.14294,565.6769,545.75507,547.2157,794.3389,1054.0155,314.38464,273.48645,287.09244,701.8963,680.13477,548.6502,548.64575,380.37653,508.27887,298.1857,163.69228,80.03709,358.01596,345.78818,459.59036,505.55768,380.14508,648.3112,968.6032,1180.5615,808.99725,440.21814,569.0795,205.55208,213.89035,191.00166,265.63116,324.44678,669.2499,496.33716,336.68304,391.42456,193.5125,250.94305,129.74559,395.95956,424.24597,391.7718,375.56702,574.3992,311.43274,301.35352,306.1592,166.05157,88.18402,416.56903,618.2948,179.67491,465.2327,480.9022,619.2724,537.4362,923.07196,1482.4543,611.4744,465.58743,519.6455,525.96533,612.0543,495.84622,507.78787,392.29532,228.89722,33.31563,321.73972,367.53244,405.07593,212.19131,420.79483,380.64218,474.717,698.82104,977.89386,261.08197,532.87213,527.2688,674.4419,620.568,77.33029,332.44147,437.53815,415.22842,378.23828,416.51907,263.9054,331.92056,550.3968,319.2679,94.704544,271.18277,236.91533,290.226,225.94455,131.58574,272.81738,139.24825,149.34886,327.40662,480.22345,279.84937,279.04276,353.69385,599.90265,413.57712,106.58183,157.8474,193.1127,167.50093,193.75108,150.1648,78.74903,265.33145,598.3178,410.03568,64.96466,245.06805,131.77544,513.76117,444.67892,540.9608,257.5061,334.53128,593.81995,951.3081,300.90347,798.2997,904.0219,595.90625,384.87363,349.65628,337.04062,579.21594,684.1927,316.47906,353.7824,339.06003,470.80597,219.48526,140.49445,186.32571,112.636696,231.35576,406.6755,381.94257,612.51373,454.51892,152.0688,305.7108,313.1277,71.90229,122.77455,136.93779,281.66934,245.49127,278.57758,153.20839,206.18695,368.5367,602.22266,399.29742,248.59683,102.862915,105.801926,240.78368,254.44318,271.61267,108.09265,211.52008,535.5269,541.214,527.8074,892.36847,1039.2762,500.3583,360.59866,234.53125,Desktop Computer,$Whiteboard$Printer$Phone$Shredder$Google Home$Desktop Computer
567067.25,241830.22,12610.411,18514.295,9019.959,8874.065,3650.1611,11773.105,21286.688,4786.8823,11593.055,11074.19,69153.27,51767.184,2213.4077,6366.384,2803.6274,4635.7476,5565.9873,8199.189,4815.097,3816.3757,3379.041,5983.2153,6024.823,2472.0137,1693.3237,2628.3875,3536.6104,943.0212,1922.7034,984.4667,2365.5178,357.17383,3307.306,759.8964,1114.0833,4199.577,1669.9346,1944.7437,699.11597,280.89557,543.0631,1515.2217,287.4076,2304.4744,1005.36475,537.9836,1220.816,2842.3875,2823.5403,525.40265,612.90894,442.40112,1768.2302,1347.6862,813.30865,1160.0267,1439.3268,490.6808,1537.3092,1755.5182,1484.1467,1159.5364,794.4235,1281.3832,987.9763,201.96729,962.8387,232.246,627.581,789.4238,731.8634,414.69037,804.15027,725.06384,555.4632,154.26338,314.5744,637.6251,564.84375,554.3658,409.20023,663.58795,395.23352,755.8504,583.47504,593.0157,165.41808,382.67743,426.7782,380.61893,832.06903,856.9158,533.38666,931.57245,975.803,431.20203,57.441437,601.53406,256.04596,484.53302,788.04736,665.6753,46.726974,423.2263,462.89835,390.82318,264.55264,176.31256,291.454,55.127747,60.137566,364.3465,520.6292,907.945,580.6159,417.3304,487.9459,258.63666,356.62476,334.2475,785.0843,558.4159,571.74664,687.3402,798.10126,128.29071,466.07126,550.09186,163.34726,398.42792,337.8894,615.5205,811.4079,510.6621,632.0453,304.7992,345.34692,284.53012,605.6968,330.78897,296.9937,655.46704,376.91644,275.92203,447.67786,308.63156,306.12888,777.6577,484.9305,339.09167,559.02,566.437,165.6102,340.71332,328.18143,402.25516,716.9891,901.7896,686.4903,407.00946,529.29266,540.53314,144.75453,480.53107,251.26326,755.98395,499.64294,75.76411,355.76837,403.98486,368.5396,266.3216,125.90409,391.21408,358.38458,103.10396,429.90128,351.51108,207.37305,415.62848,397.38342,90.45927,157.6056,173.04501,396.66864,175.33511,301.31564,321.1512,308.19824,346.82303,563.1621,151.59245,490.84946,613.48627,224.27162,367.03802,363.48734,110.918945,339.33878,573.47125,685.5089,694.3168,1451.1759,543.38904,1128.5897,536.72076,453.9774,151.56871,293.21472,315.2632,358.1576,507.3289,270.51047,230.03693,378.51657,227.14687,436.33682,298.4288,271.18695,361.06165,189.42815,119.98062,240.4827,305.61472,208.01009,520.0215,896.9067,598.0831,276.59183,133.56128,59.060825,324.3612,657.34955,877.83344,787.3409,469.86197,301.27994,57.809933,120.350105,356.86728,531.29785,358.96054,144.53836,303.575,529.2472,481.09824,442.04172,502.02478,844.1447,498.81207,210.18588,470.90552,115.76821,212.02432,125.90625,Desktop Computer,$Whiteboard$Printer$Phone$Shredder$Google Home$Desktop Computer
569471.1,245186.95,8410.864,12625.369,7838.437,9039.501,9788.684,14915.164,24228.682,12686.165,8715.366,8177.3916,63577.63,51235.58,7237.4507,6654.9014,2124.1482,2753.0605,2231.3506,5487.9214,5804.0767,2898.72,3467.7302,3392.5696,1742.4954,4193.417,3108.1257,942.6326,3113.7437,5629.903,3565.962,2614.1877,1961.2617,475.4615,2721.3638,2290.488,2740.2869,5362.8164,3529.8372,404.99393,1254.7626,1423.8263,1082.33,959.27625,1854.3055,1601.1732,802.68933,1177.5908,1086.2555,1663.4807,359.04465,2193.3394,2107.7537,960.3975,340.84863,893.83746,723.30334,2008.6135,1496.8486,808.2475,1306.6481,753.92017,330.32037,1270.2986,366.162,712.0641,583.4189,792.2812,1312.7885,1032.4407,711.4146,782.81104,452.58157,488.70706,253.66315,386.08588,760.5881,1217.1765,1116.8591,854.58527,838.6889,665.6766,457.73297,688.98334,465.27612,432.45596,267.5024,172.61322,110.973366,389.68353,428.87943,547.1542,550.266,957.4207,388.8564,151.7428,525.4665,39.90452,430.5615,351.10422,294.83453,205.51994,129.72809,308.3218,575.77484,391.37653,563.57263,284.1029,302.84174,213.25015,137.06175,352.22458,498.9294,309.3236,537.9855,558.4355,568.9842,408.13785,397.10025,368.50537,328.28897,501.85013,191.93929,365.27866,331.7311,692.9386,454.92172,151.8285,241.53455,279.28116,186.47066,205.00818,80.24966,832.7952,1158.4257,667.48596,344.98242,36.29428,322.53787,147.89722,297.87753,166.36488,71.40314,397.46582,608.62146,56.940453,308.1609,146.34515,186.24113,402.41943,171.43501,777.9434,829.67554,938.4033,547.2514,406.99786,479.64874,357.45395,221.81836,283.55725,304.9357,450.5483,161.6941,499.79834,101.140434,230.11757,146.23692,280.85245,164.63222,349.67548,154.19063,76.53674,197.6352,110.94964,327.78827,443.11948,443.4734,313.20685,112.88853,232.00328,120.791,249.27771,346.07224,380.16882,232.49171,477.06482,532.8419,313.85883,384.03207,441.2649,117.350525,478.20135,613.53986,24.377552,386.67618,413.77112,517.8085,383.5929,281.91492,517.7965,525.0467,356.59415,311.50134,999.1182,1319.8081,321.32275,846.7489,1109.6698,513.0258,257.38162,360.19778,566.41406,147.75142,58.70677,72.60164,274.20715,344.17294,179.72139,413.5362,394.56967,490.653,252.61201,339.96896,395.0234,264.85416,206.84947,111.21655,378.42856,459.0338,447.74274,413.04077,297.95374,401.72607,426.3305,339.36325,253.83005,231.25645,236.71243,72.48278,250.79337,231.86131,467.27966,327.58377,127.78555,530.3661,192.80554,210.13141,443.2467,582.5749,468.128,229.23917,235.6338,216.62563,185.56432,132.8724,340.54822,54.40625,Desktop Computer,$Whiteboard$Printer$Phone$Shredder$Google Home$Desktop Computer
565691.44,242032.95,16725.42,18620.021,7786.118,7305.2573,6473.4883,10454.202,16749.361,3796.4355,6162.1436,9246.6045,67426.305,60042.816,11515.317,9830.23,10531.8545,1765.4486,5610.427,3219.6238,2177.4128,3761.9773,2968.411,2427.9968,812.18823,1260.9481,3738.0762,2205.88,1705.251,831.37445,665.1388,584.9038,2207.4485,1446.0175,1392.2325,1769.4419,1803.0043,2925.2488,987.67346,2349.1682,1075.4507,2208.8792,2882.3113,972.6809,2695.0923,1874.2975,241.88159,932.4234,585.34406,250.62906,683.3778,645.4949,405.0472,1157.2722,1168.1328,1125.8119,898.39307,498.7017,971.3445,318.12872,714.9335,912.8654,1487.1156,656.49976,1054.1296,895.3118,543.2886,673.51526,1105.9592,544.40857,1243.7974,843.92615,646.54626,1421.1991,1476.5471,773.67865,205.78358,376.43625,364.56287,347.27927,356.23306,421.71198,71.55561,684.56506,1103.9783,775.02594,626.91705,742.2448,414.2501,319.69748,865.2916,1003.63116,356.8556,284.20557,565.4284,113.57615,821.6092,507.77817,677.71625,735.3976,275.2694,193.34253,8.466171,409.1292,332.82062,219.56248,314.15747,666.5698,470.25793,426.7642,455.403,562.82947,577.16296,423.74323,244.08191,61.133816,320.21515,462.9421,192.31627,427.02594,516.3225,216.19868,380.93707,850.856,559.4768,199.47478,297.71252,254.17882,403.88855,242.81409,275.2175,476.66785,335.85635,785.27075,968.06464,121.35268,619.1743,473.5612,428.47552,154.5388,111.80377,143.95583,152.48,419.45392,272.0338,278.78906,229.36769,93.402374,280.98837,104.73378,381.62466,285.63712,764.65125,984.897,591.8279,508.71414,733.4383,443.09747,346.55856,289.54025,103.257484,132.70325,260.60757,136.24077,183.83586,175.37653,184.34573,198.8316,293.67587,326.4046,111.98869,142.09009,312.98486,293.22824,308.89362,369.7992,328.63626,282.71167,105.41687,148.9328,379.19885,559.21246,492.0457,90.3867,168.91121,430.72195,245.49797,257.5831,302.10504,860.9942,1137.8168,737.8437,448.68896,293.4958,328.45908,319.69675,313.21054,476.82993,311.30777,391.97693,309.7901,236.27988,503.31265,524.9689,655.22876,247.65428,769.9784,947.2601,632.4234,584.6694,505.32895,666.6133,462.40347,44.50197,45.406647,16.459448,166.79994,293.71323,581.35205,569.4,361.867,342.73547,504.35693,323.37592,344.78723,236.86827,214.35397,343.88315,396.18652,325.86914,165.41682,240.44908,271.8447,82.32076,221.50905,413.69083,546.4062,483.75986,239.66902,129.02193,106.54456,211.86165,151.93138,121.72549,398.248,346.16696,300.55322,422.20142,301.6812,518.64374,480.7319,215.08351,283.70386,217.9519,550.30835,686.3212,697.3125,Desktop Computer,$Whiteboard$Printer$Phone$Shredder$Google Home$Desktop Computer
564439.1,239275.73,12936.989,26323.139,10041.416,880.5117,4821.4985,4117.5986,14280.859,6029.9883,4398.4473,17141.787,67747.57,47624.676,7288.24,8366.106,2846.9133,2045.4509,6318.245,3983.7224,1743.323,4129.445,3218.6514,3109.3323,991.09546,4418.961,5325.878,3172.4236,2078.1804,2427.2373,529.80054,2509.7786,3852.3276,1797.5137,1696.0704,1332.6389,2703.581,5831.588,2058.689,702.57043,1373.21,2018.7024,1707.1868,2555.2239,1567.7751,1549.0559,613.45575,1383.3574,478.7308,679.6218,208.23186,384.33472,168.71223,1121.2781,754.38464,411.81296,185.62094,783.94836,1271.3044,664.73083,310.49033,1096.4674,817.93384,635.06354,925.0791,218.01772,395.41156,1237.1587,937.9334,1401.034,982.5178,443.0221,285.545,762.1188,289.61722,617.31146,745.45776,410.39993,475.77695,72.674774,411.06357,510.57483,537.88495,624.3385,364.70526,308.17474,227.50435,579.7943,589.0628,374.1141,221.52599,252.76038,338.46964,297.0222,155.16293,495.31754,900.332,334.58783,695.8021,583.66565,407.2635,691.6652,606.7756,390.03748,158.9706,187.23334,325.55783,110.02327,134.06995,396.50092,409.7423,471.26224,437.0984,376.1026,311.31818,90.94844,481.99942,282.9725,610.0833,769.3948,392.65134,296.37396,319.34238,279.68402,458.91272,507.39832,488.8074,380.84695,207.67345,226.55432,276.9452,255.22101,434.65424,745.66595,790.2692,494.91583,827.484,360.4242,133.03134,257.71204,539.1975,427.92825,372.8327,55.055367,103.32259,265.5643,334.8354,160.32855,470.59265,597.28516,340.12985,376.64517,632.46063,231.20076,433.402,401.35068,470.02527,254.595,89.93973,43.881706,110.5617,201.9973,427.11865,485.32697,236.01772,418.7282,276.60452,253.05298,378.95264,530.12506,210.4645,316.31564,408.2258,189.81749,284.6078,197.51685,84.01831,267.7942,314.96115,257.55676,158.96431,452.09283,440.59106,102.71152,217.47517,301.39355,228.78865,195.9714,161.6394,207.02815,395.42215,255.88132,143.02869,223.66739,439.13907,327.6283,191.32849,361.66095,338.07724,336.38614,708.2131,611.72296,471.26147,401.9476,225.79527,1340.1459,1421.736,552.09607,157.49731,449.83505,202.5969,261.20557,18.989525,247.00671,197.60701,276.59702,315.19662,258.33493,244.5921,328.9704,592.99536,177.17502,339.9918,331.0078,26.344477,143.38019,229.88748,490.3969,404.4395,211.72575,246.4762,406.00803,300.92703,302.62863,298.23224,208.18636,307.049,257.14615,84.935104,229.74675,297.74176,463.6983,225.75993,386.1051,482.21738,297.77386,162.88634,346.91577,206.53725,187.15273,410.9456,454.8781,204.17674,376.7722,759.49756,567.2795,346.21875,Desktop Computer,$Whiteboard$Printer$Phone$Shredder$Google Home$Desktop Computer
567468.5,241871.34,13289.507,27157.773,13665.199,8885.206,9572.733,3641.1948,12000.268,7321.305,5859.812,21535.252,73629.68,57446.266,5043.9595,1990.6737,1747.3354,873.76154,4069.5667,4659.313,794.0191,1491.8002,2930.89,5004.826,5618.656,4480.2295,2922.147,3699.8955,1902.0555,1863.6373,2438.3381,1691.754,3447.8853,1797.6091,660.0552,413.72244,2161.6572,2809.1714,1593.741,3531.149,2262.2651,1319.449,1357.506,1000.20044,737.4719,280.28275,474.19128,1579.3246,364.63788,1063.4728,1853.0248,1095.1171,802.8861,1411.4899,1605.3357,1331.2078,1298.8132,502.26935,491.09912,551.4383,374.578,863.0027,1203.0345,821.7943,481.0212,976.7717,899.0951,598.6114,833.7578,763.90405,639.93005,168.87744,383.56406,139.46556,160.29251,474.10736,1296.4635,699.7125,270.9131,267.39578,701.7827,561.4692,126.56296,497.64633,215.49878,260.31375,366.82175,422.61575,515.31384,153.00153,382.22455,417.5163,458.74686,583.86035,451.84473,472.66367,292.41245,315.27106,358.14178,669.19104,347.32803,403.31442,928.13214,747.76276,295.82498,401.66006,714.9777,244.65604,524.8887,469.08563,463.24442,477.79013,340.04865,340.47028,753.51404,614.7934,572.4638,432.04825,492.39645,277.8642,87.210205,258.68396,267.74826,425.8032,274.5198,315.09637,421.4215,444.79855,441.52988,824.92786,472.17737,204.72798,129.66771,704.1278,1160.3429,403.39008,516.9165,207.54543,474.81378,255.8827,404.96686,115.91855,143.94997,278.8502,208.70296,406.1038,134.0666,95.73262,348.80502,120.17009,381.4691,446.86057,767.1615,357.735,421.1766,90.40614,285.9602,248.38284,471.728,238.15663,112.75483,337.92465,550.54016,192.55673,576.362,649.022,857.4434,605.4964,538.7471,419.25647,458.27716,185.30856,318.58353,278.52396,192.06949,145.01585,153.48228,309.8759,213.13098,271.249,102.050644,312.33154,355.5298,11.519183,179.48671,412.4272,654.6369,422.47598,334.27554,126.25412,183.44101,355.21698,390.06696,240.64186,330.3162,391.9958,78.54808,222.1957,330.4035,424.18195,138.00099,249.97191,526.6095,295.39825,608.5108,1101.0358,206.54881,812.5164,1102.6185,1088.5945,811.3009,524.9369,251.51427,108.52321,388.39536,375.75693,27.428022,311.6664,196.12144,640.63226,524.368,163.05815,218.277,377.3279,133.4375,206.86806,258.20294,552.75775,266.09045,132.1806,306.47244,149.2676,265.84027,134.4784,351.15808,607.74786,193.3097,169.77505,270.90573,321.54486,331.86063,584.2338,760.6975,332.9643,477.92023,314.08206,82.308556,134.51358,254.55298,217.99203,201.11299,318.90692,421.01282,242.48833,300.29626,238.56387,75.03125,Desktop Computer,$Whiteboard$Printer$Phone$Shredder$Google Home$Desktop Computer
567580.5,242737.39,5159.933,5570.4966,1818.6409,1348.0088,2581.8057,1329.2377,5572.6426,9018.105,5695.638,9953.174,58486.266,47409.023,5032.996,2477.7388,1955.6262,2370.218,2593.7307,1978.1102,924.7919,1827.8016,1827.552,1607.7615,2913.693,2700.1675,1499.0101,1488.9098,1325.37,227.54955,475.62476,1248.581,1590.9503,1221.1337,415.3426,507.20026,1478.4528,4001.7861,1820.166,306.13205,234.72101,479.91553,635.11914,853.1032,881.0204,1133.4994,394.85922,165.04684,322.41602,657.08716,1057.7042,317.96603,772.2554,610.4746,331.77753,244.05692,259.37073,631.9113,382.5257,505.9184,980.562,368.4234,808.6515,979.90894,1370.7559,479.81772,1090.0867,567.20984,762.92505,769.6877,432.44485,1046.8018,1635.5394,451.73135,1189.6155,849.4097,664.98663,933.1173,671.128,751.17957,1146.9958,734.3239,323.19626,726.60333,279.25095,341.22748,641.3167,385.57776,126.129074,689.08606,649.08014,396.2453,453.90552,391.5938,849.53345,343.40845,564.75464,1050.612,1105.4698,409.00845,435.83188,800.7902,657.59564,698.4166,720.3969,627.8899,1218.8287,666.3338,577.8219,638.31934,515.92566,341.13928,428.06702,709.87756,879.43024,278.43063,905.8577,639.18085,460.66125,701.26117,300.47375,786.98145,1349.2858,841.6169,556.4726,631.4415,199.8158,870.571,732.2928,375.9104,207.55623,242.89151,365.9016,1005.74304,1434.3943,507.94034,848.12573,370.22803,531.5526,1000.6773,409.83786,183.70044,515.008,441.47842,209.50372,209.2651,265.0845,776.37244,595.3618,524.1887,600.5313,553.0912,907.0774,559.227,482.7261,733.31116,546.83203,186.2181,629.7218,621.8941,296.38962,364.84836,111.056,469.2195,1108.7229,981.89374,127.3335,1031.1804,437.15915,280.05252,673.9807,261.4856,355.58066,391.40033,691.8205,286.60526,283.94717,37.17119,230.1533,478.99506,523.3718,484.12177,145.325,165.04453,111.94214,432.93597,450.9914,617.4886,661.2417,569.4968,282.80307,486.74246,728.7274,206.50143,710.3868,1146.2476,300.14883,480.57083,668.9494,891.18024,506.2161,836.5089,491.67053,385.99527,748.5017,718.0205,1534.8136,1737.5752,161.88684,369.272,523.75616,500.90457,678.1804,664.7007,942.4894,487.84586,128.70474,910.8469,266.63773,993.7614,1117.7736,377.3319,482.6535,320.54355,124.572395,702.4566,273.1503,918.48395,1058.3092,533.6863,975.7858,857.8912,929.44025,602.3519,677.66174,1053.8995,151.5876,919.0204,634.9388,256.48654,306.45117,141.11333,98.842354,422.44952,639.45435,377.66843,475.1943,670.6819,507.3036,627.2877,1152.1866,563.37445,312.59854,85.16097,595.7452,57.33964,734.5,Desktop Computer,$Whiteboard$Printer$Phone$Shredder$Google Home$Desktop Computer
567150.0,242448.78,4814.908,1650.0105,4072.7012,1437.8322,7720.054,7262.9287,6854.393,2838.566,6457.7783,9796.668,59163.645,43910.777,5902.144,4732.4204,1991.1038,803.9417,330.25143,2081.7324,2341.4192,2959.9954,2454.1238,2910.1826,2542.793,3190.7334,834.97217,1911.7311,1120.6322,1641.5448,1403.172,606.87244,1094.0892,1209.6864,2063.09,1362.1005,2164.2131,4304.0806,2157.364,91.59528,189.55585,366.60416,593.56116,1532.6792,1197.3254,1126.4835,982.299,818.99,1334.7644,1581.987,967.16016,719.54504,1471.9326,896.24896,660.1057,583.50977,583.27075,347.0204,1128.981,815.84247,344.76596,461.36044,943.2134,1031.2909,1770.9338,507.58475,829.1668,284.62045,936.0704,358.18457,303.1506,347.71185,963.5635,536.7432,1023.9711,1162.7224,334.24185,420.9897,522.6031,814.58777,601.11774,830.37854,639.2461,315.44818,493.14874,718.4189,552.2753,795.74023,111.26167,204.47423,256.76633,261.8687,792.83264,748.93384,97.0253,241.82681,267.7867,481.93893,44.757267,401.9389,659.5815,1284.2036,670.5627,250.68932,247.99084,497.83124,994.72186,261.73193,684.1896,267.9738,317.5057,728.1963,537.74414,866.4509,752.41833,420.90707,808.51294,418.7722,125.82813,234.65807,629.8148,768.5527,384.01373,581.94965,625.33887,470.67508,798.1031,706.4358,378.46017,164.48357,77.23966,480.87823,446.45026,1039.9226,1634.2646,288.3275,458.30203,199.02333,756.19055,851.2788,72.36627,376.1636,130.89716,334.74167,686.8607,404.90265,412.28598,959.0074,808.73834,214.33995,481.3374,827.2968,846.26416,190.56352,554.0145,72.503235,438.70923,389.6939,723.845,1294.6654,1011.3316,732.4397,462.72562,753.8519,366.61227,653.4832,310.831,1628.0103,937.0811,386.26575,477.15277,1156.8173,1323.5247,1055.6707,279.53732,969.6456,1026.5171,305.4357,346.47137,203.6123,445.59058,311.61264,551.9664,646.8524,951.3937,760.37476,342.6185,909.66284,1319.5265,1248.0786,997.1486,399.2113,1174.1084,1414.8723,1373.5669,1441.3628,1024.3536,190.63521,585.9098,570.20825,811.7266,1214.2622,893.17053,783.306,886.1979,1654.733,1110.8594,1367.2715,598.07043,385.55884,484.52747,787.8397,446.26297,835.92664,965.5858,688.404,407.08884,898.3014,321.4717,851.51404,689.46576,605.4223,592.6331,66.382576,50.41901,619.6212,986.7758,245.18146,1103.8694,669.82214,186.01921,357.90002,153.41841,446.2268,440.54306,1154.4631,215.76505,377.75504,341.11383,272.1035,611.77875,512.36505,735.8855,508.24734,682.24005,289.80695,607.39557,1008.1004,1075.667,89.082184,201.50789,303.35403,252.32135,342.85855,82.12694,673.22284,579.875,Desktop Computer,$Whiteboard$Printer$Phone$Shredder$Google Home$Desktop Computer
568670.75,243402.86,778.6871,5793.8716,5739.0703,6123.742,6800.2285,3830.4092,3361.0974,6682.9863,5650.4287,6499.928,55473.12,47718.91,7651.636,4405.8066,3153.5933,2599.4836,2058.7957,925.3047,3131.1736,1129.1241,1909.264,3023.9966,6168.62,5690.302,561.1486,2106.809,1752.8605,1529.2726,1190.5221,1333.4779,615.67316,454.2776,1683.3744,1883.3699,1498.7427,4485.5117,1953.6353,678.0377,824.4078,431.01086,275.3432,695.3536,844.41376,620.8842,587.175,163.9317,597.3971,471.56317,826.89606,711.30786,943.52386,1355.245,1376.4341,597.2252,534.6783,441.859,905.9016,121.867836,491.0854,290.40417,237.60765,481.3129,158.55084,936.50104,1254.8965,841.29504,610.3185,584.96344,780.95575,533.7155,509.8837,425.13318,411.52396,701.3339,226.90594,705.5766,774.6109,480.1929,371.76947,705.6736,1501.3854,1084.0759,541.20593,394.73663,540.42535,776.6959,1080.9166,708.8554,435.7818,664.9037,365.10822,418.47604,1141.7622,853.33984,370.74844,928.7565,173.9585,716.8638,690.42993,619.3772,1094.8002,1083.0215,1152.3696,1327.3464,1582.526,1493.9678,1251.687,1164.9127,1371.2292,1306.4209,1354.9069,1178.6007,1083.5541,802.2566,801.2748,185.15108,132.69539,305.66623,336.14383,103.646736,337.71777,1008.3795,1205.0002,645.99164,931.3979,574.72186,321.2371,1233.2151,1772.6245,1640.4333,1207.3159,1118.2208,1553.1227,317.64804,796.7211,382.43497,342.0727,430.68085,119.299095,139.89946,781.49805,527.00916,472.75174,320.96295,440.84152,614.37445,489.25375,324.81345,267.79965,671.78357,599.22046,556.80835,788.2425,248.51285,302.48715,204.15521,434.05695,960.11804,921.42426,1046.6132,1106.7941,1436.2598,1115.6857,368.26877,1094.5547,999.7816,1003.43427,690.6911,481.537,744.1825,1337.1808,1371.341,1283.7664,878.487,1015.8174,1152.4786,960.85474,581.281,313.63388,467.7232,747.8979,537.96735,464.7708,233.20222,366.37122,475.29694,541.6627,209.46152,705.4194,724.68024,404.38474,652.18616,213.99263,437.63748,565.75806,570.77484,342.44797,402.1631,334.3059,779.0424,1111.2546,1230.2899,896.8917,833.52124,692.4222,486.79663,608.7201,408.37836,509.13324,812.328,700.66614,899.4916,584.5329,323.54297,358.44495,681.7598,378.68683,457.0355,171.2178,177.72716,816.889,1015.7896,801.6294,611.7646,443.69156,845.0834,757.136,604.3669,709.7749,884.6636,771.73914,784.0414,1142.9579,257.4415,589.164,371.55307,664.95337,1116.6643,1611.471,1351.2849,1051.2042,452.9491,181.23953,331.3136,294.11795,565.02844,1063.3248,610.6538,94.69101,526.5436,154.19492,458.0509,788.09784,648.89905,787.25,Desktop Computer,$Whiteboard$Printer$Phone$Shredder$Google Home$Desktop Computer
567414.75,241526.62,2812.8972,4956.309,3223.4966,4899.074,7710.8486,2207.5117,5504.3394,3453.3652,2412.721,15205.737,59992.6,45527.36,7085.8813,6429.8047,4305.575,1093.1095,1138.8577,3479.8193,428.73895,1015.9679,657.446,852.8651,2414.0854,3603.0337,1022.4397,1352.1426,769.94257,961.59595,718.78864,2893.44,1711.2878,1477.7134,1737.3517,1395.9882,1932.8788,4848.9717,2097.9756,1007.98883,646.8527,509.88104,937.24384,1900.0486,823.8197,303.79758,304.98877,340.27774,735.24207,453.60504,602.8084,541.27673,407.92108,603.7957,775.44794,524.845,705.3467,673.2735,886.35223,1047.7709,921.29004,944.08514,514.7465,191.96524,600.0363,383.7354,390.30228,120.32185,500.99335,914.7431,604.30756,1097.0088,953.3156,684.9618,527.8866,335.72305,591.9495,749.4003,643.03815,534.922,576.0969,739.5829,120.94727,333.95184,333.02014,988.693,864.03925,481.56888,269.8403,559.77844,210.75247,557.5122,480.24713,1321.4924,455.82065,463.7129,661.4287,740.535,216.46115,711.8105,667.8047,288.33856,364.47858,249.02505,253.61816,423.13367,433.57556,83.59827,764.0453,582.5655,334.7689,562.003,400.6296,200.09671,163.70505,687.2527,562.10785,334.73376,190.19449,332.3888,291.99518,436.887,625.37036,907.9371,682.8325,375.35004,177.11273,342.02872,233.59824,827.19135,575.0954,911.7269,913.45624,588.1445,1242.4756,251.2371,905.043,680.316,243.42842,849.909,1209.7001,861.48816,428.7604,76.645966,406.77493,107.694,448.77765,622.0696,744.16327,425.6547,136.42984,702.46326,403.38977,713.0013,592.4014,22.474754,417.016,186.03423,735.497,1220.9734,1081.1062,678.5936,251.55241,208.3341,921.4796,1048.3845,738.9378,408.30832,354.24878,445.65097,1294.6377,1336.8829,1033.4731,751.89026,959.89246,573.3295,139.41298,401.5915,504.5586,472.48026,343.71375,595.7009,901.8396,804.3202,516.30975,343.49747,421.22766,647.9718,674.2224,469.20044,222.1779,445.87903,47.398155,652.8832,423.7927,391.87762,716.12274,395.72858,340.0175,275.79346,270.57407,682.61084,858.2003,349.65604,601.71094,178.72166,1062.5697,1647.558,1211.801,806.75085,858.42004,532.7643,400.71152,564.48737,272.00064,633.8591,457.79367,768.1613,1039.8768,548.1722,194.59598,110.65134,145.04008,246.44933,534.6991,429.50925,347.6294,644.5247,196.51512,639.1527,793.57733,529.3648,261.6462,353.42435,351.9159,595.9433,599.83954,679.58844,453.47363,225.07503,310.67978,498.6931,376.28348,208.90971,174.31429,170.49805,147.11092,444.15137,249.84834,66.89028,160.12265,671.63055,1051.6938,542.7319,840.7584,803.54553,69.09375,Desktop Computer,$Whiteboard$Printer$Phone$Shredder$Google Home$Desktop Computer
566939.75,241763.1,5217.996,4828.2563,2562.4316,3963.5793,5619.6006,6909.3804,3787.7036,2015.673,954.21234,15066.963,62034.734,48781.52,7595.6006,4317.1606,2210.868,1427.021,1801.0618,1405.9044,1924.7234,1023.0161,777.7484,1595.9802,915.2582,2814.1594,3014.01,2240.8174,2072.7153,2426.4175,779.7143,1285.4515,885.09955,881.76465,2119.8813,1429.7466,1558.4783,3186.4214,1665.5455,936.22675,832.921,680.2746,900.1862,539.39813,284.02164,933.87274,401.29855,774.35394,1246.7407,579.97095,239.63652,702.4696,1055.1104,1224.85,1272.9288,1747.3247,2140.352,2019.8783,411.088,721.8556,982.2815,626.9078,963.8939,461.8486,943.66815,527.1837,134.7305,401.93835,65.06999,276.9981,492.40363,433.79047,483.33948,731.0286,1028.5107,783.06104,479.44296,782.7108,733.73566,306.15408,596.9795,702.342,253.97629,265.1945,475.01492,295.5653,479.70306,530.8837,708.47064,431.2006,367.29047,302.76968,508.82654,1806.1483,1143.79,294.81995,319.89728,602.1067,766.56635,501.09042,564.7705,473.28314,260.33658,296.39438,675.3219,493.3636,378.76923,308.01196,364.6008,343.37076,358.09595,645.2198,425.2687,312.75662,220.61462,324.60284,520.5145,553.8597,380.22452,475.90692,957.06696,601.3064,606.65985,257.36768,46.78937,163.47487,592.4172,561.8426,288.58438,323.062,279.72174,17.577265,248.76147,502.99673,1412.3853,529.8849,350.95102,627.39667,215.69795,489.50925,439.95676,151.71635,460.9697,184.9186,591.926,45.0033,453.37985,156.18169,167.47491,501.71646,1006.79584,328.70828,726.7635,505.33145,529.1658,202.79405,360.28683,278.47327,295.3526,122.324524,469.67087,537.9951,468.27957,493.70584,536.4299,300.62482,542.4913,517.36084,435.27847,130.9237,682.8796,253.45859,450.74133,257.41568,238.9546,328.06873,281.89178,190.50305,237.33015,71.03996,176.03212,151.89607,449.81998,415.38278,541.0719,380.87454,286.41528,221.1056,159.34738,422.25076,1073.7324,670.4024,827.87665,1046.6554,337.5053,240.88167,477.87845,219.89949,274.55435,298.2785,482.0184,734.39355,478.2037,736.96423,467.88818,424.25815,680.04,1235.5028,215.99992,735.5909,1245.3496,932.5101,109.87615,721.9441,111.867256,311.95148,420.20438,297.9255,863.1106,516.689,795.8593,391.13437,274.80542,300.12222,125.3752,301.14725,285.66928,167.87701,626.0508,733.0627,48.797554,140.93384,410.6208,297.72278,124.33087,95.03735,233.43095,201.41519,478.15588,484.9034,590.86755,709.7874,250.54083,262.2612,296.84518,247.34094,420.0729,63.184692,404.3007,471.8836,612.87366,411.47208,595.71063,535.77277,112.81454,355.7448,708.46875,Desktop Computer,$Whiteboard$Printer$Phone$Shredder$Google Home$Desktop Computer
567574.56,244041.06,5194.0825,6964.0728,2587.8315,3459.5005,2996.6375,2797.9744,4626.3213,1773.2389,5815.388,17868.469,63023.25,47166.35,1236.4738,3119.315,2513.1807,3006.627,1293.0065,431.3043,711.5374,1194.4934,1244.8469,2354.1316,4183.1523,3462.0942,1775.9095,412.8036,1254.1824,1980.0049,943.9294,815.30206,806.3777,362.78613,719.2058,424.55225,1011.2995,3635.9026,2488.4832,1309.1006,422.14105,665.79675,876.7733,116.78447,470.683,269.08163,1113.5514,959.4417,812.4985,822.9867,398.89853,337.84488,1184.1389,21.974989,463.10983,986.3152,961.0895,1013.84717,42.35687,376.58395,785.94836,1093.1431,280.32193,703.5404,378.74417,657.30884,819.5849,1281.0684,1027.4628,457.86102,660.17444,830.463,626.4584,713.478,494.9769,113.63619,442.0314,793.2954,955.43616,219.97775,189.98463,199.01845,392.03543,406.32025,598.3894,964.22345,841.155,329.82095,1019.179,622.0575,258.3849,133.61382,280.77417,1483.4354,1133.6471,650.77905,472.21576,604.91486,860.73773,384.81058,252.0092,355.50092,827.29553,506.03543,720.2027,263.80576,332.44513,218.55136,209.74272,372.56735,358.44843,100.5492,162.62216,372.52664,287.88226,178.17844,97.26652,92.62233,375.24237,454.68384,563.0782,703.2901,140.8221,262.61978,190.18877,364.46014,600.415,392.5337,503.14108,196.37367,510.93484,382.67014,207.48616,652.0005,995.93353,690.9031,1280.6941,312.51257,729.56635,836.6533,839.6779,324.51123,455.24323,534.9989,787.14355,121.574844,1225.9163,1218.3364,989.07715,637.78766,1095.8563,487.13388,175.64977,193.85123,184.32866,316.3532,289.66406,175.2754,331.5237,769.32056,585.23193,791.6283,507.9721,146.47064,444.81644,666.8038,853.9467,743.3905,360.74725,482.22876,508.48502,242.03131,284.7494,946.8305,907.48285,745.74176,407.38272,285.6842,287.40942,393.2406,537.0169,921.6609,940.1327,279.9504,178.72575,508.52933,610.3036,653.38745,469.7248,85.34878,808.4228,606.2215,715.1861,723.4683,859.7877,734.71277,319.98624,284.497,568.79944,588.8177,533.76544,406.03287,539.6285,720.15247,544.0153,500.02332,413.4042,415.8234,702.8937,968.1875,830.5951,511.01273,667.10535,526.0635,161.74101,227.51486,707.8226,368.3632,514.6133,699.97955,221.02858,499.19318,492.70587,60.026314,493.56375,222.34178,222.71533,323.5849,583.53357,995.76025,806.4785,319.9129,220.7675,166.96782,391.00937,595.067,359.10977,195.0897,104.57577,290.86823,177.34636,677.6761,284.72397,427.67105,309.69736,98.965904,169.92981,533.4083,505.3813,357.15833,298.93246,532.7975,383.12717,157.64096,147.06018,495.3344,471.5625,Desktop Computer,$Whiteboard$Printer$Phone$Shredder$Google Home$Desktop Computer
567642.06,244588.1,7316.5796,5155.7383,3149.9214,2372.019,2733.5974,5472.5195,6227.972,4536.45,429.88324,9305.968,56393.105,44344.773,1468.7638,6212.6733,5771.6123,1098.5625,1129.1498,2063.6655,1717.405,756.99915,1318.3676,2236.1714,3526.8665,4739.434,1911.5605,2205.9683,1708.7167,1122.5621,547.7983,1838.7218,2196.3958,1485.1093,920.4989,538.1573,1874.5137,3200.9634,1449.3148,1070.4916,1882.1294,1639.0208,229.49155,1214.6969,1829.4003,1690.5757,874.4009,448.23962,441.758,747.14087,965.5748,354.2761,629.78235,449.79697,985.1588,941.7474,230.83212,1153.907,1142.9543,824.9787,636.90106,938.48474,648.04126,413.60388,525.7477,816.49384,805.8264,601.94684,989.7529,927.3948,945.5646,476.7931,648.9138,613.70105,777.8019,1037.0503,1235.969,572.15344,295.32144,618.5327,1080.9045,940.1456,749.7507,902.7185,820.6674,451.6586,517.49146,837.6676,1017.1158,691.4179,859.58734,415.67636,587.2428,1285.388,988.50964,464.69788,919.8856,614.28906,686.375,764.9114,387.42413,770.4197,245.16042,688.34393,1145.8005,890.87787,466.2612,368.06454,469.76202,477.6699,290.94214,484.43082,651.604,675.7503,1053.1354,756.5309,78.55933,966.5478,889.40485,392.9869,66.80521,471.00864,439.58218,120.327255,286.36758,826.33435,804.2317,805.8767,1238.3644,853.21606,434.79605,222.03545,284.5413,821.16925,1600.0538,509.8292,806.8275,709.1142,348.91763,636.011,142.24155,481.04428,675.8381,159.51534,734.8275,1269.115,267.7572,61.70292,786.786,716.046,254.67911,889.2397,641.0069,648.75745,686.3591,448.42517,556.2543,389.46347,325.04037,296.69458,825.1445,848.11633,447.552,252.2912,403.801,410.783,660.76587,481.2231,1068.06,608.50165,142.43509,136.73203,308.73404,640.03613,555.0848,341.07394,703.41583,895.1218,402.19083,408.73447,566.6588,631.6406,256.61227,158.50615,170.82056,594.67993,669.3428,981.206,836.55994,451.28812,792.72784,694.36084,943.14667,974.02704,456.7329,265.53577,181.11893,605.7023,1297.6298,906.85693,250.33748,507.48447,779.4587,740.0062,949.17096,606.45105,460.35855,865.67114,480.27814,602.32404,1613.9338,1473.9996,776.36127,255.64093,111.883064,177.60504,456.8259,549.0698,254.84026,442.27606,648.0712,753.991,649.4936,503.58505,336.54062,628.6418,625.6638,518.9338,169.72469,541.3059,710.2064,148.93208,110.18178,221.80127,406.71942,444.26056,720.8029,600.9324,99.383125,197.68816,104.60146,319.24918,463.74817,418.5082,611.0572,543.6298,360.20874,495.36942,96.07672,362.26913,350.76938,261.44928,571.73785,364.9601,238.30661,305.80957,605.4375,Desktop Computer,$Whiteboard$Printer$Phone$Shredder$Google Home$Desktop Computer
568197.9,240789.75,3897.0334,11114.235,10773.366,7421.551,1269.9833,2705.7795,1596.916,6003.2925,6788.7764,10336.5,61613.125,48544.15,6380.657,5587.2646,2980.5342,1073.4572,1142.6359,2712.964,2118.5205,2397.4983,1554.5878,911.4737,1592.6718,2513.0967,568.3683,891.83344,911.9499,1972.5408,1088.0013,648.6499,1755.1205,1058.9193,331.96713,1320.9534,2626.717,4053.834,1837.2899,804.8487,931.4904,1207.3925,766.33344,332.67664,1193.4999,842.77216,316.5351,322.605,207.60149,352.4982,572.70526,441.91516,721.02997,687.0254,277.55408,708.5147,235.60674,389.2051,707.19,729.114,802.1594,1133.3483,980.3837,104.95139,425.0586,865.89734,1415.4235,824.55896,662.1057,606.04205,543.23883,539.6118,565.5737,246.20294,361.5327,170.9116,681.49835,570.7774,562.9459,951.838,915.05725,595.7959,455.9117,836.75165,452.1136,279.45523,723.4179,578.9141,907.7171,1226.9629,940.1321,1115.3301,1156.1732,473.67215,920.894,1258.4166,408.74356,95.612785,706.99365,1210.9797,591.34717,748.1171,835.91986,628.4945,469.26373,668.99243,756.83167,925.6159,738.6445,484.66263,792.31604,1084.4618,503.90228,612.62164,1325.0483,1067.7524,459.43167,1442.3081,826.1951,156.78989,496.00568,239.35262,542.93225,903.2847,918.7548,680.25336,638.8796,1187.5272,1272.6737,814.6562,743.3575,1274.4374,1262.4845,1616.5066,1548.4717,497.05432,547.27655,650.2451,349.76474,205.80238,400.53604,478.19788,907.7735,670.71344,917.1701,1140.8336,611.3717,820.3005,1301.6317,955.78174,859.45605,373.6911,456.35938,458.0738,809.3356,1045.4684,792.10803,651.9441,704.57086,456.00436,455.52594,245.45248,183.51192,270.68533,545.88043,1016.9714,707.2013,127.369385,519.1456,268.4101,373.67957,563.3004,412.6114,249.59401,248.63504,509.64172,300.6471,467.05258,350.8523,251.4941,378.553,169.88934,210.47562,86.223595,454.97275,798.12415,516.5543,907.3077,980.81744,470.5104,720.3589,931.9835,907.5848,726.3451,1143.0032,961.24994,156.10959,278.38007,500.3871,463.63345,273.2441,568.7317,194.11668,114.18469,185.20332,723.29224,1257.377,848.18054,736.1172,507.59262,564.0099,888.2625,762.8601,875.3412,988.1177,1157.7128,959.5779,380.43735,553.9235,485.14627,670.7147,360.70404,279.25433,480.3631,291.14355,460.72678,608.4838,716.4705,281.96075,405.04324,335.90555,234.72552,243.2742,99.98949,359.90387,624.06287,531.4075,519.0822,462.69455,550.1711,398.63474,115.179306,373.73273,441.7852,240.58325,653.44354,728.28186,565.6525,365.9609,141.0304,319.91196,532.7698,567.5363,1270.8444,1025.6892,546.3285,414.0,Desktop Computer,$Whiteboard$Printer$Phone$Shredder$Google Home$Desktop Computer
567664.94,242868.56,3407.965,1489.1904,4874.1597,3624.0269,5736.3433,8222.091,9197.568,4945.1855,1671.1206,9065.892,57281.79,45081.418,3923.6184,3397.6333,1061.2253,2034.2711,2441.6602,928.8933,2054.2632,2023.8181,646.10803,1393.5612,2734.651,3080.878,181.86295,1090.8132,848.8153,773.43427,722.9431,683.5982,409.659,1058.8187,1195.5558,1140.414,1643.4374,4636.974,2212.6018,437.1471,428.3513,770.2055,703.0882,945.8764,618.38153,506.3242,332.27148,1101.7769,816.0561,347.47784,811.7202,420.4004,490.54205,213.59789,693.3336,1200.2289,1463.1792,1204.5809,214.93007,495.09482,467.26892,898.99164,744.40125,628.8057,50.043907,480.8476,1089.0791,491.84348,546.6603,275.22333,204.24747,254.42296,623.0202,928.7815,870.4046,549.7841,891.3909,256.72708,738.99994,1201.3834,1002.1181,1076.3654,1067.369,898.2054,403.62128,462.51968,600.7389,411.95575,478.34854,568.23224,658.4342,569.34845,814.1148,920.0201,997.1779,940.118,771.11066,566.0302,471.01337,273.87482,319.66263,338.43497,125.47528,289.41498,168.2529,162.0401,90.07443,484.77435,330.36917,248.8375,91.71847,489.64478,280.91364,202.1537,391.83917,410.42145,371.35886,205.4496,860.5579,540.84784,677.5624,396.8884,372.51462,452.06274,439.05304,537.5515,349.80225,508.57104,734.02454,640.4848,555.71014,403.55847,217.12843,475.54196,806.21185,288.2004,890.4299,949.1031,335.3562,296.05,367.72122,616.0694,598.7354,323.01614,184.72583,531.4487,437.88464,73.84055,442.82986,226.75603,948.6334,1176.627,711.4668,168.20015,492.51495,145.8439,165.47127,133.90955,357.8052,282.6143,310.2464,444.61646,706.3833,807.5447,922.9187,368.8195,319.29956,71.69996,448.8439,339.38455,385.19894,145.03088,171.68417,632.976,550.29834,263.57397,477.06012,128.9616,596.8796,663.12836,225.43968,444.11295,565.776,487.19928,452.6861,95.53786,103.66984,206.46521,601.8409,640.167,263.16083,244.27269,517.8864,443.0609,723.71277,579.6153,625.99585,411.3939,204.76619,545.1302,426.11475,357.01392,212.47372,221.60387,459.45114,135.95528,1074.5907,1328.4183,385.729,600.3725,570.35144,921.4472,812.93695,925.6128,950.31714,161.51685,1013.3132,448.35223,686.7725,927.7304,423.92758,213.88547,45.478325,130.31572,520.98285,384.65668,152.66882,587.65247,462.00192,294.75555,516.7846,297.70758,947.94995,566.13763,729.2713,923.0343,342.53683,292.78094,448.54974,349.7392,575.903,160.45601,787.3748,644.88104,522.6985,511.19974,534.5395,609.80585,32.495872,512.5197,640.9467,701.4941,1184.6476,1090.1633,916.8973,783.8655,146.9375,Desktop Computer,$Whiteboard$Printer$Phone$Shredder$Google Home$Desktop Computer
565093.2,243049.95,8033.5176,10732.977,544.60657,6082.514,7529.5083,4886.113,4823.0005,6368.6025,4740.5356,15797.726,59233.12,46215.152,6346.5815,4351.2764,3563.235,1704.0496,3185.3538,4994.1523,983.6635,1809.3646,1418.055,1136.6511,3582.3584,3708.392,2033.9534,4114.184,1871.6556,1700.6824,2337.4062,1164.2545,947.23303,2175.2893,2297.7188,1627.446,1866.5046,4372.6064,2221.9014,371.90735,688.5693,767.5978,432.533,532.0062,440.59827,1036.921,1245.9666,258.49487,738.74115,447.44485,997.0723,121.84553,631.8798,448.35,694.47363,1070.5701,807.5689,519.2453,754.5064,555.008,243.46326,217.25014,543.74677,330.0997,297.4816,443.74594,1036.4597,504.92783,691.1003,1005.4014,563.6643,345.06534,112.50928,302.02612,649.524,554.52905,700.01355,695.57245,231.51323,860.9642,461.13855,354.83014,41.667423,552.75,396.99625,729.4076,749.1866,597.9316,575.0087,115.289925,299.73892,249.68813,689.5283,535.7786,447.90292,1279.9095,1122.5986,497.26178,385.75833,606.76337,597.2922,385.74954,521.7553,544.80536,480.22275,644.20935,863.02014,832.8747,410.76233,504.81177,472.16052,490.92093,815.3175,1016.2587,440.3714,316.26056,575.9091,161.4209,1085.6316,1264.4438,937.77576,958.1366,894.0769,601.79694,252.94293,214.05096,299.87424,764.86487,1279.1349,1431.8077,863.21106,357.9183,890.0356,829.7862,930.8217,590.99207,1006.4705,1010.8249,1200.4642,846.34766,309.8831,257.59854,446.357,655.50604,496.5992,770.64935,701.6358,733.3441,969.3801,570.5937,508.0117,929.6561,381.13098,346.24847,870.0181,920.52783,941.88544,977.12616,669.049,328.8959,380.41873,367.33356,177.13531,355.47324,378.96686,758.23175,820.5919,670.16406,231.17537,591.0998,549.3112,151.75786,451.98178,230.34326,647.3237,203.20193,486.48746,195.65779,339.52838,252.7496,468.09686,222.32729,239.75595,209.91452,434.48416,580.9141,551.23505,238.77744,161.73425,563.84424,804.21484,728.8017,472.60962,455.91367,416.38593,526.61957,697.5627,738.44855,428.35797,304.80573,652.05133,579.1493,505.64017,163.25368,622.72217,609.05444,659.8947,564.53467,700.1492,940.0401,1436.2783,1268.4163,541.2465,86.91417,458.5611,977.8411,618.3071,252.83597,669.0191,966.4197,608.3515,487.7662,639.072,894.84,730.61285,444.98697,568.45856,857.0563,710.8776,518.7369,283.91797,591.61475,683.8076,879.90326,909.45917,481.8878,657.53955,729.4829,367.75375,80.092094,559.3703,952.44904,1105.4542,645.0806,408.55963,1012.78955,958.56,63.27276,935.4981,630.9492,667.2923,793.9102,541.026,437.1796,214.11273,477.43976,931.3125,Desktop Computer,$Whiteboard$Printer$Phone$Shredder$Google Home$Desktop Computer
567746.44,243193.47,6353.1465,8985.958,5174.695,4855.9556,4516.6655,7284.6914,6165.269,3632.8308,686.5042,12807.918,57185.234,44041.58,5514.4727,5726.8286,1698.9789,1017.28033,1973.8134,2954.6946,2759.6982,1610.3151,2524.0034,2474.6113,967.7066,2086.8901,3320.1262,978.0299,2168.7402,330.72934,905.35394,878.02875,2064.7998,1747.0746,1355.8236,1769.1277,2222.2568,4616.628,1297.4628,989.7509,1023.73334,187.3302,413.45233,311.43027,1109.2388,927.7153,792.4423,772.3546,262.78055,1655.247,1592.6289,684.17206,807.24097,1146.3156,805.2891,342.94885,274.02615,957.9018,918.0542,1110.8756,1217.1426,560.283,163.63904,288.5744,316.13937,622.6105,611.49603,562.5545,151.58157,285.63373,159.80986,259.86905,234.95865,376.67776,461.1691,417.52283,178.0138,610.01135,959.396,432.1302,442.27982,592.5396,693.1573,565.89703,31.606218,590.7589,1266.6821,1109.5066,1297.4008,1295.4148,1234.6423,499.50342,627.5,889.685,386.54605,103.30636,1513.9053,1469.0077,684.9927,574.80804,734.0351,347.1756,712.1694,176.63805,379.94717,499.62582,166.19234,651.30585,512.26404,634.5237,944.53687,671.5715,23.071508,105.436195,113.61813,281.40894,471.7377,208.31895,418.20068,404.36893,335.90863,283.988,779.58954,851.84735,476.65955,409.7033,781.66675,1007.91046,792.5658,963.77203,975.10767,876.9055,144.49524,337.86984,1299.4591,726.3584,807.96216,750.52997,748.90424,579.2688,553.8493,355.05035,569.9318,767.84595,195.619,362.80798,258.7706,410.61288,385.74707,992.90247,923.34454,190.66638,1074.9883,1102.9564,168.4706,519.08563,729.1538,387.91595,224.24255,475.54602,501.6827,263.11194,513.44763,350.7443,378.63177,415.29474,306.69302,753.65955,560.7907,291.11935,851.8259,303.34552,416.99677,646.27795,170.05313,442.08127,462.2438,275.09113,629.7278,287.37885,720.57947,658.4497,408.5267,315.2,165.44882,201.69603,446.68134,256.77878,80.15015,486.16257,463.0883,218.94467,298.21738,594.34576,789.51324,730.7328,187.28163,329.8403,602.1035,682.4012,642.5658,517.90295,275.47104,348.72464,702.0249,761.2912,1543.5461,1674.2037,301.94852,384.9068,499.22238,353.43793,279.89856,237.70702,441.37085,534.5422,664.8144,394.3832,191.33736,334.97678,133.91017,86.24393,393.4748,93.16405,134.3186,70.298454,231.95985,120.83424,256.33926,475.32455,430.87933,175.85976,263.24084,305.844,343.60394,631.21063,528.50836,584.08124,735.54913,554.97687,220.86322,139.65826,164.61438,166.67052,234.34773,290.11646,332.22955,539.30383,447.18762,680.9233,62.246807,319.53558,144.04265,119.8924,178.90787,340.01868,329.375,Desktop Computer,$Whiteboard$Printer$Phone$Shredder$Google Home$Desktop Computer
566132.8,241491.27,6106.8027,8633.961,2416.2517,2191.0095,2972.0083,689.0734,2772.5137,5320.481,6812.736,15389.084,60757.64,45492.785,1021.2912,6449.211,4132.087,1543.7046,1185.3118,1663.5184,2740.615,777.2877,619.2895,292.61612,1709.9478,2744.1106,626.168,1633.5679,932.9982,1541.201,573.3258,1190.0073,992.5414,1429.3118,1090.9309,780.5729,2037.424,5285.0513,2001.8918,581.27246,954.1457,779.28723,948.5555,576.3616,445.21707,581.3937,512.58496,593.3688,517.83685,1284.1663,441.73227,743.24554,688.0214,369.83154,1210.4015,1568.6998,1508.5286,352.836,710.06335,605.26996,878.0346,1215.8236,634.73376,360.36987,603.3647,518.6373,593.1857,390.10532,639.04346,364.5522,535.9375,531.9771,372.2886,578.2803,242.3189,371.11505,545.73724,306.71954,600.3758,824.3103,327.2354,239.79308,741.7119,521.14526,297.15024,323.0346,566.6889,454.01794,322.22083,441.10864,718.15643,1121.7347,767.52814,424.7446,601.7779,283.02948,1269.7566,809.2333,584.2304,973.85803,971.4755,807.3178,314.0457,504.0647,453.3201,610.38544,410.7719,262.72726,137.00633,377.79514,455.17395,937.1828,1314.0372,1163.8711,776.7333,525.02,680.0689,581.16296,827.0205,507.7286,720.2516,949.8411,910.9553,555.871,559.2149,525.27386,527.619,753.9668,639.0418,915.22015,32.92867,523.27423,337.4108,1224.7332,1337.6395,1018.0751,1345.6118,708.838,606.9805,1035.204,537.5307,360.5924,190.12878,595.7769,808.9658,924.90686,558.7342,540.1245,818.41003,1099.86,739.5606,362.83337,783.5553,1553.8468,550.3153,227.90022,891.0087,1079.2023,911.84875,831.14276,937.5337,829.36145,337.6791,593.73236,603.14844,444.58475,889.3063,400.62335,487.20352,622.8595,523.15173,711.1839,858.9505,609.59546,631.3095,563.4619,314.39627,684.7628,1403.8884,617.2147,550.8655,179.3942,290.37158,383.703,161.2626,605.6037,359.50766,302.95667,430.44452,392.82764,876.4442,664.4699,1004.68726,1013.76245,568.71625,565.914,499.04694,588.1782,598.8648,182.19557,329.60742,373.59683,306.74182,252.84499,155.03667,215.1148,808.51385,501.16956,1557.7943,592.66156,392.9096,400.8945,503.5928,710.2527,457.7807,360.93054,249.05386,562.32007,306.0137,592.7845,387.31247,248.81471,518.62634,205.52255,409.87747,301.96674,115.53432,252.91441,273.40448,310.93375,249.39128,493.691,349.47375,199.48952,199.63243,440.27673,40.535404,171.7867,368.58768,170.69011,30.985174,372.02438,205.9533,259.29172,166.18999,335.8442,532.4868,610.85547,356.48056,789.3691,715.31476,311.56067,262.93686,282.5889,284.0192,349.74872,179.9375,Desktop Computer,$Whiteboard$Printer$Phone$Shredder$Google Home$Desktop Computer
568535.4,246428.2,14649.79,12406.137,3891.5813,7581.9487,7565.277,7189.8164,4273.3027,5013.6797,2980.966,7640.0093,55759.664,44112.49,3463.707,3797.2805,442.22766,2030.872,921.4805,1614.6608,1410.4047,3386.3435,2403.8284,1699.9384,2612.234,3102.2388,1703.2129,961.0401,1402.6329,2671.9536,2108.4824,1360.9762,791.03973,430.57895,630.2771,782.1095,1690.4818,4128.208,2321.65,166.84286,562.14386,481.44818,578.78644,806.4239,1213.1727,922.4282,376.14557,1250.595,717.1466,1412.8514,1108.5315,674.93195,1026.2715,595.1198,817.43994,1217.6099,373.21924,771.6634,469.20047,232.67044,598.83826,811.3572,1113.6779,697.0029,369.30267,426.95023,725.05414,948.73553,920.83154,287.29062,311.68,343.25748,184.10751,415.93512,650.5277,387.0297,509.70078,427.211,179.4692,261.63028,268.1361,789.695,874.64136,59.24045,336.56293,531.4152,273.41638,126.23557,125.35631,386.7863,671.89197,460.67203,412.35928,330.88763,384.17734,422.0353,1161.9702,1279.0522,693.689,724.94257,478.66223,551.71027,919.3505,797.4518,803.0877,463.5157,22.719717,185.6928,126.1333,367.5554,668.1777,440.21222,62.876038,247.23233,167.68571,71.96986,579.40497,682.6383,621.3118,239.68434,298.5813,290.64914,1051.3519,749.4898,429.43265,185.72389,471.65707,670.66266,330.97055,905.6281,267.31934,773.8693,655.3684,1069.3306,1610.8726,476.0335,508.42038,780.25543,369.76587,252.96,805.2632,1083.8601,606.49817,443.9642,302.9414,423.4153,393.45746,514.3802,694.8873,683.4503,412.48102,759.65393,1080.1832,292.94415,776.2974,565.7824,567.9551,247.4373,45.69946,385.4453,332.31418,467.97375,246.61841,236.7642,523.5131,155.57204,232.47298,311.19086,462.86792,341.08533,664.10095,727.1474,341.31775,578.5359,346.71478,47.483086,278.5167,617.7292,685.75616,155.07547,1016.05707,802.4513,227.00026,189.032,415.46173,286.48975,480.02374,213.73468,777.59326,738.72205,193.4146,133.98001,343.7869,404.21542,165.40167,731.7385,683.96265,635.6661,248.44438,188.17117,455.06424,311.7355,292.57736,526.3232,429.12003,968.56226,1399.9243,1453.4775,288.74707,1146.602,1398.1289,1182.0616,697.4268,467.5511,762.9895,771.7728,625.00653,646.28296,804.0483,520.1534,754.1942,905.9981,771.6188,172.94286,339.54315,434.2249,242.8356,784.47754,823.0107,251.44164,521.2828,849.7915,612.66046,514.02155,184.44173,368.46152,227.80745,379.06186,553.5916,511.13504,331.05185,197.6211,417.208,332.7843,146.69968,519.31995,973.52344,474.33704,644.4848,370.96988,60.857605,445.77972,390.313,381.0242,647.16284,434.12036,413.65625,Desktop Computer,$Whiteboard$Printer$Phone$Shredder$Google Home$Desktop Computer
569366.5,245510.8,1125.5398,7379.174,5588.665,6326.3013,5800.9897,7118.296,9037.86,7263.3765,4544.1455,9637.209,58193.098,47039.492,6468.6606,2999.6309,2987.475,1738.344,915.0704,1916.9897,638.3425,2291.2175,1318.8401,487.2155,1771.2826,2834.082,1439.382,790.6472,1173.0077,913.7121,355.90298,787.94073,1967.4757,2162.8801,1928.2385,1410.7662,849.0273,3654.1013,2360.7737,1008.28845,860.05707,1252.0194,1648.6901,1573.4089,748.93066,837.78375,374.55997,669.81067,610.1329,769.2674,1092.1567,500.10052,732.55646,952.3107,824.9412,879.58093,1145.9221,348.6197,150.65591,273.7265,207.78188,459.92996,830.2142,641.1061,515.49634,529.8737,808.19196,1056.6027,447.4637,488.87863,575.47687,747.6485,663.9353,349.67474,241.21657,257.90198,241.8031,526.1022,542.3982,753.9157,326.73828,140.10065,916.85504,956.8192,601.699,443.49686,512.6053,183.73036,250.95685,393.50638,818.2545,1139.3528,961.06195,334.5538,160.98714,232.3322,196.25705,381.9029,315.70612,471.60294,721.2477,482.73016,588.7833,490.2709,608.44684,338.27777,368.8286,360.62747,803.57,416.30228,297.9121,416.39728,384.57672,861.73834,1046.3663,1230.3948,1290.9169,1245.968,1651.7604,1359.172,652.8926,669.38257,524.44867,507.89844,440.86667,876.83563,1053.2036,1075.6649,1084.8455,463.19287,498.42245,636.69165,375.33182,1517.633,2282.37,1021.5993,942.4552,1319.4812,1104.2322,756.20135,797.2551,628.0314,505.76178,630.9222,1030.4363,1003.46265,878.2135,647.1913,709.1318,334.13937,367.50623,313.57666,72.36148,453.62286,997.95703,493.7635,477.6897,546.3067,413.44797,562.3374,477.84967,722.93945,434.60397,401.34207,251.17445,113.01427,393.11636,647.78766,116.36442,518.66815,334.8653,217.88649,686.30615,483.20404,623.72015,725.4222,761.9809,443.088,436.50797,542.72986,764.71234,684.94086,139.50778,717.9666,320.3932,191.20036,342.49908,705.34174,821.31104,836.6858,475.49268,187.47346,179.09798,433.99405,770.45276,129.36209,889.92194,885.787,552.6991,352.57486,621.47144,680.7646,244.72916,657.8978,635.1001,318.77585,1040.9631,926.3741,377.01175,147.72954,530.0736,281.12827,344.8877,887.9068,1030.5471,840.13727,342.89807,316.35437,163.8276,539.4959,271.79398,263.92883,490.2568,1005.99493,1066.5396,610.4754,665.8756,281.85303,523.524,352.57544,913.84735,769.7018,966.02893,745.3019,817.9565,433.0842,208.53581,217.2781,619.5045,1069.0056,1203.7784,661.9522,251.28941,374.49515,579.52936,1135.6912,1323.3053,178.08116,666.30365,883.3501,989.18616,656.8028,725.0725,552.97034,893.88525,985.1396,1268.75,Desktop Computer,$Whiteboard$Printer$Phone$Shredder$Google Home$Desktop Computer
568698.2,244013.48,8398.024,7414.898,2884.4375,2894.4436,1757.3364,5744.102,2887.0925,2390.941,4283.0444,14903.296,58651.125,43734.88,1513.388,5474.0034,6161.4155,4469.6235,4418.205,4531.737,1285.786,1695.2657,2689.0007,2034.5358,4461.0054,3743.203,1566.9746,689.76013,515.5893,1686.453,1209.464,1744.5007,1446.465,871.6613,836.3708,1491.8735,1965.4117,3580.0107,1590.9274,480.01447,1585.6399,1172.8701,983.9669,931.5739,779.3728,381.43753,762.9871,1087.7601,756.5736,1943.0233,1739.1006,1095.4426,781.37354,388.29773,386.26263,705.3011,326.04614,373.06387,434.02292,767.7147,566.90326,201.57327,591.33887,545.77313,723.6726,509.6536,502.69318,470.67294,354.35443,498.29996,430.31073,584.4694,499.1732,246.04243,808.69305,1007.4064,643.7022,454.02496,882.8638,438.53,306.8524,682.4282,572.11053,1126.1355,1084.6799,965.95337,53.88957,659.3797,718.64594,649.5233,176.58675,543.28,780.59357,1132.9359,585.8505,517.72266,105.672356,270.92294,349.3625,489.87106,740.2189,783.84283,317.2332,319.74765,312.18518,623.812,661.98004,192.08167,1270.0416,1624.9202,1088.6165,326.9667,181.79688,503.08673,131.47487,313.4723,487.54797,426.5102,827.3789,227.87729,355.90863,247.95465,289.2668,320.79633,297.53162,437.0628,597.47125,842.63666,835.0097,485.19672,713.6542,1090.6401,694.98035,909.44867,1265.3003,486.25952,807.09033,658.6118,772.0618,235.04445,308.87137,212.0825,173.07822,376.95074,529.7368,568.36847,1053.9811,885.01953,412.55734,938.59283,1092.098,832.8025,485.70782,287.89334,928.953,1213.5702,533.0184,183.43312,34.189396,194.2035,520.409,765.9074,220.57703,538.3581,243.31123,317.0066,533.65576,626.2984,403.9764,644.8702,806.8091,496.07318,285.0592,319.09555,355.21362,482.7261,607.69464,383.9638,93.37539,301.36115,540.31537,263.3622,534.4079,522.1403,270.50882,221.21655,190.89378,458.14532,342.48764,220.26979,396.09915,354.4517,127.11139,535.38806,231.69868,801.327,599.4785,488.64832,30.379414,341.35083,168.89612,440.37173,773.14453,231.67393,120.54485,762.8637,466.70587,1392.8331,1221.4769,960.4604,657.30914,410.37152,340.10452,97.89667,137.53773,361.5755,424.6864,644.6399,668.55774,562.7962,181.40802,319.14322,195.81592,623.9225,908.03864,1203.8867,983.7423,579.39575,519.61884,710.2582,790.58777,1500.2485,1392.1448,722.7646,642.8734,930.92755,631.4922,314.00485,545.546,16.782736,366.34076,445.79276,369.38547,106.529755,58.06401,284.7476,731.0791,835.8952,444.81287,547.9272,1002.21344,916.70636,776.7502,88.30022,204.0873,453.15704,49.25,Desktop Computer,$Whiteboard$Printer$Phone$Shredder$Google Home$Desktop Computer
565161.3,241321.81,8629.908,14977.434,6818.263,2497.9438,3976.3257,2454.0176,2620.584,5820.141,6257.899,15958.497,59867.766,47825.016,6095.857,5441.6587,1402.0377,1175.5637,1428.2023,2247.425,848.16425,368.83432,1039.8417,1863.837,2151.3555,3548.7678,525.4177,282.63666,371.81915,653.41565,590.85565,1320.0487,1051.9286,209.55489,1744.2844,715.1406,932.45856,2448.788,1592.882,659.2945,1284.8838,1934.3004,1471.0205,150.39899,765.6858,235.0951,719.96094,977.47687,226.16072,735.6473,602.0156,528.47,450.893,1324.642,1382.1334,245.48743,1532.5486,655.40717,612.32825,532.79486,538.21564,335.5099,1070.7833,416.7495,472.83798,294.3837,264.91235,171.66786,142.6656,469.90262,790.55884,283.02185,781.9638,202.19354,990.6429,695.62006,798.0759,1212.1022,540.3416,581.56836,202.20207,344.93686,560.74176,387.65198,114.229385,548.64355,561.52386,809.74164,798.6603,369.93387,834.54767,471.04752,758.7227,487.4369,121.04205,222.27303,656.4031,1060.6274,922.6524,1022.2649,817.7722,568.5251,676.2675,328.1396,493.5133,221.90906,945.04407,1079.9454,256.1885,720.3386,429.1721,298.08813,577.50757,791.52356,202.99426,1002.58386,1010.7399,355.85648,267.78116,685.83044,649.9643,563.7683,233.60422,188.63571,418.5771,542.0164,459.34735,605.7744,386.60583,556.6523,915.0462,532.38074,406.21228,537.7247,637.8873,391.96158,651.48175,952.04895,412.41476,472.4197,569.23267,358.92487,726.7093,697.9052,216.69608,253.70598,273.63068,786.3131,659.9283,322.3947,940.2133,444.59387,780.6508,867.0015,924.5888,202.59901,613.9491,476.9738,289.52237,455.38373,896.23126,270.25876,795.3159,670.1686,309.84796,84.20802,364.43365,295.74323,766.5818,734.04395,377.52023,575.8496,708.09143,530.72906,170.82584,551.7753,308.58566,237.92715,757.33685,900.83795,179.57294,771.3813,699.6501,575.9441,404.06024,288.63022,385.22827,599.77716,388.0436,173.01083,433.19568,317.6423,350.5776,240.93965,510.25375,25.120663,89.70553,523.8688,484.11816,263.22556,350.03162,518.262,140.69722,535.9278,279.10934,1114.3358,1524.1194,153.34146,526.3278,705.84924,443.8352,457.20398,125.95731,218.61789,594.7235,451.05142,463.06482,434.8345,38.887398,386.56503,368.3225,374.3823,432.45685,671.29944,270.56982,362.9505,141.69997,384.73074,747.4905,548.04504,217.18031,448.17307,376.62033,583.6105,677.32513,154.52347,368.3119,162.60094,245.35493,485.0222,98.877235,438.08224,271.9521,394.32904,766.18787,669.17975,74.70048,506.66675,652.07336,202.8791,878.44214,992.74896,128.78336,850.9416,492.97556,196.46179,130.0625,Desktop Computer,$Whiteboard$Printer$Phone$Shredder$Google Home$Desktop Computer
568431.5,242907.31,9113.58,9757.946,1325.3007,1719.8802,5878.644,2438.531,2504.688,3279.7437,5222.271,15676.702,61418.633,44947.94,3633.7341,2122.035,1757.1505,357.9138,1006.47577,1040.479,1137.065,3304.3313,3073.049,1764.6082,3224.614,3961.09,1958.4387,1465.7266,1340.8252,1043.9147,1210.072,1522.9963,230.04349,563.1236,2520.9126,2100.079,1558.9073,3648.4082,2075.365,1308.665,1376.4891,716.91016,873.40826,1093.773,827.4363,928.05096,500.36282,582.3569,631.1266,334.44357,429.3775,247.27933,564.4058,729.5824,692.48846,618.07214,790.1213,344.27814,1140.5696,1153.7753,784.27106,1033.1661,1635.101,1277.9681,485.88803,258.95035,307.41626,189.41109,45.827934,20.0454,493.34485,896.07367,316.44495,929.6632,994.2493,1088.844,1513.6931,1003.4053,1033.559,497.6936,460.43295,633.9654,677.9214,617.7057,544.3384,722.4241,829.53265,241.26472,118.255646,274.67883,465.79993,882.6747,435.72305,751.5501,399.6537,423.97992,1190.0327,637.9835,631.17566,580.4018,584.0542,807.5469,394.0245,964.7612,720.07166,741.9306,692.53973,116.24047,78.35369,471.92343,385.8163,501.69196,927.9948,659.97174,619.0536,1067.3939,790.4222,1147.515,1303.3391,1075.772,897.2083,932.83545,427.72467,483.6815,621.7498,337.14258,602.34155,649.0283,935.851,1279.5726,792.5617,723.2928,510.80145,507.35535,703.0995,255.05452,514.2436,549.8758,126.89999,478.4998,330.83008,821.0187,817.9398,521.54596,822.5308,706.84186,310.72638,331.791,575.6319,163.23753,584.2959,785.4846,774.0454,332.2182,567.13684,481.09146,908.3791,866.1777,385.94647,314.59753,466.1356,733.45233,553.26135,615.2139,370.25766,70.19082,141.79018,479.73367,450.59338,237.69302,235.00615,909.8341,920.49475,587.2641,819.21576,349.59845,340.11667,13.694368,292.30008,449.593,449.50372,395.6141,82.95983,357.24838,524.48724,351.01868,162.92903,158.27885,436.1952,312.91647,405.92212,677.3141,207.16008,407.21088,361.39172,751.98315,1052.4199,845.4547,677.80145,562.0433,161.73323,94.71296,357.16174,73.362564,285.3335,1132.9404,348.20117,1349.3583,971.4309,171.53754,273.84348,464.79593,748.4819,694.25214,356.2125,586.4267,907.77856,394.7125,326.78796,565.1299,717.84863,380.14536,813.1625,966.9829,151.6072,349.9702,249.16391,494.02838,322.1027,538.9013,458.61908,189.62337,269.90512,168.54318,456.6838,432.5427,331.66553,397.78934,435.70273,468.85568,312.82474,173.71332,187.12308,220.99216,163.61836,559.48724,637.033,310.5979,780.85736,546.32947,273.59277,871.12103,913.65674,623.0627,231.46039,559.5907,313.84375,Desktop Computer,$Whiteboard$Printer$Phone$Shredder$Google Home$Desktop Computer
567205.25,241709.03,6179.159,11362.982,3596.6401,4755.879,3955.8357,1898.0995,1627.9291,2278.8599,5021.4185,8965.839,56026.53,45404.227,4800.689,3280.5664,1738.5835,838.5774,903.63763,921.3909,1321.5553,1557.1,2824.495,630.35724,1673.3656,2504.8237,819.53937,658.7831,855.8771,701.82336,949.8481,1649.6328,1628.8397,2653.3804,482.54297,1164.3738,2537.0476,4639.0156,2935.599,2365.513,1419.6743,1026.7218,407.588,1230.7788,377.5784,778.9558,339.67627,457.94696,477.77783,584.23303,411.20044,828.62085,444.56094,351.91272,393.71658,264.59204,84.869774,395.6771,876.0926,1235.2872,1145.2814,887.7219,380.4775,929.3801,492.0717,596.0578,560.36017,141.53784,214.17563,331.96967,146.10252,603.6249,788.16815,503.069,549.4337,150.55937,757.819,316.86127,303.4119,223.00908,216.0429,573.47235,710.61487,351.16388,365.05386,379.51,751.97845,613.07776,83.74065,634.2766,761.60175,241.88281,413.63568,112.82548,500.61508,1197.6368,1814.6385,904.5316,641.53235,1016.71405,954.3656,446.60373,591.4132,358.17825,310.62207,88.308395,657.18555,611.5295,896.32263,805.27295,558.7016,461.8064,79.09745,493.80832,320.53787,358.67093,296.9961,568.3557,461.0712,926.16547,698.0835,526.6113,883.6813,377.04587,204.54565,340.39902,621.8982,493.54037,349.42816,615.7684,831.12366,462.5919,503.22586,402.0057,677.51184,215.06113,184.09105,206.57594,28.148815,294.09885,396.74475,690.52264,277.63358,211.97908,243.8137,360.2166,248.65065,733.33356,777.35333,846.3941,712.86176,814.36633,841.61316,850.29755,454.0804,430.3502,336.07864,874.59424,841.5082,438.83115,706.29553,778.9631,513.8691,548.8406,207.7393,303.38235,640.63654,424.59262,406.87836,348.2668,516.75323,294.3503,481.5872,527.72614,333.91785,349.94894,512.3551,1119.6587,1184.4592,1068.1892,1004.155,350.12167,236.16783,510.39105,1026.3325,1178.813,742.32794,233.50227,335.44455,246.83702,825.6719,964.6297,446.7126,279.9698,196.53416,299.10797,109.711426,365.74335,538.7287,622.1438,362.62906,263.7598,359.2747,282.33374,629.39435,162.33263,1234.8257,708.16766,610.3582,728.4343,996.80927,786.4089,818.3874,1010.3972,536.3407,422.73383,615.9776,319.1993,318.6406,731.98785,923.6729,483.33386,227.82385,593.0048,499.7655,501.27963,417.407,327.20486,254.8773,471.98093,742.43207,408.52512,570.53253,684.4994,473.76047,174.32774,470.02966,272.3078,551.5556,939.9705,835.5256,682.546,647.9691,901.5006,794.33075,725.4608,451.65625,62.493824,436.98602,527.1065,299.23764,171.96753,107.197525,265.16827,306.19482,235.23734,279.125,Desktop Computer,$Whiteboard$Printer$Phone$Shredder$Google Home$Desktop Computer
566730.5,241769.61,6733.2803,8299.991,1158.1869,2690.5857,3575.9019,2002.8019,4735.962,6555.3286,4039.0767,9399.944,58582.26,47128.75,6346.6797,3704.5503,656.76306,970.36847,3167.6042,3199.7473,987.87213,1152.6385,264.08945,160.54863,2225.9517,3598.83,1178.8285,1568.6786,1546.3453,1524.0663,530.9126,2149.8079,1662.9058,1278.7712,2241.784,935.2784,1743.367,3926.9043,1404.8947,702.2068,760.5525,436.6883,328.4479,456.96292,1507.4176,832.94165,227.14697,677.3572,453.89386,638.42145,734.776,805.78076,49.215313,479.01822,218.54413,385.92984,232.90099,87.57405,152.1179,332.46103,572.74976,1319.523,1339.0732,1031.8386,832.1419,103.722885,747.72736,959.7391,774.1948,356.06036,49.44717,255.67775,296.76334,996.97595,900.1997,450.33618,254.1917,552.8463,403.94348,494.65527,735.1012,198.80455,344.99927,844.2908,686.24677,232.61983,390.07922,26.940638,209.5719,1015.21234,835.3518,790.25806,260.15646,904.53876,844.6906,244.60497,289.9899,524.4821,242.01314,92.662285,268.34784,736.6011,414.71545,543.6165,508.39554,154.81248,654.5956,176.06181,411.1005,1053.9297,536.5782,566.2031,599.3106,288.62146,330.43552,335.75452,575.99725,444.5677,388.27972,988.7161,1400.5023,358.10364,680.3543,702.2352,525.2566,256.68695,514.9697,393.8563,514.1619,324.57086,342.5046,501.0399,573.19,681.5853,661.4213,628.39844,801.6217,480.28787,368.74713,601.58813,866.0589,617.67816,137.45285,310.78738,679.37476,707.60565,174.95818,320.84622,299.3028,137.8699,470.4564,1017.18066,226.05446,1421.9127,503.00122,581.35364,277.64493,49.81092,669.0923,151.45636,788.40173,917.43945,359.27264,1345.4568,972.4597,660.5229,928.40436,311.63596,1151.6338,664.47156,516.67377,629.40826,642.04504,838.9111,550.6117,342.22687,761.7154,917.7939,198.1696,497.75836,470.54623,222.6823,377.46594,715.8688,1166.8866,583.3093,641.2835,532.12006,511.8427,181.0302,88.21673,635.40894,697.39343,666.49603,588.0755,279.22528,466.50287,815.95966,568.9623,651.67224,389.50598,79.208466,183.52138,355.73163,383.57574,147.47708,1270.4926,1346.4235,690.36316,1207.6721,1014.8643,85.059395,631.86017,921.60455,584.0642,344.1795,228.94527,316.84476,687.58856,645.3318,296.38104,338.27597,409.34747,511.7197,228.88327,232.98785,455.72952,421.85175,91.73467,342.40134,353.21695,534.3988,451.2399,555.6502,352.4237,700.3849,824.24677,475.75787,389.18646,267.12582,414.51367,328.65903,577.79944,876.8373,1262.3938,497.01086,996.70734,701.7689,429.93692,388.57007,362.45837,881.6407,941.7963,576.89526,498.851,678.9328,619.875,Desktop Computer,$Whiteboard$Printer$Phone$Shredder$Google Home$Desktop Computer
566485.3,239319.5,12110.208,16740.646,7662.2515,4241.881,1681.5967,2862.4236,1938.4617,1134.7152,5085.898,10271.129,58379.46,43824.758,3086.0288,2410.4426,4555.169,2786.8176,2060.3364,739.2305,893.3063,787.3191,1060.5328,1671.2546,1266.8385,2298.9187,844.29095,739.04205,1032.4489,1315.2991,999.15234,981.6979,398.56168,1172.256,652.50244,298.5776,2598.2288,4939.4795,1729.5477,638.83154,767.84985,147.84196,590.8429,897.1212,459.25632,431.22372,364.9148,273.6689,378.3591,497.67444,647.7225,683.11957,1087.5482,1637.013,1798.9121,1318.8397,1118.7283,492.40466,785.1974,1077.1776,548.25,512.4217,748.52155,664.5297,510.0806,194.13727,620.6241,381.34015,511.49002,329.40964,125.33904,165.99126,193.57094,483.39713,543.3405,332.79648,316.04553,407.4254,220.8553,457.5933,469.10416,138.69933,368.7736,433.47702,474.81766,548.4156,435.10498,145.48921,432.8625,177.46297,1127.6901,739.3735,838.09216,1025.1641,824.29535,545.34174,394.17914,903.0124,630.3261,123.45917,144.90323,585.5191,281.78854,149.6347,209.33403,359.32605,644.1887,282.4493,810.7655,562.2497,92.59505,267.60483,334.94897,84.97655,38.781277,463.76297,427.11102,441.30197,987.7999,968.26746,578.7004,227.48517,345.033,515.91565,564.1733,373.95844,323.83563,370.13034,529.3878,449.99072,252.84064,86.32662,208.58745,649.17896,1224.7528,419.27298,523.62054,401.09314,205.57495,48.95546,562.87054,532.3592,397.55722,684.6339,519.2917,222.23094,621.3939,436.73688,405.22867,524.63153,275.588,836.0337,1554.4325,988.5882,807.91327,795.64667,466.77954,682.4029,301.1367,247.10435,500.4514,341.1417,827.10144,728.7325,716.68884,531.59705,519.1232,510.1219,289.24518,229.48865,89.9193,345.03888,245.96265,146.09633,109.48423,159.10149,243.1012,571.5907,551.1257,231.9642,260.67508,287.28387,525.46985,395.98758,755.0578,194.75008,600.19464,486.70648,341.4918,331.497,107.31034,562.89996,319.52527,313.06284,10.353942,428.16687,545.8501,290.44388,468.92834,274.7865,255.45406,631.31537,926.2714,456.8112,523.9965,795.18555,1236.3892,327.5845,1339.9662,1056.2682,473.97977,889.84436,414.19562,383.30292,259.67548,227.03639,114.33641,58.38302,346.01022,172.3053,362.81714,149.09697,303.18027,266.13312,482.75937,339.31647,719.8426,680.4942,280.39453,252.67294,293.65924,463.16986,338.61023,289.71683,200.371,221.79227,321.88174,248.3726,191.03482,235.64822,326.7233,643.9545,717.1807,1106.8218,741.2895,319.82114,108.62261,160.50401,50.528072,208.66545,307.39774,382.32434,95.21195,199.9587,73.565765,494.48856,298.3125,Desktop Computer,$Whiteboard$Printer$Phone$Shredder$Google Home$Desktop Computer
568639.1,242507.8,10535.794,13412.549,4759.306,4321.1855,1418.8217,765.6567,5215.254,8913.733,4954.1514,13251.743,58020.844,45782.066,2140.0752,3789.9841,5943.4995,4152.116,1889.3455,1018.2377,1730.0549,2888.929,2722.742,1599.5576,3099.958,2429.2773,410.68488,1996.4227,2865.5923,3610.0322,1779.671,300.13116,553.07513,195.97926,589.0817,299.08704,2118.256,5582.5576,3239.5251,490.78107,478.47357,363.92093,54.798782,106.66739,151.31187,309.25412,468.38272,830.5749,1059.2278,729.51556,641.1469,814.3726,647.57654,680.12463,838.26807,541.29724,663.346,510.98492,315.46487,432.92868,245.54414,288.045,257.3318,587.31824,820.80804,512.8189,659.3198,454.243,641.2287,681.45935,236.81569,265.60565,375.51675,466.37753,311.76178,421.37585,95.414795,142.10486,598.3757,397.5295,198.37944,223.98688,242.97379,654.47546,666.5708,248.52638,168.0231,276.14035,550.4438,294.14038,447.8055,457.8548,327.48312,35.921703,262.44244,259.1876,322.97595,548.85986,1156.5419,500.05917,535.8776,251.49257,528.2224,784.99365,862.62585,739.1819,891.58136,608.4901,874.7267,872.8756,777.55444,451.29626,400.6702,501.69348,667.1945,396.92865,539.9922,252.31503,890.11206,963.26154,356.23672,455.24963,141.1499,427.45593,579.8065,459.14474,416.17062,167.33083,320.59772,704.1978,558.94495,218.74962,195.20706,592.9485,777.50995,714.0005,782.9766,212.9814,263.93552,1027.074,1204.1154,821.5975,393.79248,623.8279,842.56476,828.21814,448.04446,138.82936,203.51512,981.8881,1231.135,856.02625,420.72568,570.1337,730.7908,1497.1215,1302.207,653.5642,525.07263,894.46106,671.77936,433.60284,294.59857,399.6721,602.5654,568.7063,900.4725,1333.6747,1015.92487,854.6346,955.89,906.1325,1154.7788,1095.1428,936.83936,1237.9622,1209.7002,1257.2744,682.168,1050.5364,1053.0096,603.62823,703.211,811.0335,1154.0527,765.01355,344.4065,377.5269,339.2362,535.5268,686.88025,458.8199,465.73575,121.31562,141.92622,29.367271,571.7051,171.55382,309.1582,193.85872,445.5959,294.1251,421.4538,1038.0435,1050.7883,723.49457,962.1482,1059.0211,412.65857,834.1118,384.83215,52.580807,571.13086,514.80524,581.3747,612.3492,143.459,504.88623,614.06226,247.93167,245.1136,403.786,680.3108,172.45955,456.04245,392.72803,118.966255,344.4345,358.66043,279.18842,476.7789,708.1197,392.5664,185.52283,405.06042,726.7046,576.2445,283.23383,836.4031,559.9254,441.16028,473.75693,52.68992,393.54584,100.59381,393.47418,306.95377,613.25165,605.54517,906.5308,425.43173,719.56506,518.35986,218.09665,583.5045,254.44632,49.8125,Desktop Computer,$Whiteboard$Printer$Phone$Shredder$Google Home$Desktop Computer
568703.9,243494.77,8296.166,10934.567,3723.7805,924.5415,4180.5864,4999.5747,3138.3433,6103.9736,6720.559,14581.93,56705.645,42049.54,3146.9124,4767.318,2452.4038,407.56235,1176.3746,1750.6754,1433.2102,619.19543,431.60278,1333.7317,2205.6062,4512.6406,2149.2559,183.74661,415.71646,1315.4635,1428.962,1477.7943,1348.9949,1111.9785,1349.5071,957.121,1910.4547,3967.0044,1067.9458,1079.6147,859.89325,453.67136,560.86365,944.46606,867.3709,863.3294,1611.2577,1486.3729,260.76593,714.4299,294.61664,575.8088,466.1912,428.81793,990.3773,343.48056,389.23236,1012.71594,1581.7573,889.569,317.0594,111.17103,478.8204,628.5295,964.24335,617.0178,271.84103,498.2264,907.43445,825.8745,390.02606,427.51947,357.27094,583.4055,899.0474,660.79443,587.84357,456.0348,1162.1837,1166.6406,522.7288,404.09317,383.70505,397.60428,896.07874,575.57007,187.25186,329.02957,194.26747,488.3392,210.46149,316.09488,210.59615,323.3123,290.18756,713.0227,1035.7712,686.92957,651.2508,1109.151,422.82117,175.25601,607.61255,471.29843,433.10602,589.182,153.82527,525.99585,136.06833,531.27936,413.1219,312.49612,138.89227,210.89024,179.953,813.6795,1257.8875,244.23723,948.4855,852.96936,530.62604,502.77515,344.01324,186.41461,401.4466,218.71086,90.55871,582.29913,944.25995,719.7889,234.55853,589.85535,116.21039,607.7387,1342.2671,369.58093,459.16672,534.1388,495.2742,913.60596,786.79443,404.41324,981.83594,681.58295,552.39594,307.26904,328.32156,610.1131,416.2488,805.9421,548.76746,376.18347,925.21674,133.03685,987.7204,479.8908,395.3367,369.48914,643.32794,1260.172,886.04474,308.794,708.7632,505.64194,186.2053,112.21665,258.3969,189.3233,702.09924,850.23267,991.9631,766.36804,211.97795,711.7778,610.4231,175.67508,540.2149,363.131,719.6378,1164.1267,707.9669,353.46432,251.037,456.81168,310.86163,719.27374,673.0939,497.49222,466.05804,509.5487,748.0878,876.0079,591.90607,269.00574,610.47296,820.192,645.12573,582.74915,250.60709,627.32294,738.1282,421.90216,181.21887,732.5918,1329.1439,1298.8934,712.5786,1006.69995,810.703,722.5312,830.27167,439.2026,272.26892,380.677,817.12787,1272.2736,1122.6112,878.05237,328.98132,222.67953,516.56134,309.85135,189.24695,479.92447,526.51074,441.634,282.93646,950.85675,1041.106,452.69128,722.6689,410.36197,161.42885,753.3503,817.35895,356.92828,859.26984,773.8851,347.84116,783.3552,767.1808,262.81537,1014.44324,503.29953,374.69028,165.59528,262.9904,778.95215,1065.6222,209.1637,888.52405,645.2344,259.02872,827.8656,365.73386,446.29678,643.875,Desktop Computer,$Whiteboard$Printer$Phone$Shredder$Google Home$Desktop Computer
566069.1,239991.42,10754.326,10400.432,6085.2256,7236.9155,3415.7278,4658.9897,3355.4363,3257.1326,1280.1354,12895.145,58167.543,47627.906,8493.188,6740.0825,6111.4565,5643.3335,2701.5615,1945.4374,160.58543,2509.6648,2214.7925,1772.0068,1237.4705,2796.3005,979.5939,698.74164,793.19684,1504.2247,1648.1122,491.52792,566.39984,1509.424,375.1115,333.40024,1151.4996,4511.0996,2661.1013,370.68015,1775.068,1430.8207,476.40018,267.40683,592.452,975.3422,432.89264,110.70385,1194.2864,2090.7722,1722.0055,783.00354,827.41077,1074.4827,1423.587,1226.1722,275.13553,859.49475,1725.665,770.7564,414.09448,524.5124,808.79565,672.00903,745.0347,524.1695,577.9836,290.3982,606.9814,317.20795,458.6158,539.01117,634.7575,417.50394,610.4835,1143.2548,260.42697,485.89154,413.99384,211.70145,443.0499,374.86404,594.2337,715.07733,395.685,76.98334,439.86142,683.2299,738.28815,432.8685,652.97253,116.4779,493.23138,351.8047,500.0149,354.52316,437.75446,299.6594,181.70439,351.41965,800.66833,597.2645,785.9697,1206.0532,558.72766,414.1091,369.91092,534.7118,609.022,363.2199,174.56827,387.08795,419.88046,352.08374,88.471176,502.68973,291.66638,480.33975,633.8124,57.63976,237.10226,415.1536,41.15588,409.08765,359.76566,396.396,230.82745,532.2355,319.7384,350.06635,489.87527,242.83766,236.86917,1080.527,480.0161,333.79672,686.7772,834.5811,469.26154,83.287346,78.36927,830.77783,822.94446,250.70087,626.0992,908.5916,523.8464,411.3266,229.60173,382.09256,472.87735,670.9831,384.014,1227.4647,1016.05725,559.1751,615.7148,623.8429,579.4505,743.02277,184.93831,293.85385,106.025894,480.5197,455.84232,480.0387,558.5678,403.7753,691.5646,762.8436,469.41632,294.9622,511.48395,202.00279,169.47397,320.84393,851.2006,584.5182,346.64038,436.46118,411.38477,556.0689,583.932,441.52933,397.5236,506.59976,477.1189,600.3889,739.70483,522.5843,292.21982,850.35846,542.7331,368.58286,223.77158,208.3397,357.82205,318.68558,99.45907,246.17857,48.862804,316.1323,482.45346,628.0376,808.2293,772.1235,142.78107,1025.0217,596.809,421.5528,187.09772,577.62335,481.58673,268.64093,742.5012,1071.6288,734.7169,191.58865,262.99158,247.54282,585.6569,750.9909,894.3581,1040.5931,585.33984,129.6993,428.06143,487.8503,139.4154,702.4731,623.72455,242.34062,358.26755,435.36597,117.99787,88.657616,511.10846,439.39346,669.996,430.1608,628.97284,699.3121,578.18964,267.69113,217.51022,740.84186,573.15906,52.849487,231.13734,586.37555,448.58203,190.05353,113.62807,434.5696,575.9866,516.8572,855.53125,Desktop Computer,$Whiteboard$Printer$Phone$Shredder$Google Home$Desktop Computer
567388.25,242942.0,5719.5625,11363.938,1842.6572,1968.7095,2750.4482,606.76874,4530.105,6105.5195,3308.8464,15073.308,62430.742,48025.383,3059.3796,4746.8364,3179.0542,3849.1692,2089.1323,1727.8202,2601.3674,2131.806,881.9081,830.20154,601.0042,942.95087,742.6974,781.3088,744.48346,1145.1105,686.02954,1130.1747,1431.9412,1297.2145,2443.2021,1411.1865,2487.5847,5351.217,2127.3418,312.19852,789.15454,385.42923,667.8416,586.1721,693.66626,919.3303,254.78876,984.7237,536.25684,1383.6553,1208.1385,838.58386,710.2764,997.2451,392.29852,1100.9926,1712.4547,1057.5176,951.3656,864.9989,818.1654,1231.6844,1400.4736,580.6252,746.83966,652.22095,972.97125,234.93524,401.00272,293.66116,507.42526,1035.9381,670.9293,1177.4636,1576.0356,1105.955,1173.4752,615.08295,717.4898,848.4367,502.9073,281.32162,570.23303,548.76886,232.9811,423.53702,157.32773,232.88441,843.1566,832.62775,821.7606,525.28986,413.54025,682.16754,265.90848,339.28778,198.76505,686.23724,1256.2537,840.1137,832.6477,466.0385,585.10333,782.83765,649.07526,636.6608,797.47235,950.8187,902.5724,418.05167,827.80566,673.218,597.88495,806.8853,381.2982,266.66183,483.31168,665.5244,646.29596,830.6005,942.5145,251.9258,662.195,959.64575,644.1911,131.78474,361.16092,5.7148466,344.94662,214.2897,742.4806,1401.869,853.3307,437.80145,410.74728,755.18335,645.4203,553.76227,13.267068,178.98198,162.69589,509.32428,532.364,272.9253,296.21393,367.9877,502.4272,381.03754,489.33548,509.30432,249.66937,838.9341,961.26373,832.3353,63.461475,188.5391,201.3987,336.0699,353.60953,617.32477,441.83054,212.80313,162.947,163.04523,209.64038,210.49854,376.39435,108.33455,193.36485,384.33862,418.33185,790.1073,699.99304,275.51288,617.5922,300.8836,688.8324,686.7667,599.18665,129.13095,75.23989,434.9705,203.11435,510.84854,648.9162,482.83383,199.09229,122.93402,269.56702,403.17877,467.74677,473.99637,464.1273,520.38214,554.1897,190.0417,101.61861,423.34012,301.313,195.88223,404.57788,690.5301,425.64325,427.37134,712.2694,1011.96704,698.85114,401.44162,343.6782,662.01044,840.70844,466.28146,468.7982,535.2501,345.01285,184.94719,344.85397,551.0102,211.56746,172.45444,175.43091,590.94543,351.59982,817.69916,201.82199,511.0382,352.20584,102.50225,353.9342,326.1492,348.96896,51.662388,277.3738,584.99133,173.37108,232.33978,588.687,364.84467,411.3069,223.66072,128.9852,457.17325,561.0776,381.2668,476.90146,261.99866,254.0839,744.0802,373.2523,896.80383,1042.1658,903.1089,481.65656,552.4267,350.81775,367.15015,602.875,Desktop Computer,$Whiteboard$Printer$Phone$Shredder$Google Home$Desktop Computer
569076.75,243830.61,8388.483,11645.403,4098.2427,1716.2311,2680.104,6049.6577,6209.9766,4803.4585,8724.038,4962.473,56940.945,45153.438,5068.822,3903.7952,489.81384,2151.7002,3586.2966,2916.7097,1127.3982,550.9221,1717.2546,1695.4353,1099.8188,1374.1227,260.50723,887.7524,911.64655,1047.669,1890.3545,165.20677,1050.7665,342.46323,1223.4214,2038.3813,1652.8988,4631.6133,2006.6439,887.3154,446.6128,351.2866,144.77736,642.49304,1042.5599,194.17946,282.39737,806.4984,1181.236,1021.8744,440.97525,403.4909,528.08124,783.16583,598.4496,810.1928,901.40784,712.4791,531.85,148.90639,241.82628,90.08496,391.14575,114.68148,603.40295,474.1467,893.6893,845.26184,128.1249,120.36422,584.2679,636.07275,296.3554,353.05045,934.08844,281.59796,403.2147,704.0293,607.07935,366.42822,54.947315,205.81903,645.9074,858.86456,407.52023,159.96864,251.04628,742.5326,572.4216,508.98007,352.0655,420.19012,1173.9429,1041.7263,191.43489,358.62222,434.3301,387.37152,542.92413,831.7694,696.4932,868.1077,592.36035,416.77872,78.51341,88.72437,438.6262,569.74133,362.69247,521.44556,221.20572,863.8437,788.7919,353.42505,388.79797,299.7358,311.88593,243.68848,379.50186,317.37915,318.78815,479.03168,359.5428,419.71646,191.96518,152.39061,212.00516,547.3752,548.33295,749.53955,411.92627,529.5678,484.37738,897.318,1154.105,282.54593,487.455,318.8458,380.27972,162.79721,513.3542,832.73334,561.1236,160.74251,143.97464,279.68118,548.64087,481.39914,458.02496,622.6776,664.818,1241.4233,305.6247,966.0785,1081.9437,300.96432,780.79553,316.2174,431.3508,370.2723,525.37695,564.9715,446.8577,64.136604,462.93747,258.58197,117.27183,238.1064,338.47513,529.92,326.6676,442.95218,860.0068,265.50186,382.06134,307.6218,73.800156,192.88745,354.96973,265.058,578.938,968.3827,802.4426,146.587,329.08374,547.4086,369.04755,395.8548,76.07867,256.0825,559.5076,622.81213,411.61804,504.27377,462.49176,204.89806,232.67516,612.227,894.68915,320.39926,348.9461,494.50635,913.21844,842.717,969.39215,1254.2485,571.1041,829.84033,1282.881,1194.1034,625.3431,457.03256,798.33777,864.1779,435.03915,377.31607,284.73126,48.28527,566.5546,591.0071,811.8844,680.55176,379.64197,893.8185,808.16034,167.00085,442.82605,395.42725,450.6603,293.79703,588.8478,761.6828,60.773685,640.7668,284.06723,41.107613,616.8083,749.8021,20.783377,877.5119,776.4113,359.57773,548.2539,180.39891,251.28204,117.30482,503.99377,953.534,365.0378,712.639,849.02594,578.06885,610.32635,675.4201,753.2137,406.2348,10.59375,Desktop Computer,$Whiteboard$Printer$Phone$Shredder$Google Home$Desktop Computer
567733.56,243367.97,3107.1387,5813.7666,1442.025,893.04364,1661.8428,2241.5552,5470.2764,3269.7483,4144.7417,9473.846,60194.86,47619.45,4206.7607,3648.3484,529.5737,2311.094,2501.2263,2221.9233,1363.3357,878.1358,961.7458,1788.0237,2197.4795,2204.8726,872.16956,1243.2606,1716.306,1582.0057,62.924625,908.54755,1018.3489,500.63858,399.58582,260.9896,1583.9641,4858.442,2325.2751,654.34393,786.9679,516.67834,468.71973,896.6736,1045.9935,967.39514,287.44684,752.7394,1024.8856,780.0322,921.46783,474.56406,640.4748,807.96533,1072.3226,1022.60486,773.4061,533.4853,483.46262,903.465,988.9068,853.4268,1034.3647,490.26498,313.96194,198.23166,510.1806,719.51654,740.6891,571.6601,781.7857,588.47125,262.76663,498.9374,1185.8163,603.3784,132.5626,531.6897,173.09433,96.45272,547.1777,726.2171,1014.8853,1055.1638,820.54266,636.7869,292.19458,59.523773,370.99554,756.96436,507.74973,635.8223,1027.0939,486.20267,394.39264,268.97638,263.93906,79.407295,707.16315,399.40756,269.7465,775.9799,352.614,703.44574,701.84375,716.3657,891.3978,1202.9038,902.50543,449.76303,536.1284,568.5585,352.95163,659.4198,726.2801,1085.9459,724.68616,461.21252,354.69403,1041.8407,894.20276,880.4346,869.09845,478.7708,407.98642,415.50928,77.02935,151.15446,338.49554,522.5858,774.8003,372.14304,291.3042,906.8099,1355.3723,552.06433,853.89795,815.3947,405.02518,104.076164,412.91318,776.0797,521.47314,303.37802,484.419,569.14667,490.03763,464.92392,202.89268,292.14536,914.72864,794.272,594.96216,595.07184,672.57153,995.4428,715.9121,674.6976,291.27863,62.779778,132.06357,737.0638,810.7231,333.78824,277.823,582.47034,539.8298,483.40848,776.1382,704.86444,510.5685,788.27594,316.6354,214.5366,445.55994,1081.5593,1243.3983,1221.6554,1172.8267,856.3563,519.5611,596.6862,833.77374,623.0328,764.25507,839.8846,485.005,202.83817,208.19075,515.4578,276.98773,620.8724,294.97195,594.26355,669.89777,343.30698,496.07446,756.93945,547.66296,440.53915,498.0112,644.7217,303.63,725.1486,335.38647,570.47595,235.91397,1020.82043,844.0254,788.5257,552.89594,206.77592,356.08304,804.9099,725.8149,727.3703,623.5008,776.80225,1061.8173,906.9113,1114.2267,1405.8242,927.1941,667.98663,710.3155,892.1165,526.5008,434.84558,253.6914,122.9965,90.75247,545.52057,1173.6243,1010.4473,584.162,682.6299,246.32649,470.99988,588.7427,555.35706,434.91306,569.11414,540.34393,902.7805,659.5736,422.20804,406.7929,407.0624,288.9217,372.663,196.08498,672.113,1305.7795,973.2011,442.74777,885.1521,975.1875,Desktop Computer,$Whiteboard$Printer$Phone$Shredder$Google Home$Desktop Computer
566552.9,242920.6,10783.593,8214.332,2929.0042,2297.1648,6085.6807,1054.6085,6060.9766,2258.8928,2904.2686,14851.25,63398.93,47256.52,3523.5122,2986.033,2277.8901,1596.2781,915.011,763.2973,1299.9202,1326.9304,1258.4208,1196.5869,1308.5627,2476.1304,845.82764,2048.3074,3094.2148,2467.9683,1591.6611,748.2233,2359.9043,1718.4736,488.11682,1513.5687,1628.0055,3817.8245,2032.5662,1002.8351,940.6973,392.3617,288.28015,195.01663,521.4017,862.1244,833.28876,663.99493,871.8135,680.4111,443.8649,786.2513,962.82117,1031.32,868.9213,272.9627,587.22797,895.93884,384.84457,394.94662,38.932827,1400.1488,2466.15,1168.549,183.26889,343.73688,698.155,573.29144,156.48323,516.0176,292.87878,741.34033,178.54257,858.7843,927.95984,784.6986,838.2535,492.56754,462.92404,234.2496,1150.7961,1159.4342,201.88805,871.29364,601.10565,542.8512,201.5017,357.4249,552.30646,448.07935,670.05817,450.4282,258.82043,738.8744,577.8628,886.2502,1480.435,1489.238,1621.1462,1771.4098,1290.5673,460.96222,620.4256,1046.3483,721.61127,204.10152,310.38553,422.52835,589.425,775.7193,588.91516,321.8567,595.7744,783.406,499.98346,377.549,554.2668,600.8158,693.3747,402.8744,860.4729,825.8042,570.87506,71.53036,355.18027,545.26764,485.65146,575.77386,668.46875,655.0696,330.89145,119.296165,250.48268,591.70667,1056.3503,226.90681,122.709435,331.87238,556.9698,497.39273,532.2271,191.94423,426.49026,858.5116,773.269,376.3168,211.82846,157.02306,301.2322,532.175,289.27325,970.0986,1245.914,254.74672,147.93185,206.46648,439.81772,588.30225,318.72467,505.50436,508.16895,268.26285,81.20637,246.41725,223.68512,276.04034,608.1925,120.04645,258.26538,293.48267,362.38367,585.8062,237.65073,385.76865,675.83984,684.04315,250.60907,393.39975,179.57652,282.42386,198.34824,467.07874,292.01877,60.31977,112.420715,379.66388,116.74046,560.6314,695.6819,480.42795,90.23435,355.45706,694.1623,554.483,153.76591,200.5889,443.54752,516.30945,642.3435,480.15176,415.8133,371.3195,387.36078,712.8757,376.9094,725.0843,693.16956,784.20245,333.16644,748.103,594.9425,365.07132,146.00748,45.362534,82.77477,534.159,998.2823,1048.3234,482.26254,342.90686,477.12323,542.5134,571.0614,443.4866,739.9794,928.6416,814.4908,550.4061,53.97351,81.92071,339.2325,489.50726,768.3983,747.8777,533.1219,303.1416,427.6196,285.1381,153.94221,141.644,216.45584,545.59406,938.0414,644.04974,51.19941,151.42932,202.18204,179.3915,762.90295,1078.4667,1001.62885,819.32874,576.4676,386.62933,841.917,989.78845,687.28125,Desktop Computer,$Whiteboard$Printer$Phone$Shredder$Google Home$Desktop Computer
566846.44,241936.58,5004.4697,11503.594,5046.933,4548.8506,8508.568,4572.4585,5746.019,5959.1045,3689.449,14333.921,61226.58,47307.613,7023.065,141.58354,3355.348,4362.241,3963.2344,2517.2053,2546.5798,2139.1006,2399.663,2019.8511,2265.2883,2691.1155,2680.305,1135.9989,1802.6451,1409.8419,2404.1882,1683.4797,1489.601,475.94034,759.24347,1597.463,127.4569,3264.644,2303.0183,1391.2078,297.50528,928.8149,1295.3351,571.33325,48.55179,874.4485,589.77747,403.52695,541.5619,704.32556,377.0807,401.5455,1100.9518,936.9879,1201.1223,1085.5637,767.40674,920.44916,880.41394,638.2436,215.6372,801.4024,1690.0098,980.5026,234.91066,498.03198,132.32022,1002.4356,724.1206,360.36237,626.77734,380.13724,729.9433,1263.362,940.89154,851.6999,777.25586,201.15215,1090.7656,1176.8824,92.49477,1059.7751,743.5117,265.0203,231.31389,175.60898,1077.3538,1127.36,772.7835,768.4831,735.50635,430.95822,645.8512,530.81165,542.75397,413.3275,940.55273,673.66406,439.1137,275.54855,417.99084,406.5477,590.9616,192.43114,987.67725,1061.658,540.1773,324.10605,335.9722,219.42677,280.2068,44.970905,207.47357,503.14685,791.63696,477.95584,476.77686,310.15817,263.6485,259.55118,730.68506,536.01184,80.9167,219.26146,533.9319,531.01587,375.0853,383.30402,147.3638,318.35864,580.051,454.9861,97.51943,659.2156,1390.0981,752.3897,251.98096,530.72076,618.8687,394.95526,534.8038,363.59332,523.49133,861.4165,697.5885,702.0933,496.09613,319.9216,686.3464,1201.4622,898.4889,358.66705,776.14075,715.0424,694.0878,438.16632,809.73846,601.4714,710.8248,477.99612,555.1132,365.19846,202.37148,345.70358,345.92706,404.08304,99.89362,479.1209,504.52725,556.9467,328.31003,258.72623,260.1018,480.2021,748.7877,760.07574,495.5116,91.28238,551.81024,307.64438,159.1917,251.92262,337.9544,264.84268,331.86243,472.338,546.51404,265.299,9.547292,537.8217,695.4348,546.9908,468.85184,596.686,806.7448,918.77277,915.16675,574.56024,453.5592,287.13385,163.25537,629.28204,847.6644,787.6732,625.92255,383.8971,916.35547,1257.418,1075.2948,1189.9237,1025.2728,727.0273,361.0366,285.93106,588.348,1094.3207,730.04663,229.13345,258.5156,241.2033,281.2818,122.86681,342.0444,522.78265,381.98642,227.90952,217.99498,356.97592,161.55066,332.30832,276.5384,344.2679,112.062004,418.41373,235.87503,462.5331,378.8468,458.1399,199.60675,263.05954,338.44815,849.7801,365.42282,502.36658,47.35208,359.27933,298.19525,201.6306,482.9873,639.03076,362.3157,874.4362,306.15604,266.74847,570.3699,81.68695,254.3125,Desktop Computer,$Whiteboard$Printer$Phone$Shredder$Google Home$Desktop Computer
567553.1,243565.17,7551.253,14669.672,9768.383,4284.7686,2987.3232,2765.3525,5620.2656,4865.201,5195.464,13799.157,58433.188,45948.52,5447.9033,5042.6807,2865.7114,3119.2747,1010.0361,3997.0925,4135.395,1374.2644,641.1485,985.7981,1695.8142,1802.955,756.32056,1322.9077,2608.1003,2375.291,1172.7144,1296.8329,2259.5444,2387.1155,1500.9731,1081.0383,2405.3264,4661.8906,2464.5215,907.1921,778.5085,929.6479,827.99567,820.5787,916.317,128.06853,912.11084,582.3755,1092.5272,1812.2621,915.74664,1043.2366,1180.089,1051.4113,1232.9338,72.52519,345.8494,541.7547,170.09401,304.6662,359.18872,958.46216,1485.8535,1251.0994,793.48944,328.4631,130.08426,454.01303,204.03629,311.7993,916.4981,648.6516,386.63812,354.5274,572.5268,881.91705,663.75867,651.94476,152.08128,195.57622,479.18732,365.5817,255.8805,488.9546,555.2898,357.18918,595.5923,459.44403,457.7855,460.79492,838.4432,586.19147,702.6394,382.25342,588.681,241.60458,716.4785,982.66974,1434.5912,1045.2717,241.91911,362.42844,521.02997,178.93842,640.8984,831.41034,178.01935,541.1562,552.1823,480.18628,843.7161,946.61145,840.17505,707.7121,953.03595,398.34036,73.02629,240.22084,249.21562,647.9485,400.68033,445.77496,430.80533,294.5563,40.285835,400.16525,64.99688,274.38028,315.04904,291.9134,501.86252,127.41954,452.0138,1219.392,1078.7456,285.62137,505.50464,447.59177,408.26508,650.2543,368.62213,429.30792,393.1449,620.1775,832.6069,448.59586,783.5431,755.619,789.05896,364.95624,1117.1215,1564.6152,844.4524,326.76865,860.3024,508.37216,726.776,286.9137,297.65802,205.53325,418.179,481.4124,200.2426,398.22995,279.06485,286.9991,296.99677,322.11374,183.00009,320.23325,613.60657,698.4267,498.17462,375.70938,221.8556,227.20596,185.77408,403.12057,287.5636,194.97595,629.39734,605.1316,320.2228,407.2809,244.00438,82.97112,271.9166,516.3839,552.2366,519.0555,494.55716,463.13474,422.0461,722.6316,512.1541,280.95978,252.78732,426.6738,142.03073,403.77094,429.75616,315.5174,579.0641,1063.8206,732.3892,666.9164,928.60205,1283.6208,842.16504,557.7661,686.8343,815.7052,490.6444,164.37442,541.24335,903.51965,316.67075,220.13527,140.8958,515.8984,614.903,610.7361,347.96252,583.577,537.6781,520.6515,620.4384,369.41345,350.69608,691.35535,467.65936,227.58551,653.8814,739.82965,871.6161,797.0962,159.7309,294.9982,243.44798,314.56293,409.01437,575.3434,622.6543,509.28134,98.45955,442.2729,362.74838,361.8278,582.9494,962.36707,813.4821,82.887405,822.0339,772.79297,792.5704,348.27057,552.96875,Desktop Computer,$Whiteboard$Printer$Phone$Shredder$Google Home$Desktop Computer
568044.0,242334.28,8104.563,6260.4126,1716.7015,1278.9862,3370.2405,5452.007,3284.3425,3692.8335,3915.263,12424.119,58836.875,46612.49,946.05786,4921.8867,917.9461,3110.1768,616.5656,2521.9446,2242.5486,1383.6707,2012.9417,1429.9133,706.3516,3670.4255,2392.9587,2386.4873,1012.65045,1629.6182,616.5133,475.5192,1459.4517,1377.9178,1797.9298,1798.3964,2101.5852,3690.966,1804.6918,1499.5509,719.99036,394.74548,1366.2173,1354.6691,789.6408,1715.1631,586.9128,585.69763,526.5559,1461.8103,1437.4651,332.89752,525.1631,987.8774,1249.8802,155.74718,562.6449,567.56696,652.6785,496.22925,630.6119,1151.8179,1033.4559,629.40955,876.881,565.1732,773.90643,401.62802,545.5289,319.0769,103.06929,673.151,469.17557,812.3243,779.2843,740.877,1025.5084,935.692,656.48285,264.11276,548.55237,692.98193,581.9377,566.2853,117.40193,347.8726,75.25772,647.48535,771.7914,209.57178,679.70087,181.2543,764.6454,296.5276,171.43552,540.4692,886.4734,526.12616,509.91818,706.0483,624.95435,1274.0137,680.5672,845.798,982.5329,887.98035,562.3489,594.5402,583.06604,430.96774,182.9124,644.3599,697.0775,275.0133,886.2268,563.4557,450.30582,562.45966,842.1634,611.06104,699.823,370.9973,202.37505,220.34367,437.19296,764.5226,381.85162,95.85901,70.778046,639.0046,1272.0563,1254.8425,617.9862,92.530655,409.31772,391.144,153.22704,374.61758,171.95871,655.7251,810.47485,571.3396,314.16064,496.25623,568.9015,409.41757,447.77582,333.54614,543.04834,772.18427,671.16394,965.9721,487.49918,658.89813,569.5888,495.40817,633.3826,1237.1794,513.3455,267.33957,225.17485,146.46645,294.6741,260.2617,479.17102,340.55502,624.37714,635.96783,368.02695,449.49466,386.90518,416.79294,492.1331,716.171,325.21652,272.75693,446.32617,118.88689,355.54996,526.0391,620.86487,331.12244,314.35327,265.49585,324.95746,302.0684,638.0978,284.65918,393.63556,575.5113,104.00361,392.45547,432.7284,180.01254,207.76137,300.46637,652.1267,509.18304,373.27927,489.3218,356.0413,321.9043,559.68353,958.672,1146.9628,1201.8743,564.8723,1403.499,892.57855,681.20197,1014.04144,999.5956,421.53275,195.44438,156.80408,426.0851,576.5514,132.2241,311.92935,210.9387,576.286,735.25574,616.8859,637.2879,859.6273,642.3523,302.9954,777.8643,514.4909,207.58421,251.40686,413.9353,754.6338,487.01724,439.59488,576.99554,523.2093,697.8152,619.8644,88.37131,587.2387,864.24713,699.55804,256.62,242.65425,179.08493,410.82074,803.5976,701.3062,241.9907,674.1719,829.77136,436.33972,242.75154,443.4808,408.57465,903.5,Desktop Computer,$Whiteboard$Printer$Phone$Shredder$Google Home$Desktop Computer
567794.75,241855.64,7369.901,6958.5625,1048.1772,4142.6245,2766.5303,778.33075,3363.1902,7243.3447,5753.1445,10879.919,58104.01,44646.81,3571.316,6001.8276,4048.293,2919.7139,1094.9153,849.5604,1647.3191,1048.2848,1187.1803,591.1191,2797.4585,2485.0623,1798.4172,1472.784,481.80267,999.0104,900.3703,578.31213,416.09183,418.21478,509.4973,465.98618,1995.8517,3894.7888,1721.3379,610.78894,370.7561,299.07855,948.05634,1424.8462,285.6658,1161.2405,1301.1261,1124.82,373.516,124.635254,385.35938,233.74611,1350.1355,2710.7224,1876.5929,262.36313,773.7803,895.22577,872.5821,991.82465,673.5397,1315.1,1637.7996,1289.837,306.74915,834.2428,1531.8385,830.9837,489.42282,670.32904,932.71094,882.5862,827.68585,339.21457,1117.0696,1970.508,2133.554,1051.9854,357.98892,848.68805,801.11035,546.98737,377.339,321.8612,380.97858,486.72162,211.61508,627.11725,17.392578,530.90265,285.64444,630.17554,1022.5997,953.2271,267.21985,544.92365,445.33655,605.30035,804.2127,1463.6062,584.8587,145.95912,695.6411,662.2818,271.99307,235.5553,552.35156,412.7049,534.1584,449.04282,586.80585,1098.0076,1319.9723,758.11066,659.7699,692.40906,696.031,1248.6909,589.5683,825.534,729.2207,367.84564,331.0568,366.0937,575.879,822.2411,156.8272,458.08405,1120.333,691.0778,607.02985,481.2984,687.09906,981.4068,999.112,543.88385,348.05072,720.1664,613.27875,283.6117,406.29214,212.70953,187.2216,587.46924,1064.762,1270.5819,1249.6718,771.4173,614.8494,325.24734,867.4261,1572.83,1080.4037,170.08372,278.76697,588.33856,726.8097,161.55267,518.4819,224.29857,329.7792,385.43646,633.6541,517.1885,78.753685,770.3524,1164.2789,958.16266,783.3754,701.371,285.02026,455.32568,257.05615,713.52954,1170.0297,432.14468,388.3954,496.68356,553.37726,767.06726,643.05145,755.2152,609.10333,467.1088,888.6167,353.76312,189.2948,653.46326,908.7504,280.02936,705.0915,85.23554,661.39343,239.38895,430.9351,651.91455,694.00653,661.91315,511.68045,294.9448,478.2541,523.44946,848.3532,982.86053,418.83636,552.52216,803.72797,1157.599,759.74115,547.28546,419.6837,698.3137,577.947,198.90256,437.0823,418.5514,539.7386,364.5494,329.85782,596.539,632.2051,282.25638,273.12735,285.63263,253.00044,575.46735,675.38995,67.09997,116.548134,534.73,588.2716,554.0865,476.3679,597.7217,388.4287,34.03503,242.48495,472.17032,237.81929,457.41666,397.4723,397.35608,834.4197,635.3011,283.52664,174.95541,561.189,131.3333,629.243,594.4209,440.48343,731.6208,345.55096,440.07162,210.27101,383.69388,127.0,Desktop Computer,$Whiteboard$Printer$Phone$Shredder$Google Home$Desktop Computer
567446.0,243398.4,4202.754,10039.26,3429.1426,3733.878,5420.0103,2476.1902,2206.3909,1309.5455,425.37146,12414.598,56223.266,41578.035,2619.2515,4434.2573,3109.9697,2653.5527,3881.883,2785.2405,456.62363,2728.8274,2235.6016,1300.4471,1143.5787,2335.2256,2231.2346,1386.9865,697.50977,1798.7786,1485.87,570.84033,111.67539,323.40692,1546.4377,1576.6425,1676.8102,4338.5835,2206.91,621.8442,233.00647,929.60724,641.29236,822.6923,785.00964,1008.5362,771.5996,1064.3014,1213.1115,572.74976,325.5423,585.15796,1455.3394,2524.9429,1050.233,560.8574,115.63152,171.07571,365.70877,1366.7,1746.1656,1369.169,1484.0575,1126.2527,191.71991,235.927,1106.2567,1650.709,1497.8208,1303.2405,1381.2183,1043.6396,549.1295,904.4541,1539.5564,1442.6232,950.1996,604.9171,1005.2904,885.2719,1118.3425,749.26953,656.5533,634.99615,518.75836,736.1146,1034.3612,936.8057,617.8161,284.1143,423.45016,747.8388,884.055,751.1812,546.23926,247.04283,421.89603,638.1351,1361.8611,1703.6143,736.0096,583.87616,565.40015,580.59576,465.45566,528.5191,741.7404,763.1476,553.9108,556.53723,640.75586,513.1035,569.2921,1136.8984,796.0838,590.8345,490.02322,709.8949,288.43738,795.59705,409.80206,105.55039,523.2614,618.36414,801.9798,127.62105,279.81857,348.7684,481.5715,1228.5244,903.72833,1177.3182,1567.6539,1390.4755,1334.2158,460.20416,376.24496,983.75696,1188.6371,1425.3804,1128.2634,692.7848,676.8673,780.5034,557.41974,209.80914,502.81134,972.14594,402.78094,819.00995,1356.6998,822.5768,1338.4402,635.24554,618.23175,763.6114,701.8923,823.0701,671.2916,463.2889,336.793,560.48035,689.9374,589.77716,333.53345,490.57977,93.21199,757.07587,463.07693,686.54694,436.4575,332.48117,514.55945,306.62866,878.7081,723.39886,671.0725,359.09436,382.47565,679.715,231.67009,797.3704,645.9332,448.9279,413.28604,223.41481,420.77896,447.78687,567.83716,309.09296,567.67786,642.5977,222.69281,428.96576,186.51051,477.7332,694.6971,216.52702,542.0491,747.14667,591.915,396.02206,283.97488,425.4352,681.261,362.2249,320.51624,887.4294,965.38556,820.0523,980.9363,859.0076,12.282765,274.24118,200.59279,141.31444,366.7249,171.53215,653.4476,732.5285,750.46204,708.6489,300.46124,424.37994,561.6483,228.66211,370.1445,65.67484,257.92166,488.34924,286.35107,122.28865,321.79425,181.47011,273.89136,411.1916,130.82913,333.6967,241.37599,243.55002,125.98071,26.363977,164.16194,274.1321,427.58035,268.76443,193.82329,192.58047,175.70607,129.7315,558.5465,893.98785,736.53754,274.09436,182.0281,448.27026,91.71875,Desktop Computer,$Whiteboard$Printer$Phone$Shredder$Google Home$Desktop Computer
565300.25,240979.48,7764.7036,15122.51,5365.5664,3434.017,4322.633,1365.1191,222.19577,2838.5244,5087.108,15616.537,59853.266,46316.734,2401.1216,3630.9597,913.6266,1759.5526,2395.674,2412.6978,823.53503,1814.7955,3022.2153,723.6976,1565.168,691.0223,242.39233,73.00046,121.84825,1319.3602,721.4537,1076.9467,1432.496,1222.7375,610.60815,484.6449,2408.0063,4659.828,1942.3182,1490.3811,1193.0103,703.56665,1106.9141,559.6413,572.22974,221.28482,220.65656,727.6968,1444.7526,980.88007,981.6869,234.91486,445.68628,1188.7408,812.1221,888.9824,1017.9743,224.94218,546.56055,244.97595,250.88649,660.00415,1025.4692,1182.1462,1010.1125,545.0783,310.69672,117.702446,377.6588,402.77542,305.43378,664.71893,332.62552,448.0782,905.59015,223.50633,253.43231,89.009796,241.9605,373.49136,545.346,285.57382,185.42201,703.4254,264.30084,617.60583,735.8724,604.163,516.3055,212.28236,273.49826,406.17557,340.8239,675.847,398.0045,641.1867,1048.5343,626.3466,694.16736,1432.5007,1255.5094,685.0061,782.10583,579.22784,464.92307,323.27264,723.06256,1089.0144,1025.5994,613.155,815.22675,544.51984,652.6673,831.32874,773.3248,470.03998,222.53474,239.93959,585.2717,669.09015,248.03452,400.91983,402.8968,754.02985,1120.6534,709.02014,889.17834,550.86255,19.075426,516.1462,596.5309,764.80646,1050.2035,873.47296,1329.4935,708.67804,229.41856,102.667274,329.35422,207.91241,223.98293,175.05933,344.43967,600.48224,303.17294,417.7705,588.79156,294.2141,372.0352,236.96451,763.9861,392.5773,809.7778,653.0326,709.4431,507.89774,301.8062,216.74634,337.39816,471.13928,59.636414,217.30403,14.898738,571.02234,726.5363,542.29126,529.80914,610.7551,287.19272,185.49652,200.7127,318.61545,263.3651,443.3193,127.59488,471.36185,526.9071,390.36438,521.9736,477.30267,180.81279,278.78293,719.44586,524.49316,318.5433,594.404,460.65643,263.9243,319.3202,326.3168,694.288,657.0759,237.32245,452.92053,229.07053,395.73315,573.7244,211.02565,303.34155,375.233,677.3796,470.2523,696.34973,715.5675,681.7375,499.3075,809.00525,1607.9308,786.193,856.6754,844.92035,815.78906,293.11392,1123.7476,937.4996,783.0892,1420.6484,976.7728,715.99524,943.511,423.18546,129.1044,158.96167,517.3745,695.53015,720.04047,633.22046,373.60757,429.28455,201.24998,117.9383,318.64957,529.7011,531.77136,249.26431,522.56586,332.01352,711.7657,749.5965,426.33466,638.9052,451.81094,197.84866,371.24982,595.21924,576.1985,624.8064,540.9822,567.9838,817.68036,680.05316,922.6432,1134.0497,487.84387,281.2797,183.05855,362.03125,Desktop Computer,$Whiteboard$Printer$Phone$Shredder$Google Home$Desktop Computer
567698.75,241862.0,9697.45,8485.9795,6847.8296,2077.488,2177.105,4982.376,5756.39,4285.337,3547.6704,11993.471,60697.47,50088.41,6587.141,4211.5767,1797.7288,1739.7474,993.8961,1566.1938,2365.1506,917.1908,1609.0192,731.854,1378.0938,2345.3577,1310.9122,644.0953,790.9446,1766.4785,2168.1604,619.5281,1359.8893,1022.85657,430.94592,267.4572,2238.3962,4876.4395,1689.8231,979.2369,1874.2961,591.6245,1026.5992,1485.5784,630.7261,645.04944,1045.5609,691.54175,191.37773,668.56226,763.5981,601.9667,1145.006,1383.8263,387.68298,764.3476,1116.4548,811.0193,582.2205,685.47327,814.3063,1394.5176,1100.348,508.2534,313.87228,120.67884,154.74596,167.73837,392.01193,424.85452,574.3953,400.74905,418.15768,20.67892,1010.06006,1437.8536,781.5122,182.32906,531.76337,870.5659,453.9693,506.68402,372.45804,936.5695,1384.4875,613.4158,190.62143,251.07323,710.0617,1338.973,1167.8662,446.3259,452.553,700.7087,427.61597,749.0892,704.81885,184.31123,362.08026,482.3909,119.0705,415.78918,661.4124,451.02386,664.43365,989.05054,686.85443,355.59296,466.80188,293.53265,441.72433,834.28284,487.34766,154.23709,372.53055,469.82385,272.6056,283.8977,460.6195,926.54205,394.7373,308.72998,226.22324,301.33215,491.71808,317.03232,808.81335,270.18192,775.6358,898.30835,459.1463,782.4453,1150.6188,1352.8478,1328.8746,485.59372,895.37415,464.14825,393.4523,468.37027,297.80212,551.5363,360.72638,348.6184,1097.9026,1139.5339,707.08923,376.95615,450.87216,381.56342,754.22974,1578.2914,1415.2432,711.2901,359.18637,742.5447,729.2312,659.438,1000.93,675.6943,333.9338,344.67355,111.73367,182.09132,88.76606,968.1635,1231.2603,656.1313,347.00763,779.7975,743.47034,558.2026,254.12073,500.21097,525.9067,125.10042,475.1751,279.15314,1004.93567,787.4636,187.77217,744.60754,556.232,583.141,593.9395,572.8054,456.1338,470.6769,468.7553,599.5129,736.34283,667.4936,352.6377,832.3835,1002.6179,589.33673,428.31967,235.90607,368.72675,830.32385,825.3964,493.4634,528.9992,574.4838,911.26764,1064.7996,661.88654,950.64185,910.6741,576.644,343.6251,959.40216,1789.8406,745.31915,817.98975,936.70636,439.24942,657.49677,804.7653,297.6039,275.9824,289.64844,592.5984,701.4303,668.6738,672.71216,807.3004,1062.9602,622.7092,364.84818,192.48439,189.08809,240.77313,627.0097,859.6073,542.7225,404.83362,719.51,335.87903,631.4617,578.6599,681.37616,715.29974,315.94504,261.50262,468.6873,422.81375,161.18156,485.39468,235.09077,125.56701,448.51978,972.4981,696.102,462.23358,865.27527,664.125,Desktop Computer,$Whiteboard$Printer$Phone$Shredder$Google Home$Desktop Computer
567887.0,242639.48,4809.13,10105.979,4713.5767,2042.8658,1368.9316,1856.2119,5792.567,6680.693,7065.7114,15811.204,62291.688,47098.348,5335.8276,4452.306,1492.1489,1160.107,1391.4916,2787.6135,3421.9724,2855.1755,1399.4128,2056.9932,1767.3245,1253.4326,920.535,693.8275,823.5199,1354.5728,1258.3939,961.24927,2187.1816,889.8889,835.67426,568.8905,865.3809,4264.899,1744.0013,647.48956,676.10706,633.73865,977.80884,1244.8464,961.7822,889.87555,1055.826,578.7626,283.7873,920.85785,599.41003,487.02032,811.0984,946.9072,785.91754,496.71698,1083.1976,778.5198,682.4098,873.7973,847.5556,631.67523,788.4617,638.32135,477.47375,435.2656,344.93472,464.92612,973.96674,1471.947,1405.1803,1429.4625,500.3692,686.0056,997.454,1035.3247,1256.3939,535.9399,545.2926,132.01608,739.3357,167.10454,800.44836,498.9614,623.03937,935.1077,465.12427,613.6224,396.1165,693.2497,571.5615,172.67555,138.76524,677.8892,439.04065,531.10944,740.2672,384.3393,885.4595,711.8839,570.3553,354.7813,173.24814,583.7147,643.3478,510.60263,810.98846,276.52292,308.85876,362.47656,963.92725,744.7628,291.0659,189.6613,744.3534,519.9685,298.59454,501.2568,455.49295,600.26355,466.7041,584.58453,668.8147,675.2905,550.3495,247.92204,1006.3041,591.20026,295.8333,378.0236,541.9406,775.0211,147.26874,236.20937,737.95953,589.2752,842.05695,409.28152,232.25854,809.8298,786.65027,689.6349,443.23114,427.21445,601.1228,737.1331,658.40594,437.28616,339.53268,416.09433,814.3158,1068.2195,403.7936,507.9355,101.74104,765.8215,1068.6521,526.9168,120.73257,476.17435,375.2907,107.83232,607.0195,774.68146,868.03357,229.17549,859.695,715.66583,696.3159,470.36234,537.5584,296.68842,471.84927,755.90796,832.0145,1099.7048,598.4138,67.86521,327.76105,534.2725,390.84845,866.8439,295.57166,758.2972,551.37054,902.4499,1337.9596,1069.2144,567.6246,714.70514,290.50803,767.54694,229.3614,509.0537,828.41705,345.64566,490.95737,305.61646,385.45816,965.86743,469.55426,923.0399,870.90125,387.29962,204.69319,295.16196,442.30722,704.0658,313.51096,413.50952,667.9164,385.56378,300.12573,595.5871,602.9561,150.24179,345.07938,638.0145,759.54285,304.37668,172.68697,352.09586,474.21225,482.8956,680.06616,789.8611,353.96075,361.01883,807.4729,226.17253,298.4522,293.793,483.01157,628.9475,504.8121,151.78258,636.533,275.1889,627.9345,372.905,370.0589,237.48883,351.5961,806.47217,549.49963,930.98846,659.6028,765.4581,696.85596,523.01263,461.37256,571.32324,967.9405,936.69006,1186.3761,269.87253,568.125,Desktop Computer,$Whiteboard$Printer$Phone$Shredder$Google Home$Desktop Computer
568169.75,244937.84,10694.794,8054.322,5831.851,3815.9985,2193.782,2959.1248,7025.4766,7322.1855,5015.8647,13577.255,61478.23,47808.324,3158.3933,4665.025,3886.9363,860.98145,2224.7363,2410.182,3096.8813,2281.202,1087.7145,1280.0981,1093.0181,2889.4688,1160.3108,441.71838,572.8344,1208.6042,1042.5807,1457.7472,977.2928,1211.7263,350.53317,973.5705,1143.3839,3919.4062,2449.9958,193.13885,607.7908,786.3906,1283.6183,825.15216,941.72217,1391.7517,824.7568,733.19403,646.815,297.85886,573.53516,1031.8264,2038.3214,1572.5354,802.7145,643.2814,440.36636,316.32248,597.4802,844.65247,158.66107,157.08463,346.84268,303.26706,193.09007,65.182846,231.575,597.16956,320.50784,503.9701,492.1377,441.0066,638.587,108.60214,1304.4691,411.98563,329.9147,649.89276,409.80917,145.4145,312.1352,918.9042,278.2457,666.61395,484.38138,202.03867,295.1057,770.29,375.99573,513.15137,696.32166,350.84372,336.65042,801.16187,1198.2878,687.48895,255.88286,616.3781,910.1401,184.55379,867.9816,835.85266,571.2166,677.5455,193.48207,405.62717,136.18933,413.04703,423.24643,393.22824,574.71265,173.94308,176.4059,292.796,868.93353,983.8242,950.2653,686.90643,404.55643,422.45346,274.18683,439.5422,161.99417,340.7821,546.16895,334.87268,317.68146,432.21976,66.3328,289.3983,526.9409,269.43942,377.4886,897.558,1351.2781,212.55591,619.8737,387.4394,705.6942,522.011,66.16555,94.32141,67.666306,569.1737,467.96628,405.37817,265.87155,472.1221,477.43045,398.238,270.28827,490.6739,537.90094,146.02478,530.29596,430.5201,170.87521,449.5404,345.2848,35.520287,57.575195,372.92035,295.27884,208.74594,440.4911,454.83185,238.45804,208.50797,404.0411,338.65802,213.58559,80.34226,376.8546,641.6988,459.85345,392.77716,417.1108,250.69919,377.2376,165.7474,278.3238,900.2546,866.98285,124.26146,460.79187,307.70822,188.45007,607.3765,520.26495,291.155,603.36316,209.7741,636.4671,621.14417,724.59894,305.26904,250.67213,516.2152,200.53975,202.44922,478.57632,495.94727,634.51,71.21873,218.68732,184.36252,467.52322,672.85175,864.44556,165.78633,323.38998,123.987595,316.50357,413.03555,463.43976,449.31207,379.8949,267.27814,816.7606,299.09882,235.22346,446.12177,533.7649,373.49542,325.9216,295.17282,168.69225,361.46268,488.24353,362.29047,129.67065,150.00893,123.80332,554.40466,168.3025,585.8735,169.59372,440.0627,292.25925,859.07904,559.1379,486.91687,540.7117,548.77466,334.45053,512.45123,564.23364,440.93256,253.52504,561.09674,592.81055,427.88474,1082.6265,196.96133,352.5412,380.01004,991.75,Desktop Computer,$Whiteboard$Printer$Phone$Shredder$Google Home$Desktop Computer
568531.56,243283.52,7747.1484,15071.715,6273.892,1370.3501,4136.8955,2457.1187,1781.6478,4762.692,6781.559,7624.749,57337.246,44109.35,2688.7578,2689.8887,1162.0607,1789.3397,2193.745,1681.743,1304.7048,1414.0968,2553.3848,1504.1741,1052.0419,2089.1538,345.60205,1386.3676,1728.7179,933.3894,866.7382,567.378,1860.6315,1609.4916,1801.3517,1997.4098,2814.602,4745.409,1605.3782,944.5319,1025.632,664.35925,532.7591,260.6449,351.02332,1102.8318,894.73865,205.65268,43.711945,733.6919,987.51263,921.8384,439.16034,1045.7236,881.85004,59.00525,470.75305,1206.2891,1171.3192,770.40015,1499.6421,1049.5283,610.7775,448.3554,974.0584,507.1604,384.89404,809.18097,198.94621,346.7277,615.5766,810.42566,332.79196,746.38544,1368.1509,1018.15405,772.8574,476.8554,299.7082,792.8921,874.36285,481.26108,442.39456,786.88226,765.869,396.2445,245.93294,288.69818,456.57477,989.3392,528.2821,345.95132,354.42722,726.37054,389.97467,271.67365,281.00696,335.63907,705.5963,887.05164,1461.6624,661.1044,171.53949,774.4848,584.325,308.91226,426.91537,399.8753,677.53864,483.38144,160.1585,540.13007,639.06995,504.94537,318.81046,432.90854,205.78773,285.22015,304.36813,443.52942,540.0718,381.00958,186.92207,127.76144,768.2776,575.582,585.00397,521.55786,256.8363,501.00586,482.72867,61.37474,565.07135,1003.88666,1475.5381,413.94443,1298.2572,1402.2255,1204.37,428.5616,478.53445,238.0035,558.1168,573.456,388.3438,757.58276,867.4751,609.3007,430.4015,307.39917,442.1869,699.78815,791.2867,226.40894,610.7028,701.0265,728.82666,932.07556,464.4447,144.38507,153.22784,85.06544,376.98416,353.77176,101.78284,278.0994,247.34738,453.68643,962.5906,692.2845,489.8171,857.34436,631.3001,818.3927,388.33594,454.2752,584.8078,879.95447,371.30377,351.11438,228.85323,510.8203,895.33685,703.6111,653.98773,473.53302,761.595,681.8147,188.6838,172.01048,470.43704,584.2573,429.14728,568.7499,107.167465,167.31133,58.70232,256.8739,862.96094,806.32965,145.32893,575.1698,642.6645,505.7597,1243.8125,1116.9957,497.66492,398.14822,594.1253,284.91937,381.0348,242.09209,268.39758,652.45636,771.04553,558.50934,213.67128,51.2896,409.02878,250.54204,423.959,267.41864,285.71204,144.6562,425.28265,486.9801,438.14166,317.4866,148.17754,96.47898,127.07474,429.113,384.74472,540.0083,564.38855,119.28979,474.32452,164.17693,139.9402,821.05347,830.3394,160.55707,228.81395,95.665344,340.39297,505.10913,289.5487,170.9267,536.60657,490.9677,290.9921,888.811,445.7465,411.1028,620.5379,861.57306,342.0625,Desktop Computer,$Whiteboard$Printer$Phone$Shredder$Google Home$Desktop Computer
567051.0,238249.89,12404.193,13010.819,2695.027,1834.057,3612.755,6021.553,7201.7197,2679.4583,1759.7001,15289.218,62182.91,49475.293,6591.8696,3878.4268,1084.551,649.75366,727.0046,1434.3866,1567.7548,137.90826,431.05493,1642.046,1893.3881,1417.0138,284.63287,1021.11115,1035.9886,911.71686,877.9103,1356.2166,1829.3547,509.51166,855.841,205.77374,2266.2427,5028.3936,3460.2278,1273.9884,63.181892,507.55084,954.41296,1039.5128,896.99615,1177.4215,458.60184,76.36432,336.51102,756.1593,634.90137,90.37449,1071.8291,1529.0598,960.9061,433.2383,379.32184,294.43097,926.8599,453.59174,740.1539,550.9212,1069.2301,1283.8951,1263.1947,435.57523,780.3846,1191.6581,1113.8922,780.743,591.67725,840.70807,1043.2484,756.842,17.63468,579.6524,260.81912,409.2152,469.57584,1065.9832,1205.252,1102.9639,275.65372,213.37776,462.58432,995.38904,1060.835,1041.7351,582.5736,335.10645,478.26816,133.81555,345.88885,671.56335,1188.7435,345.38544,626.04474,714.80945,591.4089,682.3223,1266.0244,205.4407,442.68927,482.80194,328.67496,674.8626,570.68463,294.5379,562.54816,525.37915,285.88895,214.39642,204.51276,502.689,563.21606,695.6597,725.83923,628.4269,398.5572,537.88916,379.26846,322.92126,404.0069,462.83206,757.49255,291.29285,544.78864,355.80698,360.1686,285.22635,122.22469,474.06656,538.6263,439.5603,1083.3917,904.7698,1014.8311,449.9221,166.11897,604.37396,443.33038,630.3484,983.58936,644.21466,513.14014,660.67096,881.57947,614.64703,625.64874,460.77124,230.6008,162.54216,83.59101,186.05258,580.6825,431.99066,363.51666,637.77246,446.0762,378.53967,317.27383,184.42833,260.60382,428.1281,349.10077,325.64807,366.6788,239.2698,191.03879,554.577,461.02634,754.41315,297.77338,455.41574,736.72546,509.9345,617.91785,734.4659,679.8442,506.4506,278.9432,150.61032,584.533,753.20807,752.3536,890.3637,755.9112,114.668434,286.66406,491.26785,567.3726,338.41425,632.1988,803.6605,321.59314,67.625694,109.96586,345.33945,69.24541,795.01587,852.6572,546.3712,167.97032,305.89996,731.43414,306.18198,782.05536,926.53876,659.2074,232.9194,579.8258,641.6807,380.60706,534.1533,591.9277,599.9199,614.14044,537.8152,269.1132,629.39764,447.46194,287.36093,91.687065,290.36157,404.95377,42.793625,440.0098,201.04408,368.47272,725.42755,573.96344,255.2326,302.95636,332.45108,320.77005,486.9985,658.9032,359.79904,316.57217,272.74738,334.0463,279.72003,201.67982,188.03065,683.7732,439.54355,309.18936,47.64218,126.02326,180.07336,50.331593,471.98755,484.53812,240.68231,274.6796,789.9301,1242.8438,Desktop Computer,$Whiteboard$Printer$Phone$Shredder$Google Home$Desktop Computer
568308.56,243152.31,4106.5913,5914.4414,7871.829,5239.0483,2974.8896,3032.2344,4764.8374,6121.806,7145.2085,17000.582,61178.82,45442.105,1077.7188,5713.9976,4241.483,1177.76,1012.34595,1354.9192,1327.5083,2516.4028,2376.7734,2964.7852,1089.7456,1118.977,1017.3454,1796.1439,1222.7925,225.76683,392.25537,1024.5759,2086.3179,1171.8684,327.44153,1399.0012,1651.5294,3907.5684,2785.638,2047.0046,1107.6576,382.2595,79.918686,653.05054,239.33324,882.3794,1236.7999,984.31866,878.05145,1330.7719,505.77982,1091.7772,555.40717,2027.5013,2192.4666,773.8626,1036.9507,975.9803,173.68628,1406.3064,1261.4451,1427.5443,339.60815,348.69666,460.80856,676.0416,390.7924,336.4372,418.90933,667.7425,816.42096,1058.681,618.90515,1079.4353,927.7922,548.58673,312.52017,391.6625,221.71262,1337.4971,1038.5256,312.97195,687.0544,516.9153,608.0873,914.9738,143.97873,536.1255,273.8363,71.66751,1013.10614,810.8148,344.60025,741.2511,509.57407,836.4428,1228.9364,640.7139,480.07428,792.8655,934.3423,312.51248,542.19086,496.05408,312.09824,463.7753,183.00186,107.47467,13.420843,301.004,467.30466,540.32666,413.93365,343.83218,407.48206,211.94054,592.52716,158.81944,293.74725,418.07236,341.11996,205.57289,459.4623,633.31104,694.4454,735.3833,694.33545,485.5252,291.59106,251.52872,442.76758,555.14526,553.94257,46.92503,330.3143,639.44037,711.8061,334.19315,976.0789,999.27075,584.0133,173.41646,457.44208,276.0409,141.20023,78.23496,576.35284,428.53662,215.45575,326.6853,219.90552,357.56015,561.32574,315.32495,457.2449,183.51753,541.10345,96.14954,246.0909,251.42752,338.49484,509.13437,261.295,333.38626,766.836,610.798,523.9298,728.80194,378.39258,635.496,368.20908,537.26764,593.4126,338.7373,413.36612,529.7787,127.98492,772.50415,760.8676,310.12857,813.26056,753.5675,305.81796,615.0135,297.03223,274.81693,130.89813,536.6935,291.74155,147.4893,572.66675,537.20264,487.66623,559.74774,124.75265,170.68208,347.94165,96.30919,361.83142,628.1301,855.94025,566.99817,971.1016,335.34192,1074.1897,1353.6771,1138.6244,648.1822,943.10474,1057.805,569.4285,291.77576,289.3997,522.381,238.27644,295.63666,206.58784,102.68774,268.47803,690.11035,228.98775,187.00687,600.2763,705.26984,287.82648,179.61383,295.74252,446.6932,410.57986,49.728607,606.5599,586.076,523.5685,62.72214,380.3036,617.95233,145.98619,193.0885,240.65814,182.06587,248.36278,361.20984,361.95145,514.8623,220.81546,653.3218,452.15335,136.1918,234.60507,354.59045,243.45468,241.40785,157.23178,368.91843,696.56433,529.3829,165.3125,Desktop Computer,$Whiteboard$Printer$Phone$Shredder$Google Home$Desktop Computer
565541.3,242899.39,6747.328,12186.309,3527.5098,5982.4937,8548.489,2617.7717,2537.8125,2487.004,3100.2078,18829.19,64288.48,48507.05,4348.7476,3548.6428,1892.0935,613.4703,2286.529,3850.5488,1888.7172,1406.3431,475.6252,855.8289,319.7075,1725.4917,1484.0348,1233.3654,1266.2135,1471.0856,440.20367,1174.8003,680.0252,1059.1965,2185.614,1257.2189,1839.7853,4137.879,1264.1638,366.27618,628.5545,891.31573,329.5517,176.19344,385.1881,666.1349,1088.3698,474.29947,855.3694,932.9285,914.23425,219.2398,726.10834,1068.405,368.01788,697.58734,174.792,680.1514,1080.2626,703.90173,680.7611,590.4387,1124.0715,603.6909,520.79926,603.3121,601.86285,518.6778,273.01462,503.7984,685.3505,280.7217,251.9924,452.71887,538.608,576.14655,611.00275,1068.9186,1320.1609,718.12366,534.7777,536.74133,426.89124,1234.7295,970.15466,455.44565,368.37274,53.98244,745.2715,661.19147,278.67026,725.02734,869.3924,277.72522,751.75543,492.48538,661.36676,962.659,561.9729,1109.3024,675.83295,243.7393,519.706,490.79138,537.69244,842.9509,828.1182,450.28696,468.63235,596.872,608.391,538.5538,513.4962,427.05878,46.458904,552.97473,445.78745,633.5822,529.13745,166.47487,475.16196,496.3669,344.04398,352.95047,191.67201,702.3108,682.50397,395.335,622.7392,654.35864,563.56226,417.3899,462.5334,564.3373,693.0683,43.825985,451.22076,711.9681,249.23639,486.62802,354.85764,519.96826,533.1242,429.11057,675.79865,195.04057,535.8333,555.9146,313.17194,167.63359,335.76688,741.01666,905.42694,402.9407,299.4171,387.86008,603.6534,364.41483,472.934,443.1593,287.951,190.9193,132.43192,501.45602,83.147354,556.9083,557.1624,230.45326,312.3544,673.7089,798.7595,219.9272,583.4116,659.2413,889.33594,711.52637,251.57,659.3362,176.58946,357.26138,832.4616,763.9311,528.153,692.9239,218.53137,207.42702,544.26544,279.78683,276.1741,111.9374,871.6516,623.792,488.3714,942.70123,696.5357,558.0059,287.68436,105.024956,279.54962,554.9403,953.97614,844.55566,356.96097,1006.09045,754.7546,549.6648,1707.0879,1259.6311,1437.2906,983.46106,385.7281,258.94296,272.38055,653.3222,861.0145,658.2091,717.4495,278.91995,175.615,466.34656,655.1831,813.15283,226.0889,717.7562,282.6089,293.10248,452.8142,206.11203,127.35369,654.1455,817.7614,724.0741,181.85237,242.54643,382.37686,893.16534,1059.2717,587.00226,568.94977,433.56335,199.24982,427.8169,736.9768,531.34174,275.4316,503.52716,147.56757,145.93752,274.7382,463.4085,342.81284,181.55363,737.23926,1175.9039,495.28824,151.0914,3.5625,Desktop Computer,$Whiteboard$Printer$Phone$Shredder$Google Home$Desktop Computer
567007.56,242916.45,8411.437,17173.207,10122.987,4732.2905,6916.6953,2256.5571,3857.8723,2420.3438,5294.7744,13989.379,60240.617,48333.234,5375.9575,4621.625,2320.2632,2261.976,2645.8918,2295.3918,498.94327,1083.029,1448.9816,1539.246,1800.1901,1358.304,148.17249,1199.73,1317.2299,1546.7546,790.7038,181.24132,752.854,700.12964,1903.0464,1206.3329,601.66296,3308.4739,1376.8234,354.7789,440.54947,956.71313,435.63837,519.82587,708.8858,415.24783,695.3406,1238.5408,231.41806,164.43335,356.50812,416.6711,630.0997,358.99408,841.95026,586.68146,407.66965,656.1045,588.74054,910.8578,437.66003,391.44687,1064.0017,790.6501,427.42334,348.66364,143.292,348.41025,220.9289,210.18124,161.15788,341.9573,452.03143,658.10406,231.65723,215.19102,223.79565,320.87817,373.19022,764.4353,151.34471,124.53979,332.6029,511.93854,295.30606,47.502457,431.74203,804.79395,731.3971,607.2031,422.0748,123.86551,601.2691,410.08203,858.3877,1264.0114,705.7543,772.0639,1064.0743,191.03621,518.2299,543.70795,615.91034,251.99315,211.5841,1000.3054,934.4765,524.30457,490.08286,720.1679,512.3791,231.73367,428.81686,259.0067,303.99765,242.65897,284.3145,292.5198,439.76193,258.2442,307.9982,228.54506,267.5026,88.58513,335.44485,884.78357,568.82227,539.24854,533.6868,424.84988,799.0165,722.18207,502.25684,1469.4607,1661.2302,460.29898,788.6729,156.62401,338.28287,70.2507,160.04767,356.4178,325.60074,308.4532,990.26587,890.74023,326.99612,379.7374,737.3204,510.42377,461.76474,850.4873,814.25305,314.26404,624.3428,592.7748,501.826,602.0638,116.4826,343.33826,211.34065,595.52704,539.9207,746.31354,511.91968,239.51115,96.030846,192.05913,331.474,354.1013,521.69226,127.63227,215.25789,668.35205,722.4728,780.42175,1180.8986,1065.7311,662.3944,492.0393,317.3017,357.4908,556.07153,272.538,469.32065,667.9201,390.70242,973.2637,1061.6016,604.87897,810.66266,928.2197,739.5029,1083.5918,1217.2931,777.5242,636.75525,471.68695,525.8439,959.3304,950.1544,704.7265,217.56554,340.26544,670.1555,626.24457,798.79364,1481.2919,961.0924,908.676,1013.45087,542.2788,879.7706,543.9951,333.71198,843.14026,698.7549,399.63574,200.44788,222.20546,251.57172,330.3427,1091.7513,817.9295,579.6985,490.0661,218.34639,130.63313,477.77844,377.70206,231.24828,459.40906,418.82797,444.01404,95.28196,645.9574,291.68195,338.32922,491.11807,629.22546,509.7139,391.88153,292.6963,249.77136,571.0431,204.25319,372.2597,228.96074,528.16675,880.9774,949.486,1145.0797,456.19678,219.93494,38.87522,424.4146,136.3125,Desktop Computer,$Whiteboard$Printer$Phone$Shredder$Google Home$Desktop Computer
573770.9,246557.33,10993.323,7023.6875,8490.116,10275.484,5047.5645,9469.912,7135.2754,4506.322,6079.152,12770.736,61898.57,44558.1,1500.1605,4034.237,952.95807,1335.8507,1351.6533,1345.6783,565.70966,3468.745,2201.7766,890.60614,2017.9836,627.2686,891.3101,774.62195,938.62885,1794.8506,1200.238,975.1037,1489.6294,414.91772,443.30142,776.64136,2104.9966,4264.5547,1707.7385,354.79727,738.27167,673.5446,1104.6075,1071.1143,1321.1381,1355.8389,1311.9838,907.9467,254.37975,842.1715,781.58563,407.0717,731.6749,170.04805,522.9741,560.61475,443.7526,788.8365,185.45569,371.7474,714.95825,1027.7468,618.7366,685.6056,246.66351,159.20885,490.31445,601.42786,348.95932,869.80963,390.87503,322.45782,747.5948,405.8724,552.2068,650.43805,768.3878,570.924,728.81116,607.87933,426.78857,381.5302,356.57074,507.75333,596.15015,214.53896,309.8762,461.75946,286.8448,399.5575,688.08966,773.3994,600.2756,733.03394,608.5558,458.29016,610.9815,547.4544,436.56177,627.927,613.4902,844.9927,595.32336,385.58887,524.2908,1061.1077,957.4767,531.7398,390.62097,199.03761,628.6408,549.8853,545.93524,368.5225,197.27585,218.2741,127.39846,554.9775,490.6713,450.71347,721.07996,593.658,304.7715,196.83626,276.89963,768.40137,383.20337,50.621296,404.006,559.9035,532.7819,411.1352,269.51273,141.19186,1077.0759,205.9177,949.47925,696.2236,114.29277,618.9021,460.75638,343.16373,343.7107,126.27137,31.42004,784.89624,703.9201,177.55176,586.4129,831.75397,730.17456,308.87543,776.68933,617.76324,362.58838,402.0802,186.9491,433.14224,295.0594,849.9263,871.39417,525.2051,283.98312,396.5721,518.8367,577.9193,639.77484,14.021903,433.2944,381.45792,252.9095,133.8979,476.85355,640.6627,802.05707,840.9037,417.19653,648.20337,481.88486,783.5187,969.7727,252.16185,708.192,738.4944,68.35232,303.92694,589.0143,339.2508,393.91833,292.54276,460.6465,552.93744,15.523078,261.89108,167.8143,697.1178,414.028,449.28442,731.9743,670.5205,611.59393,729.0067,704.7089,426.11902,843.86884,322.6408,817.8201,870.05865,228.47098,565.2007,367.06134,276.4083,284.98434,775.5731,156.33896,351.60074,561.6451,338.4024,182.91919,752.0105,776.1605,77.770645,698.3884,344.77734,696.6323,608.99536,239.0133,147.84782,471.4647,309.49487,215.46147,583.2933,990.95355,482.19296,354.7778,617.24414,351.7968,400.70026,377.86508,323.08618,466.3277,565.4676,672.47534,776.52057,295.4249,575.7416,191.01964,730.9582,630.2393,414.17267,375.23767,1000.5065,1096.4276,627.2987,247.60124,473.76007,547.5625,Desktop Computer,$Whiteboard$Printer$Phone$Shredder$Google Home$Desktop Computer
564864.44,236127.23,9348.025,11582.002,7020.6914,3114.5632,3052.3918,6416.273,12052.782,7835.8965,7361.7075,7811.837,56979.426,47242.168,5353.929,2831.543,2279.4954,489.97266,1469.4772,2856.9163,1799.4248,1944.6984,2564.7732,764.9433,2647.0754,2263.3687,1064.2662,1361.8431,1283.5461,1558.9076,1185.1425,1494.3811,1417.0027,973.8663,1104.0645,836.3233,1876.534,5151.657,2688.6396,514.14215,1152.4011,1079.468,432.3404,189.12267,297.20184,573.204,966.0837,626.1995,273.33792,1694.8705,1832.6298,771.2094,470.09735,643.79175,911.7512,367.4982,1134.4662,1317.8651,466.79837,294.20724,66.521286,713.4061,1488.8932,1194.2561,938.2825,616.491,635.6117,398.43182,813.32263,1305.72,870.68585,29.004831,525.0727,455.28122,923.35,1114.5808,1363.2637,1111.6018,554.8421,351.38455,820.0056,968.1358,468.2676,178.12025,244.46298,222.94873,210.61516,253.3186,721.9647,572.4526,453.61548,502.35217,656.0032,328.30737,686.11346,550.64996,231.47026,281.9099,711.9753,1298.0145,1002.7988,844.77423,946.2818,845.1302,520.4308,657.92267,735.5763,482.6342,437.3654,176.05614,652.7052,501.8644,296.7186,518.2727,271.44824,441.62057,652.14825,395.11,594.0669,840.53656,540.62616,117.76952,301.46194,204.85028,651.64105,370.53046,569.4841,574.74316,117.030464,197.14297,170.54807,173.86214,550.38556,1088.7596,1167.8519,109.31302,727.9931,729.8953,931.33527,530.5423,886.999,1041.4596,866.9291,233.50923,46.62677,768.0943,1483.0085,768.42426,538.04266,532.4948,708.21924,850.51245,1349.6194,904.0878,1213.4952,1168.3323,78.454796,733.6837,632.5677,746.6266,101.51075,898.0065,721.1542,751.1554,502.92657,472.5466,60.781723,545.18604,512.2428,551.0263,251.75455,191.09659,324.65955,316.49338,527.9274,181.09268,598.6535,666.3356,736.4143,985.96497,1111.5272,290.77518,873.8786,400.2536,283.38327,306.77655,302.14508,427.7901,431.00418,290.6911,548.3685,697.9133,277.05347,513.5301,1018.4141,689.02716,779.04626,921.30914,44.72136,403.54095,442.53802,504.1276,601.35016,442.13397,264.7011,1129.8904,1227.3038,468.16833,984.56793,697.0851,151.51303,469.2463,72.521835,1101.29,892.64276,455.15924,1101.0559,639.73926,550.35486,582.8319,566.33417,575.9348,195.23984,579.8625,483.94766,145.03586,505.8114,782.9648,695.62506,424.11368,597.841,405.3579,570.35114,1397.3928,955.7179,297.23505,788.0645,579.39343,407.90063,471.43555,1074.9713,378.1467,547.19946,344.70462,721.3435,637.48883,281.1677,728.87067,483.15396,193.67795,793.7656,312.10223,547.12555,601.90485,216.86264,645.45667,537.1875,Desktop Computer,$Whiteboard$Printer$Phone$Shredder$Google Home$Desktop Computer
565448.25,240411.55,8722.958,12142.571,5947.9326,5739.081,5275.7,3207.6035,5983.2695,3442.8108,4421.7,15969.156,57777.16,44115.453,4943.393,5107.639,2405.9775,1262.0995,2250.3135,1927.994,1820.1356,3019.349,1029.6182,885.04016,1820.7959,2772.6978,1766.8939,1310.2267,2044.2301,1156.2678,1533.0994,856.10693,1539.6887,270.88345,746.2861,850.03186,2430.0261,5196.5796,2455.202,879.24396,1173.7656,1199.8711,655.5127,186.50061,650.2159,906.5701,1240.2539,589.9115,1191.0228,1380.51,650.8498,361.03162,880.84467,642.66797,319.14832,199.3827,236.03922,154.12587,434.92227,466.3096,333.70038,874.52783,783.3664,315.9554,299.49594,318.54538,1149.7267,774.1748,387.80865,458.53674,164.91838,100.56726,83.84024,1005.1297,1023.62305,368.1965,854.7251,478.05414,88.94301,131.64128,356.6247,243.7989,461.2572,552.10236,330.90982,241.09663,483.1286,453.00058,277.19528,339.42953,592.29474,354.28458,345.33963,569.01196,270.8099,272.24902,367.30283,259.0276,503.3138,1437.6401,1207.8356,850.4938,189.25935,243.73201,269.20676,586.9325,147.58011,551.7101,333.3775,403.18857,283.47214,296.9857,580.0686,700.51874,524.9742,441.57108,321.5772,122.15523,226.14417,793.30945,658.4252,1024.3284,946.14575,300.4469,200.20258,117.26799,446.68045,478.97366,591.2638,627.3166,852.399,885.5084,820.07166,1062.5405,1304.6282,334.58075,67.24,187.07329,658.9348,697.0006,558.9977,863.1613,780.3161,607.23816,774.5592,868.76154,395.97833,207.742,128.1295,187.52812,270.97916,530.3258,1133.9149,1004.53906,79.98844,420.29364,525.38824,130.36684,278.25415,65.652534,202.24174,547.6273,669.7704,795.93524,391.60925,299.09506,550.4801,858.04504,581.8145,388.10257,238.57132,341.16687,402.75143,328.00266,636.3996,727.4322,496.98712,383.8023,379.55917,752.1543,467.46164,285.61935,643.69543,234.79329,248.46219,453.1138,255.53145,512.9405,786.62744,351.87125,645.5733,840.95935,622.62506,90.15744,422.68164,268.6263,671.4872,541.5588,208.34439,264.79996,100.47663,83.675995,301.036,461.10623,947.6157,1357.1951,288.6277,745.52686,399.13147,442.08652,477.37732,309.23877,512.18854,640.7168,107.6815,817.73254,775.1218,51.007893,428.51218,534.4494,614.4526,375.02032,499.51035,669.3132,775.7303,405.01523,216.54254,594.7448,924.4358,621.7928,759.1033,638.9526,740.02374,259.32602,408.91998,168.58118,230.3858,40.168926,177.99396,194.635,556.9783,768.53516,342.99686,413.35364,484.25665,614.5319,541.3183,242.12108,185.04431,554.5055,849.92773,261.1169,375.90985,545.4792,927.2431,780.81714,469.96875,Desktop Computer,$Whiteboard$Printer$Phone$Shredder$Google Home$Desktop Computer
568933.0,245838.19,11279.771,17108.25,9898.587,4251.2324,1125.1978,4546.304,10969.479,9413.18,11363.097,21418.775,60750.688,46941.547,4502.11,6346.598,7325.5103,1669.476,2044.5068,2349.4685,643.9231,2813.7715,3561.6567,1070.5687,2639.2761,2971.4734,799.2078,1193.0914,967.8764,598.2433,725.0431,1445.4048,2021.25,993.6678,409.4204,725.892,1532.4032,4919.54,2784.7214,227.34042,1025.408,1419.059,782.6841,600.04724,651.9951,382.60605,557.7165,1589.4554,1356.0817,668.135,189.01192,418.10745,340.05203,174.23506,685.2349,607.40344,506.6805,469.59518,875.5992,695.04736,463.14267,449.55774,487.74957,194.71704,125.49192,263.19858,806.8098,609.2696,899.167,766.23663,340.8012,465.74136,375.9379,516.53125,372.5729,258.9769,385.71063,300.7039,435.67252,374.88242,432.21957,576.2227,634.2693,263.05377,264.7434,661.0585,713.1233,697.2388,530.7914,115.435425,295.45905,308.3306,390.80997,608.18256,412.7736,19.339743,352.793,509.33224,163.1394,276.09216,190.73047,577.0648,169.56062,534.90894,984.76117,753.09265,556.3746,213.09953,523.20575,402.55634,283.05222,403.2876,297.87982,373.58487,673.27637,410.53674,345.6418,391.2131,235.26277,418.63666,467.1184,268.68597,256.03555,339.6527,161.88359,382.55023,140.03123,624.32697,1039.7141,699.94165,374.39456,185.86029,522.5002,478.90292,1038.4567,274.077,862.42523,944.1977,466.7262,237.75443,211.88663,470.25613,775.9045,754.6744,197.4841,466.4042,849.73456,1007.2646,998.69135,722.51636,724.1288,697.3168,502.5323,831.88165,922.8898,241.09508,331.65198,500.82806,470.47906,414.59448,52.9563,131.34851,279.40323,225.32104,245.69675,268.9189,458.74606,574.9073,199.31721,376.9165,332.83118,254.75583,743.9758,706.43256,657.0127,323.82202,222.35388,244.69714,327.62048,381.40112,238.53745,78.64156,136.5149,254.44547,256.6203,710.6316,581.1917,341.8521,102.63809,281.63654,453.85474,311.62283,200.06863,89.12941,61.10964,255.56366,289.57327,327.0807,599.5145,1062.1215,807.3682,352.19543,334.8381,620.3748,1125.5552,638.2855,1108.9065,1026.1155,824.92236,404.61426,257.18155,207.04785,230.51706,619.7602,433.9113,180.70317,197.64499,557.5957,405.67502,425.77975,692.224,193.54672,90.3198,146.88504,637.4734,913.3852,915.7274,539.2526,198.76698,235.10814,708.7792,285.24646,263.4629,397.6008,325.1771,77.64279,510.93365,657.0744,477.57166,103.69235,451.33466,249.43492,83.586845,260.67218,294.70694,298.25732,361.7731,304.51102,211.39987,319.33633,367.09433,373.75024,609.0334,357.0462,428.12097,68.1413,216.96875,Desktop Computer,$Whiteboard$Printer$Phone$Shredder$Google Home$Desktop Computer
565191.75,239387.69,10667.38,14255.31,3639.9827,3416.9878,3221.762,2947.7285,5418.2812,6349.1436,4806.839,15252.232,58403.133,44845.246,5315.427,1665.4629,6592.813,5388.7705,2911.0415,1590.959,4544.6196,6366.114,1972.325,1371.9044,3925.2195,3174.8926,376.18842,1066.5605,1265.113,1221.5352,1191.9487,496.22507,745.56415,240.7529,176.79195,631.46576,1544.8998,4385.5513,1536.2605,538.43744,1551.9141,762.1516,767.0215,352.80975,315.8479,221.42082,403.1434,411.82346,678.79834,1206.1348,1821.2903,1725.0483,940.7096,606.59216,125.67179,150.98773,264.87762,252.06398,274.31195,338.1165,291.34253,283.76694,751.6348,601.3269,285.55435,918.50116,719.21014,304.11212,620.69934,228.38097,366.77924,331.89355,94.62838,395.60825,515.2787,532.85266,259.26923,384.50955,411.02985,429.04294,504.49112,215.51024,397.5597,48.96398,522.05023,456.58618,192.20065,277.75772,449.59946,407.19727,180.48737,332.26575,357.20203,656.4412,271.0736,378.26248,559.15393,206.25763,722.6275,652.18207,521.977,753.08057,390.2129,572.66614,553.77734,368.13712,489.88498,254.60414,635.9899,250.20932,296.8476,493.29446,476.75436,46.84849,431.38055,479.9368,245.95238,41.259037,369.79648,778.2277,225.15973,227.74629,50.691628,159.54103,205.13327,327.6124,360.02643,809.3046,1282.0376,771.89484,897.40686,990.6119,464.99924,406.2437,410.56717,916.1735,678.09375,511.89783,142.25919,763.4632,537.6327,499.2058,673.8563,476.28568,409.878,489.6584,989.6013,81.06994,402.6104,1005.56256,990.84955,600.7455,106.85471,378.84875,811.16064,936.30176,360.16437,490.5023,348.66122,358.72153,703.28534,454.11792,141.51372,288.15186,26.024351,762.4156,811.4494,263.8373,579.61884,630.8038,157.14148,466.85904,298.2901,413.11823,99.48873,223.01141,365.02362,515.97644,626.9732,492.0412,409.3388,413.92407,479.66373,257.48056,273.7768,337.99924,300.0194,514.42035,581.6452,879.33234,539.2617,700.1509,802.7276,912.2633,903.5872,757.93164,536.21674,673.8167,725.0441,149.4735,420.1383,389.0183,243.3561,182.65016,689.2948,755.5261,519.2589,115.09671,135.99585,659.5337,957.7901,830.9051,470.30728,47.683807,392.2291,497.41766,302.17822,222.40277,241.32114,276.8446,372.72943,702.45966,498.09903,713.26294,366.36368,449.53784,537.00287,252.41284,286.2919,676.34674,1106.4037,953.8158,489.1519,424.62598,559.4098,889.58734,791.4653,412.47223,244.73013,506.62213,639.82874,527.32697,591.15765,805.5775,559.2421,133.04733,353.8274,261.90326,600.0213,994.8432,968.5871,880.5933,929.69073,751.96515,96.11618,253.90329,25.03125,Desktop Computer,$Whiteboard$Printer$Phone$Shredder$Google Home$Desktop Computer
571752.25,242610.4,9757.879,8446.307,2634.874,2839.7349,5574.3906,4208.781,6045.2397,3771.5408,9535.702,14281.269,58165.035,44050.707,2772.0696,3086.9885,3441.9165,2063.1465,1806.6542,1287.358,2260.165,1410.5297,2755.0798,1528.0983,2328.863,2901.3052,1118.8842,1252.7094,1619.4307,1251.4711,803.0102,1841.0482,2343.1724,641.98883,351.29935,368.50275,2565.3694,4777.927,2674.0847,534.0055,1129.0612,427.08804,680.41125,257.08325,188.4555,550.70935,587.5387,821.25916,388.8952,336.74722,680.1251,1414.4656,1182.3212,1233.2903,1075.2649,873.28156,752.9588,797.7479,216.55872,332.29678,232.9198,547.6699,746.0424,734.46014,588.96075,301.80136,323.38028,425.01755,209.17207,593.2427,442.0436,441.02615,281.15958,594.08344,768.30554,876.7317,254.90881,433.07336,510.44736,266.73428,366.8288,566.7901,238.61911,475.9057,403.26987,18.584026,410.59702,438.74057,719.4,341.93198,348.44125,330.22333,586.12067,578.37994,209.70067,547.03656,560.06085,698.5024,352.5628,185.07018,302.908,374.66632,414.00305,612.50653,421.76627,509.0715,410.88086,719.5063,477.96777,332.70035,514.9058,317.49045,483.7478,454.76355,552.3944,145.12155,280.29492,500.0256,436.6664,359.26578,872.2483,606.6558,497.68423,389.76166,291.38046,669.10077,509.83713,190.67493,339.37512,209.56734,358.78717,390.9418,609.15094,727.23645,938.277,577.3954,769.7793,749.14386,622.166,272.8597,113.35821,427.8173,529.7352,582.7549,416.274,606.92737,1276.8124,1053.4945,606.95935,382.02698,525.08105,486.3774,523.23486,690.40845,893.69,444.40826,403.41138,313.04913,697.4229,376.86005,487.7524,786.2686,287.19107,132.21822,241.35931,240.39291,483.6335,604.4362,554.63153,711.5052,711.08777,657.4051,434.84625,854.18835,511.31372,185.57117,209.93965,170.62175,383.40942,173.07457,203.05963,233.9373,315.24353,267.759,370.0491,204.34915,125.36737,243.79713,249.3541,374.26797,612.55664,418.03613,100.47856,501.16876,412.8376,675.3774,998.69666,874.1141,545.1069,542.17865,725.7813,986.364,801.403,308.60266,341.7767,176.84157,663.726,1061.5934,1200.211,793.8856,791.1676,924.9471,506.03882,209.88676,66.50098,582.0089,1135.3385,931.50916,625.55475,846.2801,612.516,450.86526,335.84677,540.0526,327.5113,978.0047,1405.5903,1296.9988,484.82385,433.48724,1082.3336,1164.4182,608.74927,183.43796,715.49475,1470.2849,1744.7742,984.412,241.73257,350.04575,648.6034,394.4783,202.1744,210.0193,531.5288,239.48161,450.86746,749.6863,908.83307,669.67163,104.59132,356.43805,69.95762,532.9917,257.7455,373.11563,235.28125,Desktop Computer,$Whiteboard$Printer$Phone$Shredder$Google Home$Desktop Computer
565665.4,240887.36,10435.515,16461.71,10338.705,6320.8413,2813.2976,7225.0674,7618.8135,6047.362,4280.77,2398.9219,52934.574,42934.668,2833.8352,6020.2314,4304.488,1632.6036,2890.0303,4936.304,4012.6504,6255.3374,5364.2236,3382.6948,3355.0544,2876.6917,288.23416,1351.2908,1226.8129,895.2424,1330.3677,1414.0823,2381.569,2981.408,1772.6034,468.49274,834.78925,3555.1726,1846.5358,728.0688,1083.1344,414.34225,305.03464,564.0032,249.9783,825.7671,994.616,557.1452,75.064476,1305.8544,733.34766,408.4513,607.2938,226.83461,263.8324,605.8979,953.2775,388.82098,378.681,222.27577,546.6164,1284.6829,1348.7982,221.11775,242.55087,610.8192,469.11172,337.06567,324.19775,127.93372,457.6074,504.80966,207.9219,205.6592,413.99924,915.34796,408.53864,501.54874,328.26157,217.99489,597.78754,803.0631,95.722984,549.23346,533.12805,161.2947,222.26782,368.4323,309.86905,270.81595,465.44003,640.7255,544.89923,60.303818,926.2081,465.38318,430.24695,745.0277,330.63855,628.864,973.42163,595.4811,17.436214,724.37134,439.40106,1148.5631,983.05457,425.9662,414.6322,157.9552,702.3508,652.49023,486.40903,609.2402,314.27597,311.55737,351.18268,820.4176,653.21967,856.5435,294.32858,252.86003,188.6271,218.31676,584.4653,719.0353,493.68747,107.56892,716.83844,471.1939,415.03876,207.76727,202.97662,408.3314,783.00085,481.70883,908.6642,593.3768,221.35107,298.55658,357.74103,356.60214,324.7185,239.91676,92.34119,453.61987,409.24554,569.1857,394.51648,403.1847,626.7731,997.34064,830.3085,392.16873,356.80237,205.81558,252.41454,348.775,123.20278,185.85133,220.36368,327.0852,415.4154,344.8843,345.2487,397.058,246.56079,205.39825,398.66083,262.50577,406.8879,243.35234,465.32614,452.93466,267.11362,279.97128,131.47205,286.0261,75.57337,704.23553,501.81015,372.7974,338.19232,151.2455,422.33948,637.95447,464.80667,660.20557,660.5395,339.46368,89.02287,163.71445,227.07146,405.30038,620.28217,312.82248,286.5618,537.932,911.3749,802.5128,659.69183,172.57472,149.3734,1083.7473,835.9858,429.7482,477.61874,650.1271,333.93665,436.8388,133.35605,195.79912,973.87366,1494.3867,1190.2201,109.72986,1166.6088,587.53723,186.6887,631.80914,1234.5192,843.1245,417.83386,321.90417,88.25412,710.1573,523.6275,409.4983,411.90585,554.03705,391.44604,505.20175,325.77615,293.2695,508.28326,549.3139,118.187035,130.46623,605.6969,684.8306,382.75446,133.77887,580.1096,456.6051,280.0895,632.36597,452.04135,252.66782,91.440056,261.2912,519.40137,920.77124,626.85925,468.92078,351.4343,511.63626,686.46875,Desktop Computer,$Whiteboard$Printer$Phone$Shredder$Google Home$Desktop Computer
568158.4,244282.31,10345.176,17465.805,6039.951,1274.3811,3213.0479,2070.5977,1415.9525,1571.6923,7224.399,12852.267,55582.37,42396.34,2850.077,1551.9365,2020.9811,2147.241,1449.4133,2680.847,1481.631,2784.547,3613.4448,1212.4989,2796.6858,4031.0771,1910.9141,2274.7566,3026.517,2543.4329,308.2532,1162.746,1533.8721,2158.4167,1818.6848,404.52322,2539.0083,4583.351,2246.7402,1319.4888,726.4384,520.7505,402.9541,1445.8472,1891.8765,830.5847,687.4731,354.16953,255.93518,1288.085,1632.5844,148.78719,183.24,579.5822,1032.0974,319.24704,1577.7787,1097.4899,287.9462,293.0194,437.38306,416.5847,1213.3174,725.59375,497.8203,724.59814,325.4148,595.7018,306.74557,678.0944,656.8237,491.03384,365.2794,844.8764,795.4879,698.0147,503.94568,610.1394,462.00183,604.5068,582.0687,570.65436,513.3841,640.98846,1140.1139,917.0859,550.4011,495.76102,636.52637,390.6024,370.41504,32.4737,23.486094,735.9839,1032.2148,428.69122,450.00772,204.27243,595.8452,680.8423,1169.7021,969.70404,242.59912,1007.1279,1291.682,1258.092,756.167,961.8624,522.4694,199.45831,271.47275,393.73294,451.4695,280.85776,492.1559,631.59845,180.1359,112.47154,349.09607,312.18558,755.15857,603.77856,93.842384,254.75241,438.63632,630.30774,389.31137,290.72754,896.6933,739.0395,526.2655,182.53871,459.19757,244.37086,1312.5453,921.02563,141.92207,147.25821,310.85965,247.53174,866.2076,452.82724,126.080414,297.87048,471.67783,232.86877,633.5023,470.98087,255.45572,203.85149,352.19266,537.5226,669.7745,722.08344,350.128,328.64914,83.07346,191.75356,236.36613,319.8716,172.95079,253.82524,100.89628,259.72897,621.63824,655.7224,386.28592,162.88792,277.08392,439.97708,364.1899,572.7799,292.4555,350.85873,585.29016,485.11917,205.72456,341.86954,350.66605,398.14087,398.55988,417.37573,922.94073,400.45728,195.99591,568.76697,186.85837,155.46248,188.59111,608.407,434.4538,351.98132,691.3138,494.6492,285.6569,419.44656,404.96466,380.0374,413.16406,670.478,670.4778,592.431,390.0617,1195.1085,791.62024,464.79843,1134.1097,848.5833,289.67093,485.0474,911.11914,861.6794,425.2751,284.01358,479.02954,374.93817,330.1843,275.0902,302.87677,52.941307,371.95917,416.68805,376.66388,295.466,217.7226,641.4554,558.2359,454.16397,361.01657,192.00237,314.86328,589.9311,712.6437,128.04932,431.68274,530.8773,250.83076,442.00168,121.05169,91.60734,417.7206,633.7949,182.06015,565.96014,507.36508,51.728428,654.32355,688.14386,288.6715,296.4567,368.32513,670.27203,188.49767,179.23392,414.7621,200.09964,178.875,Desktop Computer,$Whiteboard$Printer$Phone$Shredder$Google Home$Desktop Computer
569211.2,240924.0,13918.68,13385.486,3455.5872,3284.4956,1430.7253,2834.0405,5614.3,3168.807,4420.353,17417.719,59011.91,46725.4,5786.497,1783.1355,2821.9692,1884.8468,1834.5753,648.4405,2323.7444,5586.802,2415.9993,474.35492,3667.2288,2999.725,1988.2136,2519.5266,2144.486,1512.5739,1932.2465,833.18304,1912.6049,1628.2268,1052.4379,420.15216,1322.2546,3334.4966,1761.926,761.447,1101.4486,396.9129,736.12744,421.43478,820.14197,1321.792,514.0323,370.00946,404.29874,1226.3425,1419.9792,804.10364,795.8041,1082.0084,1819.9557,595.88196,499.07968,1017.2028,150.30263,444.22192,666.6568,601.1973,902.50006,236.17247,301.24698,157.61633,501.2038,276.75726,236.32877,534.04565,716.0287,596.05054,321.52063,580.91595,1119.0557,353.2643,77.14682,311.05032,153.43175,121.3835,546.7654,577.673,675.0784,432.24387,304.15674,717.40466,308.37622,648.7354,876.3895,613.97186,492.95395,382.8871,201.15514,346.65353,200.63268,178.29607,725.0859,662.8967,275.45935,164.65509,461.33777,239.56235,716.1905,718.76154,304.1118,303.09863,403.4387,656.12115,1150.7992,1030.6411,255.42778,281.70496,184.73743,130.86557,216.45474,198.92273,109.84798,308.71027,146.67075,418.36914,211.17607,588.4056,308.4374,175.05862,321.04605,327.2702,607.4497,409.27646,386.56,591.3862,232.60257,479.80865,290.06732,1027.2216,1093.549,138.70648,296.48352,463.7848,388.67838,383.28015,365.3598,241.13582,152.00865,251.07567,308.36575,346.93973,270.4519,321.61316,334.42218,531.198,1094.9988,1371.5913,965.66504,312.76892,554.6446,547.5951,288.77414,255.94464,329.54028,322.8207,180.64401,214.92506,195.5912,267.25778,507.74503,749.21564,848.07465,460.32114,109.13476,294.0114,341.05176,375.5425,455.90198,629.0058,399.63583,358.2525,586.76654,549.2156,296.28806,169.8956,263.76398,265.82175,743.1496,569.16235,142.81456,441.48883,847.0234,709.26086,762.9038,845.6652,377.3724,493.37772,490.6871,248.90103,204.15445,359.68924,327.12128,242.80846,711.5198,153.5069,298.63745,72.251114,375.78415,539.6088,713.0485,407.1158,315.32806,1071.8347,1102.652,830.2606,377.5078,255.2188,392.31442,628.6716,281.37915,341.50937,543.2962,296.95566,671.30304,434.57315,318.38232,660.1566,632.9491,77.94739,87.66349,561.89685,552.52234,703.8064,255.35455,645.0543,766.7506,258.04742,145.90141,267.7388,182.70117,1068.8135,669.46,302.8291,503.2826,436.96918,679.9925,428.5541,317.27576,503.95557,335.05807,140.96465,364.68295,324.78665,707.8081,343.85715,566.0463,391.31006,200.7317,217.49333,608.95654,466.736,654.5625,Desktop Computer,$Whiteboard$Printer$Phone$Shredder$Google Home$Desktop Computer
563932.0,238237.8,4630.638,13061.385,5273.418,3494.213,9413.873,8978.763,10803.828,5419.237,2712.6553,15714.12,60082.082,47813.22,6004.2227,4415.7134,2712.3347,1356.6459,1416.3867,1637.7451,1393.0812,2420.8735,3013.319,935.0762,1747.2909,903.61273,1344.7045,555.60254,1229.1113,1649.34,1265.5563,1239.2651,1600.3301,1026.4624,1415.2317,891.7866,1263.5958,3113.2097,1820.3785,511.60764,1584.7258,1245.0026,841.1669,906.6575,818.0632,389.4724,707.6958,800.2414,652.20746,520.9697,805.4613,620.156,1133.501,903.6675,898.2241,965.48785,873.23895,978.54736,1550.6743,1027.379,26.603207,515.2648,353.6679,428.4215,539.0492,189.23811,979.5691,1020.76044,493.19836,593.4709,708.3828,340.98056,49.59594,360.8885,576.99005,912.6211,420.51218,617.82935,1019.75824,712.7237,570.66394,836.3926,625.1159,752.57263,649.65393,601.4507,94.117615,203.89873,235.98166,271.05518,554.2681,578.7892,264.14594,567.9234,430.58206,470.8252,235.51866,884.0103,1154.5261,805.71216,1013.2345,1175.4985,704.0588,538.6106,1028.2944,716.84796,366.80835,648.48315,1098.4869,1093.6781,609.2332,545.8799,582.67126,240.23453,67.348,244.58157,324.6674,182.0096,238.48395,269.20496,449.82254,335.7764,576.1805,690.119,604.2858,110.11036,349.4506,216.8816,388.51096,247.20445,343.54114,772.4614,1355.2885,1402.6466,1823.5779,941.97125,195.08907,70.6697,339.8572,279.659,547.6394,498.9174,189.55363,132.4245,689.4072,1072.3644,653.776,295.98944,689.06226,1037.1134,1378.9033,901.77655,884.6279,719.61505,588.9897,580.77954,509.65866,411.2659,572.5255,582.7537,609.2776,386.215,468.34476,443.5921,765.2998,613.015,557.1885,301.87698,658.38666,407.73117,164.39702,149.41357,745.9794,590.64966,285.31577,217.31978,290.4394,523.81177,879.3237,960.2259,764.12726,396.77893,580.70593,902.72736,564.24866,319.28223,385.69266,317.08694,419.4624,730.61316,1002.8982,663.28986,757.6243,708.17053,637.3988,323.1916,29.267265,788.79004,1426.6914,1099.068,954.5034,588.7128,446.1794,580.8139,575.3913,560.40485,721.847,360.02612,250.16425,149.1369,475.2255,412.2352,171.8453,330.922,539.6264,505.74054,174.49374,117.893196,517.90857,522.7157,307.52588,707.90247,682.2578,103.713715,439.6957,536.1955,164.19778,297.34692,611.269,707.5319,337.69812,126.07035,210.056,637.204,560.59296,334.02536,269.59402,243.63202,411.2772,347.1475,204.72911,332.9561,450.9672,558.6734,770.5887,711.3431,202.0772,414.8763,1002.03595,1221.396,444.16547,184.5742,621.95374,588.0985,604.3187,452.9312,258.71875,Desktop Computer,$Whiteboard$Printer$Phone$Shredder$Google Home$Desktop Computer
571009.1,248694.92,8318.521,12099.57,5709.2686,8142.253,5734.4062,10054.452,12878.154,4418.415,4764.2725,16762.865,61748.37,45241.734,5416.3794,6425.6875,4240.983,2377.8994,3414.0178,4163.4336,825.92694,3934.8162,2727.3667,2300.3643,2394.1116,1205.5957,1168.1113,557.8238,884.4983,785.47205,1361.6624,1626.0448,2930.5176,1959.7297,1636.3284,456.4079,1649.9241,3920.4553,1352.4276,847.9086,1037.8121,517.16943,806.2045,629.9505,843.3701,1118.1097,339.7803,317.1221,1324.1398,1637.7662,1061.7955,434.95016,814.48486,358.14792,687.6178,1046.4678,532.6497,841.0224,821.0618,1160.5741,1915.6704,1410.7457,940.90765,725.7802,400.95087,684.4065,1008.7153,754.3677,481.0091,626.49023,184.07509,234.65517,226.18929,302.7693,462.05804,459.6871,756.4927,776.88635,176.12889,692.1968,735.3973,351.65683,1024.3254,945.8569,581.0003,495.439,820.7876,918.63696,675.2189,556.0914,399.999,836.7187,745.50476,814.4325,652.65454,707.77277,402.9827,458.85257,266.13776,994.20544,1071.6123,674.30884,480.14206,419.5432,421.33032,732.7553,392.27332,213.58383,279.74615,561.32855,483.78467,303.77673,512.9627,414.4805,52.23548,332.05853,190.92046,164.957,336.96832,456.5655,562.2098,709.0438,299.5519,371.83313,270.31943,463.29922,658.4566,465.44464,208.96773,320.6604,614.16644,691.79083,628.258,855.58417,1532.5242,301.25955,424.75912,428.09027,401.97,791.2969,662.8622,126.12292,377.60394,447.34125,329.001,284.12985,398.20224,303.30478,617.2083,359.29086,451.82437,125.212814,417.62506,554.4081,533.38116,427.51227,618.9438,519.1376,174.72652,305.24103,199.15535,404.46036,136.52632,618.87024,157.29242,964.41113,576.7322,283.94696,310.5871,422.03333,330.22574,266.0996,345.50546,678.6854,849.01654,856.6033,644.03094,613.1479,185.81908,129.36812,280.2929,213.09569,604.28516,388.45844,40.65872,231.65845,255.8755,446.92694,256.03833,762.6497,1003.19745,710.06854,455.9723,460.01437,447.58066,332.57388,377.3923,849.2942,520.106,352.6126,131.42294,972.14386,1317.058,863.78613,292.5104,884.4101,732.7991,877.2398,1129.5948,802.7642,425.89926,1003.069,788.7065,509.73254,183.37093,853.143,1092.7761,669.95667,563.825,384.1387,536.0284,584.1,98.939735,483.0234,369.12012,309.64624,478.92328,775.3267,193.14337,320.63742,122.6467,338.6722,593.76636,299.78683,541.5079,502.16843,426.50507,550.4144,578.6364,577.1921,619.4955,323.51797,425.62088,467.39868,316.7973,769.6435,563.1542,658.04333,703.70135,527.313,635.57477,277.5492,29.240137,203.44281,432.51886,405.08896,121.84375,Desktop Computer,$Whiteboard$Printer$Phone$Shredder$Google Home$Desktop Computer
564218.56,239476.64,14004.829,14070.928,6594.5654,11281.584,6006.022,6050.486,12608.91,1887.1936,10828.646,8310.579,54459.293,46016.89,8697.438,6619.755,4989.3354,2571.844,2838.5127,4664.19,3021.7666,2419.6492,2875.6052,694.2064,838.93256,94.521,2632.4211,820.6211,902.72955,2488.4998,1811.0548,2641.7947,2937.1057,970.9698,397.4297,1110.1555,1266.6301,4134.23,2347.4766,562.7285,749.2912,338.33267,609.34656,803.6867,346.86417,393.18445,568.28894,662.1598,150.42165,739.83215,323.49744,400.11365,248.98506,1025.5072,83.23809,440.81284,532.2512,264.82794,489.88635,791.82104,1023.318,506.48105,370.0873,431.09192,719.8479,475.9471,543.7412,596.27875,900.5527,699.70496,442.21896,246.51483,450.08215,540.4591,301.64752,238.66429,239.23781,358.01932,226.05809,196.59946,257.4384,378.87112,890.98615,274.59378,309.30505,207.40927,277.0744,317.3195,413.60367,365.81113,289.18262,354.31995,554.0026,255.27187,551.0531,630.5289,721.66583,567.02313,225.49155,833.3701,361.45947,410.77188,494.2128,300.68668,294.24966,255.98422,744.25433,286.44086,74.72761,296.43362,243.56456,414.16855,339.20844,150.5197,663.0625,1066.8092,575.145,51.57527,280.19592,324.2821,352.06296,255.776,754.9157,469.21667,263.14142,128.57489,173.22475,323.9849,291.27075,126.46695,377.5197,259.9749,236.45271,755.998,1204.9209,364.0801,262.14667,387.21548,466.7244,354.64944,95.056786,453.41602,742.7104,809.74854,596.64246,821.15466,820.42114,936.18823,777.616,436.9494,470.2019,926.02734,838.57263,496.24918,1036.6816,845.52277,536.51605,262.95227,427.59256,678.4212,149.60971,350.81454,278.4763,219.06824,387.17117,38.98854,543.83295,203.82866,383.38232,341.24384,211.4455,185.64229,177.7917,302.6314,504.35837,486.77563,383.7883,407.8312,532.7087,375.4607,376.03958,520.0999,192.61444,587.06494,191.31932,21.74619,313.24725,667.3959,776.8679,202.81068,376.10046,106.66395,526.7688,186.878,382.9131,397.03592,716.9489,524.9044,513.29004,137.08159,333.2801,292.29556,870.82275,603.743,1216.9169,513.7886,243.57509,757.81323,488.1708,498.02054,916.1136,539.7611,103.90776,164.33144,306.40787,165.68216,279.2501,314.76193,384.75967,251.86682,326.4556,445.3765,625.13873,361.57034,296.6729,402.44412,405.7483,377.75623,362.21228,536.4094,308.33838,319.18604,375.35342,196.52513,263.7423,387.11957,559.3515,788.9242,162.80977,428.4939,531.77057,762.289,789.52795,715.3033,321.7293,550.6739,561.4436,811.5075,349.0554,341.84442,298.31155,506.37036,519.43085,505.20175,296.45435,97.77401,44.6875,Desktop Computer,$Whiteboard$Printer$Phone$Shredder$Google Home$Desktop Computer
567513.6,240848.94,8091.3687,8340.848,7209.1333,4811.202,5200.3286,4012.4004,4994.23,7328.7188,2369.1477,8704.73,54922.47,42693.688,5021.401,2843.1968,2160.582,4124.54,2908.4514,2841.6475,1728.0452,3104.133,2088.358,522.278,1382.7482,3580.728,2585.6792,803.9935,1241.8689,1264.4237,1777.7549,1221.7285,1418.4268,511.50623,414.24982,782.8498,2455.0154,4255.4106,2385.651,1557.8934,1842.3615,533.98145,470.55502,1036.1132,469.06866,745.3658,111.61334,484.41754,566.3743,1705.6418,1604.4299,639.27277,646.86475,1766.2244,1333.539,241.57724,202.59534,723.4051,695.4411,210.89308,735.7709,975.2183,1090.8203,391.32043,323.45486,355.05673,295.17947,408.15033,368.92908,366.39523,184.53528,199.8154,162.67413,218.0203,209.98685,580.5602,698.10693,628.3056,728.5197,387.36057,567.1963,570.81665,269.62048,655.4014,355.29062,316.2826,207.71785,167.76698,180.78989,183.30354,269.4967,468.73383,695.4437,446.2415,508.01663,286.2523,77.49623,251.92506,573.7377,277.62772,233.37476,412.61847,753.56464,910.5703,85.01744,225.79817,487.87408,249.82837,476.62274,597.2262,618.5446,381.66342,51.760227,693.54047,592.6201,411.85297,403.96017,856.8605,622.0733,229.90332,462.28607,166.93626,675.66016,540.21875,323.79617,370.90244,364.55942,519.9794,266.3241,174.21513,127.6746,231.86452,607.53723,1370.7898,1497.326,329.8239,364.01047,191.02242,664.4467,552.4384,976.9744,477.46884,393.28952,496.5474,493.30698,264.6488,436.10373,364.94373,558.0197,585.14716,563.02057,487.5179,272.2575,447.08618,624.2936,335.1945,356.23062,318.50058,447.28754,571.9455,308.98795,876.8112,829.3041,789.3485,745.5801,187.3462,691.9759,1010.1794,503.23578,160.24832,670.7033,941.3111,616.2681,468.12558,460.8453,180.43088,549.3522,794.03156,490.96994,147.69554,253.53204,257.47534,776.7569,733.42,198.45836,542.9602,805.95325,777.3463,586.9683,738.7884,405.41168,500.92828,970.9444,846.7602,98.81976,654.1975,626.96234,750.1238,1180.4965,845.1302,1274.8188,1141.1285,718.66754,972.60406,1224.7485,719.5503,1336.7787,975.8509,201.10501,695.0107,931.2826,594.09045,456.46005,250.1317,121.14122,332.54752,471.05984,581.786,577.6908,202.49776,336.18658,339.6885,618.7179,295.09634,49.48893,511.333,372.26175,264.47345,744.65393,672.76917,367.46234,926.7125,524.97784,596.57196,392.08823,82.49752,102.844124,445.7977,255.163,152.96219,318.8085,101.62603,575.028,207.94873,337.37366,92.62182,215.86267,361.92773,734.2257,649.29913,185.3663,687.7299,485.43283,841.3865,897.10065,879.7444,40.65625,Desktop Computer,$Whiteboard$Printer$Phone$Shredder$Google Home$Desktop Computer
569290.5,242644.39,7432.3936,11229.835,9495.652,2338.0237,4018.6304,7533.2617,9837.875,8332.804,6705.0874,12468.974,53785.992,41216.324,2972.0046,2382.1123,2580.3325,2174.1865,1338.2413,2274.774,1377.2775,2292.9197,3147.848,1207.3109,3179.5293,3528.7449,774.3675,1477.937,386.313,958.9291,925.7805,1336.0143,2006.8593,1006.21826,1001.811,590.2405,1025.4808,3605.581,1867.8898,835.07135,1176.0636,565.72876,350.8975,1211.8553,1558.5881,365.4069,664.93207,533.46655,483.6981,1085.0277,1138.1788,457.85245,1052.1136,479.56757,1161.4783,753.7031,1001.7077,1167.4725,1049.3854,828.4726,800.81995,1009.93286,759.8749,334.08365,343.92606,132.27779,64.58092,474.85956,316.67618,235.93776,214.34895,687.8604,607.14435,496.15332,454.4205,221.46149,440.56952,721.0776,479.34302,240.39313,429.52237,498.54144,105.580315,151.67155,612.204,839.96423,717.16064,244.71089,601.3198,419.4897,54.99118,430.11267,366.94324,159.52747,845.6996,608.2093,736.001,898.09375,915.0663,197.27588,399.34503,965.3026,625.6236,154.46541,910.53125,786.66547,456.13385,517.6396,594.97437,1027.4259,1270.7216,536.92236,492.6462,802.77136,655.4189,434.18323,502.5114,345.4747,441.32718,295.94507,259.86908,579.80334,100.92765,547.80975,696.7061,232.39737,218.68184,687.1137,215.79051,298.41528,588.6716,439.2126,493.7924,1103.3309,1866.2803,514.191,930.7946,721.912,435.17807,868.61835,779.6972,145.63248,437.68375,682.7288,833.01764,440.54944,272.6148,705.249,887.5916,427.38522,592.85364,643.8702,1472.5612,1486.1064,231.03436,603.2052,215.7862,585.1678,401.7708,424.57706,917.6553,197.11636,586.338,759.04224,442.2364,844.5892,337.3456,271.51202,348.96295,203.43788,347.60065,405.4333,621.9856,484.80695,251.34724,156.7471,450.56277,458.60947,401.96674,353.3909,147.80989,672.5718,929.6452,108.80815,521.8003,406.26605,350.2829,404.4692,507.38736,233.19604,410.69946,327.1349,410.30847,547.77856,503.6347,941.98395,753.8632,813.52515,1020.37506,620.5025,574.8366,823.2044,338.95215,258.92026,411.28854,1086.2964,628.2804,1492.1597,1027.0431,785.2982,459.50693,317.58014,885.49054,493.61063,312.91647,333.52585,134.76811,247.22945,143.8771,63.551094,343.27637,448.20703,413.10077,242.47098,460.91882,478.12387,293.9981,495.40875,258.07767,327.8872,766.4808,1233.3541,630.8365,745.54315,738.5148,656.0231,695.9429,339.11746,385.93524,191.19333,403.40936,359.51883,598.7696,485.17587,631.3803,304.88586,505.48013,814.94745,463.3769,489.08157,516.2059,282.6305,450.61188,962.0497,635.1319,757.42255,958.5,Desktop Computer,$Whiteboard$Printer$Phone$Shredder$Google Home$Desktop Computer
565342.6,238998.44,12193.959,18380.818,4243.076,2087.6277,6240.8193,6196.3774,11227.762,3866.58,9101.082,21184.773,57871.094,44633.543,4998.1357,2397.2336,3912.343,941.6863,2942.8674,1570.1476,4498.9033,7332.594,4133.484,1733.449,1119.3474,3665.5627,1681.5088,1279.0576,1117.2926,1657.9017,2376.2427,1589.5143,1482.3234,439.2648,245.14279,1304.7747,877.9532,3069.028,1400.761,545.52423,108.70899,290.915,490.04843,796.10846,928.3931,795.1245,409.27774,454.2594,711.8026,947.0315,360.04056,1033.8666,1378.7955,1203.1483,450.20944,635.37506,458.50137,258.24377,454.0349,282.00854,261.20514,622.3168,934.971,270.5434,12.739192,98.205696,75.59836,378.76456,103.39342,501.37473,496.92572,357.7271,250.58786,515.61786,1006.8288,764.52606,853.3992,284.18176,129.13078,224.79865,353.64786,80.956375,583.6056,384.64502,325.3986,382.79977,254.01277,751.8801,371.0608,502.28116,566.61896,695.7749,782.92163,937.4744,434.9515,690.05194,666.8306,426.74155,572.9081,78.31881,426.59415,211.29129,374.05438,220.07735,406.98834,847.6248,274.61487,236.03247,341.43427,529.112,761.10913,469.46945,524.99054,790.41296,839.20465,248.84377,356.5998,698.6059,647.5568,567.0696,42.391712,392.3489,316.4026,507.54785,43.506794,343.55792,419.2233,616.6298,450.13162,467.63318,255.92561,84.29208,278.88156,761.7885,1059.9305,547.89734,1032.3165,184.15594,175.78609,299.3308,383.8294,904.3149,938.8946,773.875,558.6717,624.04315,495.3249,642.7658,570.2844,578.0241,272.26547,489.4416,416.0339,695.8499,342.4766,182.33035,522.54425,743.8499,986.23065,1215.3583,462.50085,436.43488,85.92038,476.19394,537.1933,268.8571,366.2391,343.81436,482.37262,687.68964,433.96106,191.96548,223.92508,145.75168,349.36087,406.03903,474.6612,308.38126,348.73236,220.09666,335.73157,401.56433,518.21014,482.13925,416.64886,573.37134,683.36646,186.34949,356.96613,720.4749,578.29694,320.81912,318.89868,133.69766,49.387486,546.5866,501.42902,586.67194,495.36996,407.7827,308.68015,620.04553,579.92786,943.3393,1220.668,571.4619,926.4172,698.5691,365.2588,1066.3483,666.3466,689.9109,419.25946,537.5561,272.29834,234.26349,653.0496,629.9388,473.48578,521.16986,699.9941,714.295,308.08835,222.81676,174.72513,423.0739,417.29138,261.95746,665.9635,307.60553,459.65286,691.99164,332.91632,477.7298,506.61475,161.14076,483.35663,270.1037,716.2659,982.7368,507.87927,135.83815,236.25484,282.29266,813.6783,607.1316,335.12723,295.52536,348.99976,98.69272,172.3021,493.4293,822.8246,261.46802,324.7134,748.4243,835.09375,Desktop Computer,$Whiteboard$Printer$Phone$Shredder$Google Home$Desktop Computer
569534.7,246299.94,13326.358,16998.414,1741.2739,8728.388,7051.294,9064.217,15863.279,6939.4453,4853.4673,17088.5,56064.684,42076.562,1464.8835,5055.089,4898.3047,3059.2212,1634.062,3525.9907,3402.2522,2268.7717,4156.016,2998.711,4086.5442,2371.5854,2764.8113,3060.4275,539.72687,2062.1904,1837.8599,1617.7019,3779.732,2453.0444,797.26135,742.74396,2570.8953,3889.7812,1754.8987,447.2498,1218.111,1229.0884,545.9369,353.15814,471.42123,321.7813,342.59537,276.28265,426.6733,1030.025,1528.0529,727.13446,273.96155,552.4018,521.4053,483.32907,118.82358,128.58794,651.6991,664.6142,264.88028,718.0298,540.4607,521.01056,496.23218,281.64346,614.12524,522.18976,540.82166,388.69867,598.5375,601.34784,652.5035,519.4176,544.74304,475.95905,282.02847,109.2076,197.90382,251.02283,429.16977,339.47913,523.6796,133.9562,169.22615,113.95541,528.3835,917.10767,685.88446,584.10724,400.56552,319.565,275.7474,392.90927,396.31708,302.59088,443.45596,332.84738,541.33594,215.17603,240.71529,352.073,554.4687,659.4195,886.19543,343.215,430.8457,102.96136,211.28226,720.1948,462.15216,86.883766,215.9388,354.624,658.20856,340.00623,463.17593,857.70667,1062.7269,582.6093,418.22928,64.31191,125.77542,116.21923,355.42188,547.8363,538.2639,369.71967,327.60654,346.27505,112.447556,433.8341,303.27505,650.3703,1385.4009,419.79462,781.7445,769.19696,768.09204,728.65735,430.13004,416.44424,567.11206,478.41727,81.77875,281.17148,228.13263,497.73395,880.6562,916.3775,643.75305,714.2435,814.52734,925.63226,1023.59766,278.79044,72.01299,321.94418,319.785,601.52014,458.23434,478.58798,400.4714,692.0101,605.23834,419.07025,170.4437,646.6109,684.93555,230.98405,386.49548,270.5144,258.42712,278.54407,332.571,534.18365,301.67722,278.4642,446.79028,486.6883,449.48618,118.684975,196.72552,224.69925,332.25052,247.11533,446.23868,367.3304,510.7279,476.2304,262.81082,291.50464,240.89774,228.63725,248.85649,274.32056,314.77222,398.63455,587.8265,814.9407,650.287,406.72327,489.2889,413.50552,650.43677,632.5741,1230.345,875.5964,1061.4893,867.77594,559.48724,574.4814,260.30927,175.21342,227.13487,688.5739,1055.8568,553.08185,61.309372,234.85646,613.58185,424.71872,201.44879,180.33972,441.35022,405.8356,57.70899,52.870182,242.31609,328.80945,265.06787,209.3999,261.93106,202.18294,429.18533,104.06214,63.328545,274.7241,329.43008,411.0423,599.605,381.12442,592.37146,615.70264,522.0293,234.28241,420.15643,444.05795,241.51996,130.53844,508.86975,217.39754,934.4932,805.5277,321.72565,192.16481,82.1875,Desktop Computer,$Whiteboard$Printer$Phone$Shredder$Google Home$Desktop Computer
564540.1,239954.42,11288.456,13401.093,4414.032,4608.7495,4400.3154,1422.2311,9156.212,2472.892,8404.011,11049.891,54772.31,46762.023,8849.011,5660.309,3807.3862,2542.3945,1208.4978,1988.4124,771.2682,2200.7488,1869.7822,922.7674,832.557,2650.8657,998.916,2210.0999,2271.0198,556.0358,990.53424,2610.2114,2856.5918,227.05241,1539.9373,1435.2378,2266.5425,4705.684,2735.9033,238.14677,1018.4094,450.1105,83.545425,482.5548,852.14764,1016.16113,649.5455,750.19464,729.9974,599.3353,678.9217,505.86914,1157.7867,1473.7034,544.7684,90.11675,784.11206,632.62274,448.85315,234.06973,598.9972,442.61008,511.35437,654.4451,300.87387,162.8655,371.02585,592.4283,241.22742,344.3548,382.55984,107.51927,309.0076,353.70312,436.11066,523.1171,645.99634,492.77725,540.3988,247.56613,498.99857,601.866,441.55624,19.351673,86.28214,41.55701,285.32468,63.196285,191.8805,403.94922,464.95917,73.03494,230.4704,186.90028,565.90643,667.82635,405.7152,307.34445,520.2222,186.28946,452.0308,361.91037,632.7385,783.7266,265.41214,767.1198,526.61456,301.88388,492.36475,406.06122,592.1095,412.7686,551.73145,572.48145,143.79897,408.51544,665.0434,668.0141,400.8707,568.1279,336.4193,376.21222,243.3042,486.92694,421.37057,374.28696,188.68256,384.53857,533.9014,570.2089,674.7437,427.9329,497.51678,218.59978,1236.212,719.8204,259.39896,418.09332,447.33066,274.95798,443.407,688.1038,301.38162,54.16591,288.08936,268.2561,417.06473,567.61066,344.18777,365.57834,365.47726,146.53513,222.72092,848.55676,988.6747,587.3834,556.29926,825.7607,681.1969,171.3834,539.2629,449.56104,279.189,341.17645,169.90558,154.61215,225.0638,416.9885,292.39072,206.77632,80.42517,229.8165,419.84924,465.06113,158.22433,748.9245,534.0688,109.81793,209.43646,441.65228,469.7931,517.5241,284.4801,524.7996,872.54016,547.80853,538.03064,501.1606,52.582012,277.79517,458.26093,360.48038,656.5936,251.13037,94.17748,60.459476,186.5165,298.34122,374.2999,560.7476,681.5723,515.1428,932.80536,979.86646,996.82416,686.67725,400.00613,549.6935,279.0896,229.57132,312.71393,589.3474,1063.1666,814.5846,630.42737,492.39822,224.66638,181.29845,585.4559,372.56943,485.20688,826.0712,106.56183,948.90314,731.50525,824.6646,1075.5693,597.6686,167.93819,336.4312,335.32303,627.67224,617.02264,351.25833,780.3265,664.12274,395.29306,480.63742,597.3182,643.1029,186.89903,444.18146,652.958,183.05276,701.5628,480.27628,222.925,108.8218,381.32068,440.8191,554.36914,846.95056,248.83005,420.62277,488.13998,319.8336,78.53125,Desktop Computer,$Whiteboard$Printer$Phone$Shredder$Google Home$Desktop Computer
568076.3,241963.03,8696.361,14892.083,8975.707,5009.077,1600.8339,3659.8416,9440.294,4939.9004,4684.91,10182.711,57396.61,43938.55,3793.5085,2738.4307,1978.9635,1133.73,2491.7493,3596.1157,3066.5847,3634.5515,2025.0854,2508.6064,2373.3442,2080.0564,1055.2429,184.41228,558.6458,1212.6156,1893.2067,1061.8059,2073.1565,280.96002,666.04736,560.29114,1254.6555,3837.632,1129.0714,393.30524,1073.613,688.8682,1546.3217,1058.6335,546.283,592.58624,836.8347,617.90704,1001.47375,2133.4285,1663.566,1022.56024,1039.7723,230.10767,348.69955,364.78525,1210.1891,1229.6832,1015.9327,1398.0745,1428.982,1241.0127,953.06665,968.9634,1054.116,827.697,209.29546,252.97241,298.4833,375.23038,827.93915,900.3391,705.31415,374.138,563.21436,460.49365,608.9833,654.3313,331.9584,28.879887,330.97498,239.43956,696.7092,802.73285,524.7126,513.1103,503.9631,118.3512,221.89992,84.28187,705.40125,706.0319,739.078,645.09436,777.226,667.51154,310.88065,173.87627,531.46954,719.0028,737.6934,621.59375,794.90405,448.23828,477.58112,434.51843,633.5981,173.93166,345.9383,684.8607,881.61505,306.52557,442.33453,271.3908,149.19545,381.82437,78.65812,253.65935,405.62726,247.2085,293.2129,361.4358,132.27257,309.104,415.89633,369.1522,307.70105,355.0846,485.9753,486.95224,229.28607,257.3124,288.5682,950.0022,671.46857,591.54034,837.32306,600.9584,543.17444,844.2828,847.55365,626.49536,123.00069,206.8741,189.27568,162.83905,71.85647,80.5197,750.8181,454.45676,282.78122,198.14494,571.53534,755.17896,353.3446,566.62915,273.69022,729.74097,666.7411,674.9199,746.74524,455.42743,746.899,520.7077,812.4281,1098.3982,833.84314,820.966,731.96185,241.67526,569.2,350.3265,389.43103,439.80173,336.26505,547.4946,148.46075,201.2797,391.2665,282.48245,257.85104,139.58275,237.88,388.03455,718.21027,994.122,802.3934,674.4793,299.2445,453.23557,155.4079,228.0025,184.72646,278.99023,426.33054,421.97702,532.0231,705.76624,972.2984,304.582,663.29865,790.94727,855.73193,527.7419,600.95374,323.6308,1041.6724,597.6585,356.5458,395.54343,789.47174,454.85715,188.6176,607.45825,535.64954,321.46198,510.5049,283.4062,339.4472,306.5187,535.3771,605.217,175.4582,351.51797,721.65393,151.91183,518.45135,546.3191,454.6959,889.2348,324.92584,173.03487,433.47998,431.88705,480.33936,380.61902,229.32373,300.0744,315.2659,421.80228,519.06915,512.8663,344.03265,218.28523,698.9402,224.12361,371.8219,302.77808,362.54297,732.87335,663.5839,363.11862,286.52304,327.50253,1026.029,815.8311,351.8125,Desktop Computer,$Whiteboard$Printer$Phone$Shredder$Google Home$Desktop Computer
567085.0,239969.66,6687.169,11304.314,9486.924,5862.339,5687.5337,6148.508,8373.431,5723.8374,3329.587,10143.442,59054.477,41731.32,7724.4243,8792.3545,3725.5112,1109.6041,3704.3982,1942.4435,219.48268,2670.6216,2101.1978,3316.5867,1882.8845,3634.4133,1198.8729,1403.7219,2309.4526,794.8115,2361.1245,1202.3627,2149.3604,3100.1116,2235.766,1364.2397,2711.9287,5050.379,2578.0503,1169.9012,1472.2443,522.63446,1122.9401,2006.0555,1118.904,612.723,550.3403,1366.355,1134.4144,521.77,242.37856,301.4107,1036.3455,1190.0856,1074.6488,727.04193,409.5666,935.2012,1186.687,520.65295,1094.2621,938.22266,920.33026,1445.7836,1059.6339,536.72345,1552.147,1218.349,992.06854,1695.455,1097.9749,424.27542,987.9443,1151.8081,324.11276,1179.4225,460.0252,770.66425,1212.0084,647.6945,1324.2241,1525.6943,905.13367,1300.9812,657.40936,1087.0918,877.5608,167.62627,107.65444,266.4977,644.6466,567.02716,706.6111,571.07574,272.83014,575.65894,658.51825,508.54248,915.21924,921.7347,870.3088,950.78503,278.66147,280.19733,883.53345,481.41418,784.66705,896.07806,267.3897,255.6973,170.87146,404.10382,583.44025,835.5666,806.05396,799.74567,1088.0087,523.74493,729.7079,651.3363,794.0867,996.2137,1204.9562,975.25336,514.52625,642.38025,574.9381,486.06308,385.14386,310.01257,399.2256,376.67313,812.9372,1076.6766,1146.615,191.29254,370.06326,308.90088,385.5747,653.77106,537.0095,985.20703,665.72485,148.45967,640.46893,233.67448,186.16425,505.99362,767.34076,547.8932,168.45906,707.78894,1292.5087,1119.3636,965.1807,278.95282,931.66516,1007.9841,537.6065,1478.1398,1754.314,700.8667,1134.8779,1032.1934,947.1028,529.127,635.33984,337.36667,509.81018,245.62628,589.89935,874.9823,838.762,579.00555,159.84654,405.06137,327.3576,720.1288,1492.6554,1200.8163,1017.6051,562.96875,657.1684,829.95856,47.255657,61.37246,642.66,559.6199,738.76276,901.5693,544.06506,988.15265,733.73413,167.47899,330.98474,678.738,449.7954,381.72986,355.6118,668.09216,98.40457,264.1329,310.53687,315.51245,779.9399,1499.4644,442.1828,984.7876,897.51025,803.5544,706.282,481.39536,193.08047,526.6824,351.5445,647.9143,881.39594,319.93967,480.66583,389.70728,641.69696,701.27814,512.2707,1015.4969,508.99545,358.3622,649.0216,803.3969,960.933,1129.5343,800.1372,285.691,388.643,627.4786,434.4905,281.7937,201.76569,267.21414,332.98584,178.86705,73.566,420.68207,665.48584,922.09515,395.65143,509.41357,488.97025,239.26978,360.94836,775.692,470.83725,96.70385,280.89407,721.99146,207.59975,923.5093,349.8125,Desktop Computer,$Whiteboard$Printer$Phone$Shredder$Google Home$Desktop Computer
569668.1,243629.66,5237.2,5722.699,13153.844,14542.108,11836.441,5834.9727,5248.782,6633.918,8332.896,11058.857,62226.61,49632.418,8049.9014,4686.2095,1563.5518,3821.244,4736.4966,4957.9673,3350.5198,3585.7412,773.77057,2501.5344,2747.6182,635.59344,3087.351,2796.1316,639.2419,1572.6879,1280.2745,836.28674,1835.6145,1409.2938,1242.2014,1614.0837,2628.5608,4958.5273,1603.4956,1359.3325,717.9547,1585.5315,789.49634,223.33861,1465.1371,964.6221,548.8254,587.9596,508.04364,455.66367,336.1862,424.42438,1238.7175,1593.6542,1165.3289,1474.0195,502.42206,306.3691,646.92535,806.86395,665.15826,624.3675,764.51666,248.83838,246.24622,1469.9354,603.9007,519.0619,981.7039,509.08322,522.3311,516.10516,666.101,259.67706,189.01772,504.66876,393.82953,462.88803,779.11304,770.7668,194.24507,993.13434,509.35074,947.08624,929.5816,285.27017,579.79724,934.2881,889.56,136.55197,383.65878,781.29694,411.46063,667.6928,549.3715,558.1762,767.9609,912.5851,357.65106,651.31805,251.74884,108.496155,563.8539,573.8262,692.6088,490.2338,331.17178,866.6176,656.2886,299.89255,453.46893,322.65863,606.3181,673.77106,816.7967,49.015064,594.41583,628.68604,618.7587,432.40005,219.32639,473.2257,262.57748,211.25555,246.12773,477.83133,696.7017,619.9929,727.59863,574.12537,387.37442,404.3414,354.77982,793.256,1554.8757,572.7066,597.6625,577.73987,194.71767,275.62848,570.9003,705.31305,456.58188,571.2774,503.0662,693.89624,655.13763,827.22296,1253.4619,975.0214,961.0133,1023.7035,971.10065,800.962,376.55136,920.7384,1283.1123,837.5318,763.84076,349.19363,638.2801,451.13608,1187.8451,1173.9779,674.89105,700.08386,528.6801,637.6279,602.37933,144.60078,130.83194,157.68842,548.83997,639.59827,442.47318,149.1382,77.4817,655.97363,529.5365,606.4054,480.69244,612.17633,573.32104,827.52234,694.02997,823.7231,974.60876,883.4045,892.57886,339.8084,202.25801,637.80774,782.52057,838.65265,372.95532,255.67128,126.380066,433.579,979.23694,793.53925,832.0062,667.47626,1009.56287,1319.4733,1088.0188,1145.2697,825.75195,576.15875,314.9478,413.5197,401.76187,504.2342,535.19946,530.2987,651.4045,271.03827,717.65955,580.50385,203.2891,388.224,628.1189,547.0044,379.14368,940.858,457.05063,368.83655,701.3163,666.36896,929.1699,810.8654,540.53,232.68436,240.6528,267.6431,658.8091,619.9379,293.32782,472.93433,462.50064,224.27646,217.69302,254.81989,960.8715,1221.6034,597.03876,236.34705,237.4518,589.51575,266.66428,374.7978,453.532,155.72737,55.068172,214.11006,723.9036,930.2437,233.5,Desktop Computer,$Whiteboard$Printer$Phone$Shredder$Google Home$Desktop Computer
566079.5,241204.98,4372.7437,8917.626,5022.44,2006.0951,6104.194,5766.3574,7565.3184,3015.8916,5035.01,6613.1543,56313.438,46783.777,4442.224,3630.3057,8294.63,5707.226,3800.9329,4815.668,1090.521,2629.4138,5559.022,4395.4985,2928.0762,922.9873,1326.733,1100.7021,1823.6327,1979.153,2529.1238,1414.6621,2083.3943,1477.9802,1038.2014,404.32806,2895.46,4349.2285,2652.7195,1000.38824,1472.696,1765.0269,247.76709,192.98201,473.77008,799.97144,392.58252,485.68594,890.7734,1323.4899,731.8905,357.9107,703.0279,724.27325,1457.2483,439.57715,40.226795,585.6123,773.0634,707.3925,452.4041,160.68999,567.3703,422.38943,947.134,802.45013,394.70175,547.4129,371.91046,859.5281,247.88153,638.7816,298.79462,613.8692,789.3055,97.95671,632.5882,683.5643,727.2927,1008.21466,154.56683,771.44806,404.96954,569.1613,540.33813,431.71002,739.51117,338.82535,799.6195,556.8795,583.38477,710.30927,394.17368,993.292,843.7093,1004.8142,1182.5105,163.4526,1225.1765,944.8538,1087.8092,1232.4563,196.20045,676.22156,474.37622,197.14655,412.53122,680.5999,1008.6245,551.4178,851.5018,1416.165,1057.921,766.17975,591.2117,125.99879,523.48096,542.1083,673.0689,678.03235,421.93967,926.38104,288.0616,712.9317,588.0226,421.28223,930.76263,701.5228,418.56274,311.4657,374.26767,424.76062,982.9644,800.5216,1268.5817,744.16724,922.224,775.09894,151.6474,129.96312,125.217514,389.95908,375.9056,241.13539,374.6149,829.1866,954.55774,297.70038,984.30365,869.3136,428.08792,95.11178,477.16476,684.41064,284.87857,681.7539,272.0245,116.378586,427.59943,561.2433,323.4813,835.3755,949.2976,816.72174,1051.019,536.85803,662.31903,451.85516,790.95886,754.5254,290.71326,1019.3189,664.1308,551.0611,841.967,419.7649,605.68604,745.6471,529.06464,701.65765,129.32672,772.02625,531.8141,352.62506,581.827,1081.0679,756.4485,589.7513,906.42194,372.57538,1042.0186,601.25507,460.17688,1064.0216,348.9419,603.30383,290.96375,1003.9351,768.1829,181.79128,747.0453,885.686,634.9334,541.3299,636.1391,660.202,890.3342,360.71362,500.5137,1188.4174,597.20715,109.43287,496.61395,276.2081,697.03876,330.6013,904.33936,1267.3347,620.044,658.9821,356.68924,244.4077,571.201,997.0485,180.44246,769.74536,541.5796,380.80865,145.03217,309.39835,185.02713,767.13947,797.20264,442.20242,101.42172,955.1685,614.1455,515.703,974.8131,1077.9686,1209.9395,595.76215,501.2001,441.5702,41.18805,625.8767,690.5143,832.1898,1034.67,649.99414,591.9939,1029.4904,668.4878,416.62274,397.18387,539.17004,56.34375,Desktop Computer,$Whiteboard$Printer$Phone$Shredder$Google Home$Desktop Computer
567031.3,238454.33,5640.0337,6195.593,8437.007,8005.84,3839.5876,7010.184,8068.061,6055.2603,3409.9314,9744.812,57772.81,44194.2,3310.1975,1971.45,237.43753,4605.6704,3678.8628,2618.6978,3771.0066,2879.1787,890.7049,1883.1746,697.2454,1934.6044,3590.5938,3649.0847,1133.6871,1237.8499,1124.7388,1399.176,2851.546,1294.9674,2988.206,3731.5054,1979.34,3968.7432,3356.3296,2933.186,2403.1504,505.6244,703.9446,791.73376,1131.1444,611.7013,1094.5916,681.7019,987.30237,2190.8176,1050.5448,1015.1482,1037.9583,963.30676,1270.5233,349.1407,199.86613,1508.0819,1725.1263,577.3131,578.41644,542.1822,304.32434,979.3402,1303.415,506.8795,995.27386,1790.103,1264.5514,761.09143,548.7109,830.8879,822.61053,119.02763,1227.2838,723.4306,981.75397,1000.087,770.6783,1099.2557,513.658,885.20886,564.31946,910.6881,476.05032,1124.7887,331.40176,761.49884,1393.7937,490.07614,1232.1498,1194.9391,1041.1166,978.7297,1308.4205,1518.1744,1275.5477,929.38336,1040.8848,1406.6888,452.76566,928.62036,1128.0817,332.0729,797.5449,844.1574,975.4743,950.24725,333.21362,191.36057,318.17935,297.64612,220.18233,139.74832,532.07117,551.56805,366.6345,1269.9255,856.649,1150.2301,918.32697,731.4521,992.36554,274.7682,784.3568,434.27518,478.76617,593.3093,305.59512,368.73407,512.4566,967.8807,1447.3743,1174.1412,426.02176,980.8991,998.6015,422.1167,884.8572,954.74786,1081.8522,310.76675,302.59155,963.803,733.6648,329.36206,1140.4559,432.98154,151.36414,420.8096,546.8012,347.72733,699.41614,1284.2375,808.5813,516.96576,817.7858,344.97845,315.55673,196.7301,463.38083,895.19635,373.08054,370.5733,537.957,409.0772,79.75544,840.96906,573.3897,483.58945,1017.40985,472.05243,82.69194,461.0805,173.96356,525.5755,739.0067,357.48935,416.07568,1055.897,582.9709,514.46075,337.72314,527.7242,723.1973,316.36304,370.98178,665.5552,155.77675,503.47754,954.5707,339.48355,461.03766,1173.5339,561.337,213.05377,893.65814,522.1983,249.53716,412.10822,391.10614,346.43738,319.29248,476.30002,323.87305,664.0221,995.4134,265.72272,294.03668,833.40643,1262.7043,264.9176,720.41797,716.27625,767.0694,604.78357,777.7502,706.2604,559.73676,904.95374,638.1845,216.39304,580.2965,579.7495,912.0844,254.19489,603.23236,467.37146,247.04843,46.761562,82.699,326.74518,333.27005,43.27864,415.06577,752.59064,683.8914,356.74796,603.7402,239.39186,726.15216,584.9626,93.500305,66.11144,216.07399,670.2269,434.95438,640.88574,765.0865,488.0829,899.3632,757.7995,557.4752,525.10236,208.86658,489.12952,684.5625,Desktop Computer,$Whiteboard$Printer$Phone$Shredder$Google Home$Desktop Computer
567022.0,240874.05,10416.944,11466.227,10674.821,10137.477,6160.034,13325.258,5740.3184,4276.732,2916.5322,13741.039,59911.6,43148.19,1184.4624,2923.3389,955.9379,1669.4087,7192.6045,4316.216,2417.712,1995.6376,1492.5441,4644.08,3417.3044,1959.9381,2757.8853,3832.1716,3118.447,1529.5161,1369.3796,2977.7654,2202.028,2555.0405,1802.0616,1152.3871,1515.9749,4751.1016,2622.179,1172.7437,1266.5498,1435.0219,769.5174,1408.8899,882.4457,1942.5842,2248.106,996.8599,588.23236,1465.9852,684.5719,1009.00446,415.96268,637.8399,403.23755,348.3994,1218.9307,1871.5714,1584.4141,989.1487,1068.5923,209.05911,1214.6864,1250.9841,698.24426,879.7486,408.34607,424.9248,1429.4874,1327.0245,1188.1147,1047.9725,1237.7136,984.5526,610.95,1062.9434,1579.4043,985.8348,554.46814,1597.0154,1697.6268,489.06717,267.05844,970.9066,1146.5369,572.6504,474.06775,519.51434,673.8205,799.5983,388.5221,431.59183,312.53445,186.42488,395.3932,462.2425,624.0166,554.84625,579.0603,207.01143,571.0709,253.7322,460.63235,1236.274,886.91284,992.223,977.1887,88.91118,456.48956,696.2811,944.5048,1063.6012,478.075,132.16367,821.36975,1173.5387,642.5998,1055.9454,914.409,269.84137,115.53909,308.2079,393.4313,348.96164,765.60394,772.98663,994.37225,1238.2375,1039.6078,626.2096,235.67834,391.5484,388.5254,667.4225,1454.097,785.3979,336.1499,856.5882,1216.3269,825.2471,1193.789,893.73206,888.92773,919.63354,389.30783,569.93365,564.29474,605.21204,713.6362,234.05908,337.1056,1181.9884,1403.5789,1047.4775,991.4068,816.4309,647.8963,900.7535,1073.2885,878.5417,596.35333,898.279,629.51624,157.69705,490.13077,296.38626,291.62766,207.94553,647.4727,330.6105,429.5531,866.1553,783.77496,1032.5875,1044.3505,670.66064,791.6612,819.9618,766.4628,427.7366,337.377,855.13605,652.9515,601.968,969.4454,694.74023,433.9084,722.7582,782.20703,434.2389,565.84064,945.9261,1076.7471,1537.3796,1171.7933,936.82294,1653.4572,1435.6208,1261.5657,1412.4634,676.001,411.12704,184.37587,724.66364,583.81995,1028.803,646.4752,439.35562,382.73282,823.3943,1369.8684,367.21365,678.26526,743.7304,685.84216,577.5589,512.7464,900.61505,611.34357,281.8768,413.0169,488.92325,598.8015,585.483,805.0406,843.12134,354.2162,151.17929,301.76422,280.30087,262.6359,502.75662,710.2364,451.337,334.7321,579.7652,669.5754,775.901,566.62146,192.78976,741.557,1237.9761,1299.4574,1169.3057,1436.0242,1341.2722,800.26874,1076.8475,1460.0416,1008.4148,481.1905,220.78452,438.00308,568.74023,362.21216,307.67004,582.53125,Desktop Computer,$Whiteboard$Printer$Phone$Shredder$Google Home$Desktop Computer
568559.6,246137.67,6843.593,15401.009,17908.178,11054.736,7534.1626,10046.598,2861.7144,3818.6624,3634.0547,12655.917,57520.73,46352.918,2564.0183,3968.2095,1801.2559,667.61505,4309.4253,4477.1904,3707.956,1261.7954,1617.8737,1805.4769,2006.6707,1139.7616,1054.7515,1427.5121,1289.95,1743.1915,934.6773,2095.9966,1530.0803,1718.1508,864.6709,2996.745,1276.1421,4276.716,2269.5618,543.52606,546.5873,1283.5942,930.25323,960.6598,330.5453,1442.1466,688.5202,1165.0928,845.88745,280.19476,605.2008,1474.3655,334.2667,1670.0165,339.57132,1143.5062,1079.4469,1126.0657,1032.6428,301.71017,751.5825,232.98122,1411.1556,964.6335,580.3826,588.8855,486.28033,988.5796,434.38147,199.25253,367.64285,683.31915,400.62848,818.2197,1289.8895,473.2881,361.7556,314.76984,528.47253,728.5028,522.5262,190.50047,427.81406,186.70192,683.6377,580.4992,633.299,121.833374,450.56503,624.1003,664.7846,609.5424,316.06635,357.87064,517.6903,759.6615,758.0816,1487.617,416.33224,673.5702,771.21844,1162.014,755.595,551.8621,665.1302,743.41174,1026.6815,153.41238,1104.3446,150.76962,861.4626,754.1167,74.40053,489.74036,379.4271,251.32312,782.1217,1210.0837,644.7361,388.87964,396.13766,463.5354,934.13513,216.31984,845.7302,605.02954,359.13754,316.0927,156.3407,435.02917,317.46436,488.84525,819.48773,1361.9415,610.04956,679.3348,460.3479,860.798,598.2146,461.52478,521.4572,512.9784,770.9521,757.1402,260.28464,422.01913,185.79147,361.53192,566.9825,406.17514,316.1044,236.42252,1812.5022,1656.8154,378.66086,1151.0206,616.1434,973.43585,956.33704,559.0153,342.37344,981.2112,1260.2211,457.77512,393.65784,456.68994,504.51697,1190.6194,385.46927,522.6284,798.8118,192.24306,742.86786,538.71,648.87714,391.13696,434.13126,825.82275,247.44298,779.99426,438.02316,433.23215,553.1428,288.18338,526.129,169.31815,224.22073,287.5272,338.4893,620.06726,715.88153,499.71646,618.76044,404.52194,400.99432,392.3953,390.0749,204.62906,538.70435,1132.5887,683.86957,419.50925,485.41928,424.98495,1108.759,1256.7233,463.44916,1143.1818,1139.6422,895.83606,22.57845,506.3316,827.017,756.8694,637.7518,721.3245,443.0579,134.27332,512.46075,481.81558,88.87401,160.19484,356.4809,533.56366,324.4166,469.80142,460.85873,309.06506,476.39487,643.11816,725.74347,450.93207,308.68924,122.447624,242.99197,258.41083,430.3444,462.58582,799.8727,458.38934,65.68578,140.99335,1396.4948,964.95935,674.3277,1069.0944,502.71115,380.09192,316.98633,585.2471,299.2891,585.584,493.52826,411.22913,813.3867,1116.1373,866.46875,Desktop Computer,$Whiteboard$Printer$Phone$Shredder$Google Home$Desktop Computer
565387.4,239874.28,3229.5466,5301.733,17896.299,8304.841,3103.703,2765.867,12266.031,6400.2437,2484.5986,13192.325,56711.375,40390.414,2864.0164,3900.3286,2930.1304,1494.1516,3838.9768,1750.2836,1921.7393,2583.1765,4316.8896,4809.439,1592.826,1713.1191,409.765,151.57965,473.8419,1413.2972,1223.6738,917.2263,1231.4777,1320.1188,2758.9202,3067.7703,2409.759,5022.8726,2550.3118,351.4089,417.18567,1078.3022,1354.0033,231.91371,1394.6698,1885.6583,721.4682,718.78,983.7371,1011.17847,1752.3651,2189.1184,1983.3508,1594.2618,1185.2555,1498.4535,873.7107,647.7213,733.8918,275.4477,530.14307,616.6527,914.6596,460.75095,375.00385,452.9048,389.54773,560.4583,673.1567,662.69446,314.1979,460.233,490.5111,536.76965,1033.2034,288.7588,231.04959,283.64578,283.90448,247.73183,446.56238,392.79623,904.90686,371.20795,1046.6124,752.8248,527.995,474.56522,652.22174,411.87912,730.97595,998.3055,317.36435,1163.7245,468.0569,1048.6165,607.3569,731.8846,217.8703,693.8794,840.34174,930.94293,712.0611,1140.3158,477.82828,1243.9028,491.86124,1217.8402,827.9707,393.6285,646.93005,773.2681,99.950554,777.17615,761.5123,255.80217,53.66022,696.57416,375.33038,385.57895,458.39255,924.14307,691.67834,399.8014,966.6989,449.93973,236.39153,214.32698,161.342,391.98083,103.56174,796.64545,847.34564,243.82973,1057.7832,332.37607,518.93335,637.0588,651.3211,133.33922,651.37915,473.8684,338.08517,419.61215,610.41785,158.81187,561.42004,778.41833,693.5232,469.84073,345.67114,777.9805,1141.5865,354.14078,899.5643,1101.204,322.97232,555.71954,486.63535,1181.1157,501.87274,529.0649,613.40454,101.38177,186.92209,619.92,914.1423,462.95654,611.4357,601.05756,287.8534,725.35535,722.4888,672.81274,644.17084,280.13846,890.9448,453.73254,459.60434,656.8209,513.3719,94.30829,257.45602,666.23566,517.2012,219.27496,184.39711,433.27338,392.37097,362.05878,807.3962,1011.35486,506.7247,168.0555,153.4289,437.1486,516.87256,426.60303,683.7471,111.83952,383.9936,218.82782,604.6075,1036.7819,1167.543,827.2885,368.8123,914.14233,934.3273,853.48346,440.492,156.12727,413.30228,246.2313,234.7094,154.0047,512.8453,578.1267,315.27734,215.65378,442.1708,81.94207,179.52608,225.83817,533.51337,714.1593,656.8934,734.89075,662.91205,628.80475,250.40912,762.84717,623.16724,132.37381,431.73935,548.6435,401.71176,352.67432,69.33075,208.832,440.72192,169.36946,635.29175,680.158,117.21222,478.73608,480.27588,293.5069,190.2903,351.59277,276.6441,704.67554,952.57153,783.6988,619.0353,245.95445,535.96875,Desktop Computer,$Whiteboard$Printer$Phone$Shredder$Google Home$Desktop Computer
567610.25,240471.17,5064.782,4791.88,7562.9097,2122.3452,6761.529,7860.6226,11598.269,7576.1895,4563.324,8182.188,56176.68,48558.16,5578.3706,6419.4854,5477.7583,1631.4319,3663.4355,1903.8712,4425.594,3186.1157,3048.6426,3807.125,1498.9824,1712.1948,138.26018,913.9752,746.5072,528.3108,921.8879,1638.5026,2874.326,1135.8184,294.97806,475.18506,2272.1611,5009.797,1787.3063,1427.5637,895.447,1300.1357,2609.2903,1527.148,329.86502,750.5307,415.1019,933.28973,790.6429,1197.036,773.3132,629.43945,696.74335,315.5036,413.41556,1114.4164,820.2191,1016.45605,309.75024,376.81516,652.82074,1200.361,1469.8468,1122.6552,627.86536,840.6948,1159.3936,442.31512,650.70636,843.4293,254.11859,516.40106,452.28278,550.3597,1067.6396,378.90805,364.20044,394.98608,699.37036,536.7762,945.70276,622.5236,881.8009,351.357,1029.5743,730.0181,487.47888,539.74457,760.96985,753.8996,477.83026,557.7383,731.49164,558.20984,773.1944,755.19763,1250.6858,1326.6196,1051.7155,1148.7946,265.59467,498.75345,809.58813,309.61557,1000.7166,423.75873,604.24817,688.6947,459.27493,716.29376,765.82465,672.8107,1004.0481,707.9137,902.8926,1144.2749,704.3343,272.98193,369.1439,1139.2559,900.8059,823.36755,961.0679,561.8249,546.9179,454.64636,530.2294,415.6415,317.93417,1022.8128,1279.2817,967.7476,1570.0841,1496.2858,1588.6235,1418.1793,899.1502,451.85553,319.64932,98.325325,239.08101,653.6694,463.27908,482.0732,757.5043,480.4469,377.4608,349.727,446.35797,408.62607,121.284706,490.51996,328.7038,667.98334,566.91876,740.6183,430.9981,664.7098,633.5616,436.83148,596.58575,520.502,322.5705,375.26385,176.97227,267.16986,588.9097,542.7358,720.8303,397.13876,464.84442,589.5596,435.5694,154.25983,359.82272,247.13708,448.80603,541.22144,570.1512,252.54207,320.38507,157.59698,530.5942,638.02936,147.64365,408.16504,446.41827,395.80557,461.92938,386.06354,9.645629,266.443,519.9922,597.2232,635.68005,1136.9574,670.2423,232.09125,369.97183,553.95337,221.6778,290.3607,156.71794,394.366,375.29117,864.68866,920.28094,1059.3287,996.7587,583.9515,125.04322,210.90353,644.18774,594.7829,362.58246,315.20035,284.51337,640.6485,601.9963,192.1811,140.70897,848.0546,371.59198,195.53156,520.4424,467.86053,284.3709,468.15732,227.7212,338.8771,287.86887,310.8562,207.56155,356.7182,407.59467,416.43936,137.33618,598.549,473.86163,469.41525,49.204483,436.09192,262.5234,110.049835,354.3948,621.4644,663.8131,769.4953,477.58606,299.60358,652.3032,212.76465,339.31537,244.73505,295.66132,614.0411,680.53125,Desktop Computer,$Whiteboard$Printer$Phone$Shredder$Google Home$Desktop Computer
568207.5,240625.62,5665.9985,5224.2095,12754.719,9303.35,1490.0562,9908.712,14984.769,8979.39,951.8266,14689.031,60014.85,43907.59,1620.2266,2252.5312,2681.6836,2124.4114,4134.3086,1823.77,3166.5383,3617.3875,769.4786,3469.3035,3944.0327,4351.1245,2932.0317,2484.34,1562.5992,1032.9369,1567.6775,2784.7532,4056.0078,1657.3197,918.5972,1094.9779,1236.2549,3533.8655,2098.012,304.32074,660.91565,1212.4534,333.73508,1144.7104,1582.6162,1107.0314,403.0106,1370.744,1435.907,1451.7291,803.5351,250.3218,236.36577,819.3076,1600.9752,1505.8611,1005.818,579.45856,646.5974,792.4751,324.19174,767.13544,1141.6798,187.80151,883.5511,445.65564,633.04364,179.97893,746.28375,186.15907,745.38715,1039.4707,1273.6505,457.13217,827.6534,745.3074,1473.6755,1402.7626,1265.613,1397.7329,654.5577,1236.4618,765.11816,708.25104,759.71075,315.25806,920.1929,787.695,1308.9989,386.68686,206.0695,484.887,704.63983,640.07776,868.7012,1304.8384,1621.784,1455.2936,558.02936,1484.4122,1219.4338,977.11487,1104.8302,427.0841,651.30615,770.24866,216.14465,808.1305,75.01031,393.00403,591.1833,398.3596,342.38336,793.44525,937.2138,659.2191,838.12946,1296.6425,241.94824,759.6909,201.95428,625.1726,1287.7208,902.5328,293.33362,628.3892,624.12115,766.6641,1248.2036,729.008,1341.8555,931.0698,1796.3755,1496.5565,485.09924,1516.1323,1364.7172,731.82587,649.1466,534.9508,658.5067,1150.4612,1058.1049,285.9159,1187.0111,337.37357,585.3487,503.6478,518.179,1000.57916,1439.9829,1172.4889,262.8977,724.91144,902.7849,576.88605,606.46515,575.67334,316.7093,422.21124,553.39246,355.97015,695.80237,400.0796,568.5427,616.0301,188.83961,65.215515,120.30718,219.81259,317.28592,351.28403,382.13638,245.3092,879.1932,993.13306,281.57758,953.4332,448.9475,1405.176,1330.8269,383.78738,1098.4443,506.76892,1254.7416,1035.507,716.6995,857.787,708.7696,515.24457,391.48987,571.8357,691.8718,445.5534,801.7492,560.328,381.40335,106.05294,200.55606,667.1482,322.98672,490.30942,585.02313,724.4821,435.06927,1485.7075,1561.8546,553.06805,1834.3822,963.4204,740.0958,364.59723,933.3433,891.06757,400.16895,739.2954,1209.1769,972.95917,593.01196,971.7818,601.75397,1168.1072,720.3603,817.31995,1162.2808,234.5461,836.905,465.05194,535.03864,934.3295,676.4921,1104.2683,752.9351,807.48303,851.40985,584.4919,928.0626,839.33777,1221.3208,631.56903,596.26373,527.44055,545.8857,643.2395,980.3017,469.76065,422.26288,155.66782,436.8278,335.87625,275.0649,490.68814,556.836,391.38312,717.56726,591.9993,1143.2188,Desktop Computer,$Whiteboard$Printer$Phone$Shredder$Google Home$Desktop Computer
565607.75,240986.19,4641.573,6417.3433,9645.105,10839.704,7586.762,6811.282,8046.3525,2408.8103,3607.0054,10142.204,56163.406,45215.63,5045.7656,1433.6677,3190.3003,3803.2473,3760.3225,2583.373,2168.008,3078.4646,5235.649,3625.3591,3279.2222,3536.8503,2149.431,1980.2866,2293.79,1028.4784,82.13819,2582.3647,2166.932,400.1614,264.03067,788.5229,421.86945,3372.5088,2237.5957,1358.213,468.98416,1811.0242,1407.2544,405.54852,176.0374,570.2938,527.5263,938.38873,582.62415,781.2584,621.6987,293.09204,367.81943,379.55527,621.573,221.85037,537.0903,159.03278,280.12622,181.05447,527.43744,1503.2938,1111.8466,593.5295,975.9828,659.6122,259.37006,975.21375,626.8563,698.2397,492.27115,471.7526,673.03143,144.9693,921.49994,1168.7104,186.94293,689.5118,626.6693,540.0774,811.9341,1205.8707,208.09218,853.60004,1040.1226,823.9269,349.94876,703.5422,752.3612,894.0146,429.10254,888.6128,1263.1254,838.21655,887.17957,1114.9292,451.20142,1344.0637,1009.4911,1313.2821,960.459,584.30286,999.21295,582.0694,638.37836,804.5383,255.29324,990.8418,643.43524,376.23645,1130.5496,659.51196,347.92523,723.0733,1314.6218,1047.518,812.97253,1190.126,130.65662,1115.7509,827.15497,764.70044,1521.7347,655.1435,813.1936,1484.7832,539.2267,850.30115,628.90985,596.8694,1270.3618,1213.0958,910.4264,739.222,1416.6052,542.6112,781.09656,654.25464,686.43756,455.83597,804.87445,983.3707,290.2816,1470.3392,1210.6669,515.9565,1534.9152,1088.2902,336.46924,1057.5173,644.0468,351.50995,590.4535,248.07814,455.03564,646.0388,652.702,307.1097,1064.7023,1053.5239,472.9278,531.50037,584.2346,658.3075,850.5504,292.5969,288.6788,309.2043,271.4526,208.06662,449.75854,440.89014,666.12024,854.96796,378.36298,792.8799,356.7788,1038.1097,868.0814,773.0169,1593.8572,1034.1067,853.6227,1554.9255,891.2821,564.9426,865.85315,532.55206,690.94196,645.71484,865.9759,1057.3961,501.6581,475.47543,697.5229,458.30734,427.41864,518.27075,644.508,543.6074,458.66644,731.27344,610.2999,287.5722,998.7651,1916.3868,2092.9204,1235.1643,1551.7458,1606.9122,1477.3905,544.0762,1028.1239,1540.2716,733.61896,623.43494,702.01807,809.51074,741.458,410.40097,1374.2012,1367.1642,204.16107,798.6054,560.9694,920.8982,1422.7982,673.91315,1348.4086,1176.187,585.0493,1122.2236,732.3705,657.08594,1231.5266,452.71735,987.51196,1301.3564,863.14746,648.4425,1030.0457,715.16724,23.637323,1040.8242,1031.8715,187.1634,279.9361,462.13702,156.51382,291.27087,260.94186,628.07104,257.89856,561.92395,566.17365,497.61148,140.75,Desktop Computer,$Whiteboard$Printer$Phone$Shredder$Google Home$Desktop Computer
566846.56,240431.84,9797.586,11981.196,9197.098,4049.9685,2529.4524,2242.774,6695.619,3793.7896,4058.8064,14906.676,56393.48,44935.977,4880.5483,626.9671,2606.1997,1079.0371,2485.4124,2672.4216,2470.6077,2040.481,3882.1736,2889.204,1594.9349,3804.0432,3680.8718,412.4021,552.1772,445.86484,1792.2754,1605.7992,794.64746,774.68713,1176.9293,347.30502,2840.2117,4529.1973,1039.4814,697.6395,156.12299,1848.5255,1267.318,473.61923,822.5803,1517.1246,620.53467,683.6981,1809.1902,1128.3134,1029.3228,728.316,894.5119,337.9677,676.01263,661.28357,615.3899,780.6635,582.89026,336.5054,72.52206,888.5185,1391.1206,698.4536,514.3996,512.84186,126.93181,507.00815,606.3668,426.1686,90.82559,282.4492,603.06573,427.5978,1151.8451,239.21577,288.59482,776.2191,516.284,588.24774,909.0351,156.65207,628.2802,330.55676,333.084,524.7463,366.9543,145.12483,359.83945,300.23178,226.04857,393.72263,285.62683,243.27895,950.75806,223.79683,399.87537,519.99664,1225.5112,1395.2645,832.02747,849.61096,321.6935,1071.4092,710.13324,136.89508,504.7255,897.2616,940.2529,738.03796,364.7629,134.24248,800.3913,285.8435,535.7949,327.49246,78.04975,564.97375,289.23206,517.6899,38.447475,649.3146,592.03467,193.49306,263.45337,247.7392,678.28973,237.49861,226.75865,287.42178,534.9459,615.3841,526.8881,295.53748,1153.6167,389.43567,1230.8937,512.6138,491.9943,199.43723,585.57996,463.4172,366.4754,720.6501,68.9796,387.4062,418.17667,261.61356,532.5233,540.4645,671.2124,1017.2163,1434.9851,958.9007,217.54,642.42474,713.5632,212.46338,318.8323,323.55927,105.39018,322.7551,636.615,187.33105,275.00168,386.60037,341.36554,52.74304,205.8584,208.43008,455.93982,478.2459,395.44684,301.3344,320.51175,303.03345,119.5578,287.60843,233.98495,389.53555,508.79453,400.52982,135.12845,361.5843,227.3463,514.13525,89.43437,315.33258,117.78693,508.27542,571.04724,219.85828,545.16095,229.46735,171.1296,173.96748,519.7552,220.08113,318.50772,503.60287,158.88402,167.4705,181.89565,491.70853,298.7157,1142.8223,270.6695,1190.9031,1183.3596,1100.1409,295.13718,286.32574,604.868,370.97205,493.52698,226.08614,460.94284,407.4285,283.5452,386.91306,406.1839,135.80977,776.4888,514.24457,706.86127,425.71118,411.1773,125.11258,417.67664,257.29706,514.9828,663.9842,103.21498,397.8414,450.6828,698.961,620.57635,425.4604,444.2196,841.7837,432.4804,51.56523,179.28142,486.56604,609.58496,471.6692,378.23706,274.86404,220.51776,401.15213,840.6233,631.47797,140.42847,529.02466,555.7404,533.4744,346.4375,Desktop Computer,$Whiteboard$Printer$Phone$Shredder$Google Home$Desktop Computer
567345.8,240938.08,3051.97,1396.0989,7292.0547,3696.35,4440.432,5327.6865,7362.3696,7532.4116,6045.0864,16685.455,56600.996,40368.504,1161.7213,2706.1912,5510.524,5754.466,2961.804,1293.3572,1591.1235,2630.759,4428.3047,2372.038,3003.2893,5268.9067,2081.9724,429.728,1562.0912,2427.2031,1031.3007,1877.6993,1917.202,773.5893,1082.7477,486.86557,2419.6887,4795.3013,2967.704,554.0404,777.94904,1097.1648,2618.489,1792.5581,1380.8372,995.15485,1100.8541,602.85876,1592.4022,1856.4994,1044.7482,1304.3555,1350.0546,1270.8612,848.4553,1164.4766,597.82806,1043.3372,783.2726,1133.9188,1235.3057,1326.4978,1059.9409,1034.9243,921.1739,168.22446,320.31305,966.614,1629.5765,1606.8624,794.2817,398.01846,1078.5753,1213.6055,1287.0856,959.7362,1403.2793,781.5694,823.78,1358.3188,560.44586,591.93085,1017.7954,760.88544,619.80566,354.44562,307.3411,69.92472,269.54333,860.65424,738.873,781.06165,1019.1914,1135.0953,686.7705,448.8685,1095.5677,746.41125,642.1223,753.42847,717.3979,611.9101,449.99612,1792.6051,1642.0377,1528.5585,1417.4967,974.99036,844.86725,689.5946,573.5726,654.4476,660.21643,725.51605,572.2491,510.2986,838.944,1110.0806,423.50586,611.16974,907.72186,441.7138,526.91473,638.5077,101.6036,498.9496,245.0531,405.73456,459.5346,452.2805,359.61584,371.1983,677.354,1278.9077,1492.4371,661.8152,992.2008,505.872,631.5521,310.94864,312.62238,956.18024,1098.6876,416.64966,400.8373,446.41257,191.04745,471.3171,191.80313,638.80304,629.0848,739.2412,706.7409,833.12787,899.4101,591.4781,106.61659,296.26068,355.37198,74.60616,274.82904,295.79184,306.1142,155.63643,423.4947,551.23236,516.9109,286.16425,533.15735,283.68298,535.2294,647.00165,389.202,1043.4935,827.097,371.54407,403.42636,628.0729,266.34927,514.57086,442.95996,139.42468,215.04984,51.127396,354.55392,408.05728,596.0209,140.80795,189.04314,205.51775,247.15118,311.64594,391.62158,226.38419,277.8512,670.49365,310.65637,592.8715,659.75446,382.52686,99.84953,233.66154,721.98956,716.1809,1382.7677,1397.9408,687.1472,1778.458,986.9576,635.93176,678.74274,328.67722,857.62335,304.44247,166.09352,353.5374,546.76483,549.95514,695.4857,1246.376,874.1761,535.7152,397.9757,216.45374,472.07974,560.6897,260.33478,52.92311,325.82678,650.25916,679.73914,655.36066,783.22314,987.87805,472.82047,144.99855,703.2314,378.7264,405.38623,515.93036,195.40352,315.44077,469.96338,379.08865,43.03971,100.74269,263.45496,278.07144,420.1231,164.2858,132.77304,338.10876,371.05423,359.7235,182.11101,234.44649,221.3125,Desktop Computer,$Whiteboard$Printer$Phone$Shredder$Google Home$Desktop Computer
566534.75,241099.78,7199.64,12013.983,4736.738,4556.1733,2365.294,5600.5522,1837.3188,2597.5586,1420.6484,13273.981,58307.625,43518.52,3801.121,1380.0494,1446.4706,2710.5193,4189.9614,1536.6628,1997.2478,3698.1482,4397.9243,1966.0204,3053.96,2976.3457,1203.9818,1449.2719,716.8499,978.7008,590.13385,2040.1139,2269.2422,1332.6447,608.8594,1004.97144,1828.1244,4419.532,2005.6855,935.329,1786.428,1457.1016,218.90363,406.25284,1003.26404,934.58496,1617.5898,1056.297,884.464,1323.6567,1149.3506,452.7378,702.15576,1550.0059,777.10126,634.4037,33.945457,396.89188,698.8668,294.89178,445.34964,133.12456,660.04083,433.62634,305.3565,353.44214,366.27383,407.95508,318.854,545.3573,213.86761,296.3629,714.4061,484.9509,210.07744,647.87714,371.19843,582.40485,519.5454,743.63043,304.87253,318.78964,118.160126,199.3215,387.5299,495.52863,536.6098,610.0972,293.70865,374.9641,467.6059,232.48581,74.99567,738.49994,561.07135,556.1681,970.87,429.93005,605.98413,249.55508,110.16759,600.02277,880.46783,667.7902,359.8541,348.3468,354.01675,491.0295,740.47577,945.0521,949.27264,841.6453,531.85046,372.82352,727.58,684.4271,333.5004,725.0884,930.9557,319.0098,428.91077,789.2282,404.07523,88.69377,199.99507,715.5547,601.6097,435.4857,290.27927,355.62372,418.802,422.75394,498.7426,1073.8197,1469.6985,182.89833,342.99448,336.43674,148.60121,637.86536,273.80252,320.53113,414.63556,176.78075,694.91174,393.13718,395.7608,373.6967,218.30696,747.60486,762.48486,847.26685,783.02856,596.0037,1078.9595,344.0597,229.40762,114.764114,150.97562,152.89854,310.4185,411.5949,574.10815,502.01782,290.18634,320.32602,219.94862,253.4131,109.858345,239.23756,26.341536,675.34546,861.85046,282.99332,269.39078,152.33336,620.6873,524.7874,383.12936,649.56213,174.33485,290.95023,438.83777,287.04633,608.59894,713.5738,173.92082,299.16385,191.24568,653.91583,346.22665,175.25537,364.67725,407.12012,371.58002,870.0937,888.8142,496.03366,566.83075,544.6532,642.0862,831.16644,769.4419,323.449,279.04462,547.39667,1070.5767,1078.2782,292.916,256.82187,558.3618,795.5985,794.06696,544.44476,377.90567,454.02768,388.45956,502.9335,631.1625,653.4726,613.8758,664.42,663.0137,366.84674,449.88776,375.8861,136.96877,241.45598,135.72577,225.86555,385.61917,386.92715,533.9807,623.14996,753.48615,449.78116,978.86743,1123.4088,422.2557,405.09772,427.91666,257.26245,215.16666,284.1347,526.6201,570.9812,751.0981,931.93945,754.5103,492.92252,121.39269,277.02533,339.1021,722.1525,461.5757,298.47363,355.625,Desktop Computer,$Whiteboard$Printer$Phone$Shredder$Google Home$Desktop Computer
573472.5,247392.6,2618.8875,8939.495,12836.28,10251.108,4852.673,9193.435,11120.236,7301.92,3451.0586,13483.284,57492.797,47697.266,8082.6045,4041.003,2281.5122,2471.993,3390.6575,4743.0625,4150.7354,3097.2156,1201.5377,3070.3088,4545.4326,4143.5947,820.9716,2974.4902,3834.7039,3272.4001,1611.2333,975.5814,2305.3738,1534.9442,1802.7032,1112.6642,1623.9272,4825.505,2443.8022,820.0577,1194.2971,1012.1235,986.05896,727.8535,482.11737,1308.3602,1727.3877,1534.1053,635.528,871.9392,179.48947,1558.2444,1350.4647,775.7809,516.12115,909.3567,943.7813,465.96036,583.566,114.9945,965.7593,1195.0992,760.33527,884.66016,691.10077,613.5465,1686.2423,1849.4681,1759.7501,1474.0131,1226.3362,1003.1406,1278.6342,1115.4658,586.3566,784.70447,250.01118,506.81833,468.88907,537.5756,583.9846,1059.2542,741.75916,705.00995,845.3948,907.0008,1200.3066,1212.4124,1033.768,942.253,692.1309,794.06885,1275.3004,781.496,392.0709,547.3519,439.32538,887.191,1191.5563,799.7233,783.3033,629.05927,582.246,654.25195,824.2454,343.73737,927.4515,1558.093,1009.62256,1264.6154,1420.114,564.12256,1125.327,771.0528,892.71027,749.8134,333.20126,866.1751,631.23505,912.85864,875.59625,579.05676,104.45592,168.59317,534.14197,378.90494,384.04446,812.53284,546.03986,412.20596,1095.5392,1024.2965,485.08356,612.9393,1290.4337,533.2644,933.6383,96.37905,564.9322,572.24695,753.0594,1483.2568,1584.2572,911.75085,739.0939,1091.8408,752.4967,865.2927,504.3206,758.4151,1083.0127,1456.0681,1973.5109,1962.342,922.6708,957.598,617.71643,369.56567,522.8704,510.9359,296.66602,424.30472,487.80316,1109.2318,1420.5593,1236.5602,1586.3009,1700.9677,785.51263,1070.7834,906.9393,599.0717,651.0013,575.1885,360.57242,529.06586,449.68472,826.1373,491.30392,323.74112,984.53845,837.26935,577.3401,1219.5924,1116.0927,1488.4409,1343.5264,1595.9855,1691.2296,1145.0093,814.43964,911.37006,796.3459,778.4923,862.8338,896.20374,561.7562,595.34454,737.9948,417.9728,138.91208,365.5648,348.25333,744.85596,720.5467,831.4949,1219.4283,1038.0195,590.84753,386.38556,634.5983,498.0904,877.37885,746.424,497.9221,918.673,1075.5345,959.6504,1118.3281,1251.5067,694.7726,605.74695,835.50287,462.60733,562.10406,674.72723,181.21469,202.9308,460.35614,795.5269,729.4016,249.46405,298.4349,1241.1748,1720.6567,1071.2974,781.8814,653.8086,641.0895,1050.1025,1362.4666,1167.3606,506.8957,311.22076,148.56447,248.27446,153.8524,346.90353,513.53815,433.05246,385.33118,258.7217,233.45885,563.7881,962.03394,619.3495,317.6875,Desktop Computer,$Whiteboard$Printer$Phone$Shredder$Google Home$Desktop Computer
565280.5,237689.0,6636.3335,6790.303,6395.885,2048.4314,7862.629,6466.074,11959.848,7476.7188,1359.5471,11058.842,55020.67,42282.145,3314.1443,1612.4629,1842.7538,1068.3715,1721.0044,2871.297,2776.9277,4767.5137,2837.6904,2161.736,2490.2295,3112.463,956.3722,146.124,762.4226,858.1268,1505.1449,1938.9144,4688.914,2883.9087,2139.5957,1921.4573,1973.9156,3386.633,1473.9475,530.6962,1248.4626,308.1744,53.579433,490.1979,1109.243,712.49084,351.01593,284.36115,775.04596,1420.1045,1239.4427,1933.5707,1420.8966,415.56216,871.2431,1190.4445,1160.1311,1087.3528,406.02386,215.68166,223.76254,1484.477,1209.3029,859.4316,684.2623,1127.2817,1310.0753,435.19226,147.89917,545.59625,391.0765,458.22552,369.98874,614.9415,999.6685,590.93115,894.6186,745.74316,872.9878,681.6819,445.59937,268.9114,334.06067,694.8317,850.84875,542.917,558.00195,383.7193,501.42987,376.00635,557.58765,309.43835,241.91249,977.68744,908.32983,782.01447,1264.8772,1126.8461,597.2268,739.51227,753.1485,451.5091,337.78915,260.1241,431.6144,308.66595,1048.1505,1881.253,1074.3279,1934.223,2538.1882,1192.197,1686.9435,2044.5494,969.25024,1369.1279,1082.609,617.7497,244.18144,744.45654,678.6849,933.4154,76.86118,613.7997,571.4775,662.9632,1081.8018,1249.436,1715.5172,1947.1055,1592.2844,703.02045,1277.5455,1532.9431,1471.0477,913.5946,924.98663,924.8593,735.28766,709.567,530.0371,608.1582,624.6569,404.1775,758.24255,325.43625,324.94397,171.57121,595.1685,953.0952,997.05756,346.7815,798.8337,1353.7166,644.52155,466.0094,188.99954,429.06732,88.51523,125.651184,509.43832,294.41766,295.6502,404.73764,458.28247,785.15326,1042.1182,1648.9069,2217.1194,1519.8766,1025.5243,1597.6649,1340.1909,474.68607,237.36743,481.5021,240.14214,539.60443,154.6401,924.56256,1527.9147,918.6594,1131.8965,1402.7983,948.41345,657.781,648.0456,710.9177,616.4591,359.1048,521.758,240.28185,435.9197,651.2534,888.2265,940.6211,509.7918,503.32397,407.7068,279.3791,640.46704,589.10626,550.0965,630.8529,1125.7478,511.21292,315.43076,594.94965,724.1669,948.7729,1239.7603,1067.8335,816.77466,813.6934,257.17102,415.92023,206.2607,496.42322,1309.809,884.8766,671.9661,748.253,532.3612,496.73767,684.54285,1262.3829,995.90137,494.36508,970.4352,945.14526,820.82074,895.0328,780.6455,536.27594,888.1965,289.20023,527.72955,354.16324,129.76767,191.71692,425.38895,265.54306,440.6814,290.77704,373.66037,399.38998,150.5869,290.5867,227.33432,508.12927,1078.3933,713.0389,76.087425,737.6491,1080.7703,724.1243,1222.25,Desktop Computer,$Whiteboard$Printer$Phone$Shredder$Google Home$Desktop Computer
563964.4,239314.44,11776.358,12816.359,11894.353,4596.3726,1544.5632,7788.268,5582.4546,3690.8242,7011.1323,15143.115,59298.12,45672.5,6423.0303,2135.1738,1310.8959,1757.3551,2831.822,2936.7993,5624.5513,2052.7346,1543.1554,2284.1624,543.9317,2053.329,2184.038,2344.4492,1938.5104,2080.2495,1228.9736,775.92773,1470.4727,1654.9445,2529.1338,1845.361,2330.4768,3753.7979,1384.0692,1560.4843,1751.2896,993.983,709.0932,2178.6611,2382.4863,925.98364,1411.5331,1362.035,783.5162,825.0867,1388.1796,1030.8584,85.3336,488.14532,669.4474,491.3541,762.4172,465.93164,568.97504,631.90753,543.3936,597.0728,616.8146,305.07086,316.14758,795.5805,656.4229,643.1702,482.16165,525.57745,551.6539,193.06012,551.861,454.98456,593.3858,248.24545,97.88389,502.39758,931.6587,1214.8094,866.4009,628.80334,889.511,509.9503,138.2514,299.39908,614.12286,498.4972,708.52155,933.1762,762.64026,856.3937,265.59647,101.24421,300.26535,451.23053,583.90515,227.05692,621.6754,213.40111,866.64813,1022.5777,1253.7991,1181.9818,878.52454,597.35114,509.03082,1106.822,612.87427,1160.534,617.6095,635.4796,901.2073,98.21181,851.87225,403.86624,455.17648,473.76703,771.9071,240.21823,458.17218,755.7898,101.21274,761.44885,757.9567,293.5771,535.46655,702.82916,400.83054,180.50981,580.9966,394.60992,896.7655,1159.3534,1406.8539,912.0609,742.7861,677.84,951.5824,515.46344,415.23608,469.36972,250.58835,472.1471,273.14893,294.7156,299.16257,433.5559,339.28064,262.66962,271.76886,669.4906,687.372,262.19507,485.93076,569.1273,239.69704,543.5826,747.4026,723.06104,581.15356,431.75287,613.19794,580.19525,594.9827,302.13812,523.10364,794.7187,374.5427,572.8127,126.17717,399.71252,191.93213,345.6737,329.1775,175.7771,137.13295,753.42926,555.09216,558.56995,594.01373,58.7391,515.9598,361.02634,290.68304,432.08984,311.72092,551.6312,880.4847,924.84534,560.8904,461.90396,197.49895,385.30212,472.724,311.15417,371.41702,336.7251,112.097626,161.79976,224.76517,418.2948,636.66785,1262.2513,1516.3905,482.38092,629.5044,85.089264,216.61029,83.88977,414.35043,715.28296,225.57498,380.35782,519.22516,409.59924,391.11392,354.39493,600.54956,395.28302,712.308,663.75006,376.49445,607.87634,691.1603,481.98663,607.5464,325.8798,99.50459,391.87927,575.3871,435.9119,456.108,341.28207,468.6804,672.0954,402.78238,427.72812,455.26923,608.8595,1093.9628,498.10187,368.1194,631.7293,643.4138,481.37814,94.36034,584.4105,545.8414,808.6749,673.7015,387.51147,549.4805,397.64075,943.85785,733.8763,456.15625,Desktop Computer,$Whiteboard$Printer$Phone$Shredder$Google Home$Desktop Computer
569330.6,247976.31,7043.965,12386.62,17776.521,9764.817,9619.215,8986.3545,6638.234,2413.8801,4356.2993,12580.211,58781.824,41227.184,2516.34,3325.5388,618.94025,3361.8826,7292.96,2479.1816,2401.5078,1869.6482,2115.3784,370.35394,1000.7918,1458.8477,514.28577,793.90967,2523.9292,2560.4565,1905.1223,2376.5396,1819.0929,1890.9078,1254.7272,1183.066,2417.1091,5258.8604,2358.6038,1435.5537,1477.4307,240.40125,245.42372,1321.4475,2007.7411,1336.9442,965.962,1352.4115,1070.2603,433.3162,332.46686,1014.17566,653.48926,1087.5562,1346.8315,651.634,372.89542,332.71973,552.593,405.87088,24.105356,483.30475,624.3426,653.3271,493.9956,965.86365,613.2177,450.98944,492.1055,600.10297,999.26074,757.83,1042.4653,947.5078,1671.9097,1365.8413,1083.0933,540.916,588.41504,692.4871,1112.3618,621.26697,233.66101,983.37085,680.49994,169.60828,1123.9227,847.7686,608.5953,628.32916,559.03534,599.63367,705.88336,741.36224,753.4273,1097.3694,783.87225,232.8569,753.4377,1112.8608,497.26135,506.3708,672.9972,402.07654,1198.0326,550.5816,516.44574,330.97067,1132.703,693.38745,502.20944,912.66895,441.7748,905.154,950.9012,719.0229,786.8922,821.2524,630.14105,608.93555,439.54367,309.8565,372.5421,748.62213,605.2311,372.93628,511.91803,814.7769,546.6221,470.14835,441.39703,654.9467,545.8985,502.18768,1400.5099,882.22986,650.1279,830.84393,1181.0149,1028.456,1026.9205,1187.022,930.5188,960.6984,1128.6869,855.79175,954.9648,1380.6018,1072.8257,813.78186,830.38696,872.01447,552.6087,822.90204,536.00604,590.3596,1291.9955,1168.511,526.8657,575.9289,737.31726,415.53793,777.52344,793.2973,1356.8953,1194.8159,1109.3558,1798.8433,1723.6332,1482.6658,1659.8744,1734.9396,1324.3964,1080.5431,820.6069,805.54816,611.56067,544.7375,886.5284,705.61444,902.75995,876.3094,937.71906,529.5454,737.4431,976.4276,838.1508,391.9464,785.3375,803.9623,761.7782,360.91586,80.91363,457.15073,603.69257,909.1971,782.3426,878.80396,886.25604,1137.1589,994.3105,977.2948,679.5851,564.5096,509.5213,1317.0446,952.3273,406.14798,483.61374,794.7815,735.0207,190.49783,301.31976,338.20575,271.39108,224.82236,309.05948,447.24728,753.8535,153.74738,577.6462,134.95932,475.7229,498.75354,466.2554,554.267,840.9867,620.5729,139.1787,646.599,442.8367,677.67206,956.8791,1124.322,1085.6912,1137.1107,628.13196,547.7202,279.35532,257.46747,794.53625,484.16376,380.24384,505.05096,864.4228,393.07266,488.8862,501.07526,44.734844,237.43039,869.01733,508.25015,442.63422,472.78644,480.92792,740.3687,1041.125,Desktop Computer,$Whiteboard$Printer$Phone$Shredder$Google Home$Desktop Computer
568301.8,245525.48,9953.446,15538.319,9702.114,11644.947,9479.637,8695.877,2106.8936,4813.25,4884.3145,13615.786,63716.297,52050.05,10526.197,8833.696,10078.561,11647.446,6795.2256,5722.415,6108.3423,4570.8115,2017.5485,4308.553,5832.215,5279.8076,3972.212,3725.9597,6557.8633,6041.095,3667.7192,2440.3071,2641.8638,3595.889,2120.434,983.8153,4346.836,5432.761,1466.4037,1162.6813,1069.7769,2394.8953,1821.811,1186.1575,1505.9279,1812.9463,540.78436,807.4187,1349.8806,375.93918,644.43146,188.53172,354.4882,1044.3853,692.72076,116.15244,100.089554,476.01163,1003.02356,997.7475,632.0694,657.31635,701.84155,715.1402,806.5653,699.23157,497.1839,711.8368,770.2319,705.2517,414.34406,752.81366,991.3981,1040.1075,690.39685,721.6992,1313.1885,925.19073,433.1521,678.004,484.41684,75.042885,320.33612,295.69635,876.8302,1360.681,680.65515,970.3272,895.2459,524.62775,197.505,172.18771,680.0008,1059.3795,353.6903,791.70026,478.10037,580.2748,697.33044,845.6609,662.8408,341.2057,328.95126,236.0146,369.48874,833.8956,727.7456,385.81274,153.89426,169.73773,647.85364,921.70984,499.0718,326.3627,146.41074,288.48724,385.90417,306.5703,92.28734,433.22305,421.2652,97.05696,236.97444,401.68832,521.97217,306.89014,690.56573,910.8416,794.0737,906.7494,1011.52356,934.66,561.88727,674.64355,724.4363,590.89044,1178.4227,314.4808,325.7084,489.4513,622.5054,731.59015,266.0037,416.42874,637.93414,372.46313,625.3595,943.3821,349.6777,318.33453,294.43994,582.1045,527.37494,690.64044,203.51637,261.93796,585.52924,688.68256,415.0709,344.29935,438.1327,248.16263,542.6548,552.3925,165.97879,474.57614,444.4317,359.32654,220.22966,489.985,499.9364,259.14102,562.6418,606.1055,389.4658,217.48065,613.3859,458.7069,351.43533,708.1878,811.8721,691.57587,479.39362,491.111,282.18622,680.0522,344.98093,441.04218,594.6954,715.8573,115.91117,497.1951,499.75732,519.6409,727.2265,125.79273,252.8288,338.47974,149.24776,450.4429,371.6026,461.98352,943.5005,1035.695,878.5904,363.60233,199.55096,183.24867,844.1928,1208.6266,264.98206,606.77045,618.32355,385.18002,338.5597,603.22943,514.8091,935.42,1374.3108,1013.216,293.7682,309.8538,450.7099,453.98697,545.7035,702.3352,596.8296,1128.9921,846.6429,410.93893,584.4947,441.4294,484.55423,463.23196,349.92194,602.91016,191.97855,405.936,102.545334,606.4539,1029.0365,505.5981,324.7255,275.73383,489.6592,384.45996,525.78296,401.24042,785.0248,665.5717,306.43628,438.16177,774.7296,157.56462,562.26025,851.9356,345.4375,Desktop Computer,$Whiteboard$Printer$Phone$Shredder$Google Home$Desktop Computer
566607.5,240111.27,3621.7893,11543.018,1709.4135,7489.4443,4214.726,4370.2637,7538.9136,1579.8223,2746.8152,11038.653,56676.027,44970.047,5008.309,3270.4717,3205.3306,1366.2423,745.63403,4110.431,1864.5944,1154.3971,1964.4065,4697.704,3967.2751,2896.4639,2182.7695,2713.167,1047.5685,2750.4683,1239.6516,1173.5692,2637.039,2231.6248,168.11705,1212.5203,357.75922,3705.236,1792.0875,660.1317,1335.5565,1357.4973,2086.498,1889.2294,1116.703,1084.6581,829.5536,322.836,971.2889,1833.3755,1010.4874,800.109,1284.6427,1392.9204,847.62775,215.71997,698.78265,857.3823,644.51587,790.9911,693.1427,562.83826,1302.799,644.5562,879.9043,479.71933,308.4104,910.01807,679.1981,213.01031,580.7711,631.36304,663.74384,319.31876,113.424095,589.9236,142.75974,736.51697,805.1028,256.5576,181.28177,247.9444,353.6072,648.6314,301.5648,405.46423,936.04095,741.19336,583.4895,681.0433,161.99419,204.70868,318.57126,603.69135,877.69434,154.41667,771.07043,853.32385,487.26123,802.80676,954.688,446.89383,154.92021,296.08963,764.07135,743.01495,716.1244,63.447544,630.2279,772.0377,239.90828,30.827467,716.5986,392.16714,202.11307,184.62631,360.1552,434.48795,445.03387,226.43343,426.88705,330.23102,230.43687,255.6026,24.433884,528.21356,516.8578,369.96432,313.04712,63.061348,308.99185,390.73953,840.73145,1343.0026,1508.0463,260.6265,1078.2277,1041.9104,449.25763,251.4764,497.04993,384.411,344.1713,409.6903,522.638,246.60718,68.65999,521.1282,239.48047,328.70908,1132.0349,1423.1136,888.1168,868.49384,572.7513,519.20715,531.00165,303.08826,405.73004,597.6282,442.49152,395.5925,497.66824,313.9271,541.9223,441.04593,425.1246,179.1043,448.08054,505.4749,236.18962,341.82785,143.87003,286.00018,149.2956,328.81363,85.27818,232.85014,275.82678,196.61526,253.23969,474.82358,406.81317,318.81314,669.6209,478.60724,268.3067,246.57797,338.15897,284.43185,285.70123,266.9392,210.4828,90.85284,652.53937,569.93726,121.73113,623.5009,299.5767,256.4822,467.91867,887.99536,1464.0437,1033.4926,231.17493,248.73593,263.2915,232.10048,353.96817,392.97928,599.3474,323.2089,258.7539,251.80006,120.21931,343.6308,267.55362,105.30412,244.26024,178.86465,302.518,547.7143,254.83063,273.81195,202.64294,358.6041,123.9733,662.615,404.3868,53.93363,224.12991,386.7358,383.4576,367.4784,412.818,414.60553,159.85826,449.2915,214.41122,95.64325,234.24757,339.90048,160.41524,411.55582,609.3344,313.6851,316.19135,419.34775,484.75745,249.89726,90.96042,52.315884,579.8321,733.5329,366.55685,284.2911,606.8125,Desktop Computer,$Whiteboard$Printer$Phone$Shredder$Google Home$Desktop Computer
569505.9,245337.64,6301.794,15664.592,17194.299,4350.056,2760.4434,10848.011,16247.183,6909.067,2392.033,12182.049,54632.47,42805.54,5715.965,6392.854,3998.1355,3302.188,1348.7682,2767.2217,1540.7987,1478.026,1985.6306,756.84607,344.11566,1296.9128,1462.6029,1672.9755,1048.8386,1330.4822,764.17114,1359.1212,1553.5074,681.232,536.72736,808.0521,2414.4834,5676.63,2665.6013,2156.601,2387.6199,1647.476,1089.827,475.40668,1148.649,939.9059,714.2521,324.51797,845.69666,1966.303,1469.3274,688.6826,299.676,1040.0303,1034.6769,797.99304,195.1907,188.27603,700.6954,881.7293,897.9157,1475.221,1550.4011,1302.0759,1880.8074,1620.401,1100.916,1414.6849,1492.6166,1290.2548,755.93164,890.3236,589.1346,175.17162,403.53894,307.68088,935.62305,496.39682,630.722,676.0994,447.0138,347.79413,212.8633,637.5649,1063.4059,1112.0364,1013.588,1273.6099,819.4498,530.4866,517.1074,602.5677,546.87836,155.63599,388.78055,64.59229,286.41766,669.5919,1249.0392,818.6542,1017.47034,1374.8717,1170.5344,731.2061,344.0567,213.44766,307.2529,188.23466,509.798,244.13387,232.52176,659.82574,889.0387,561.7383,600.21344,843.2241,719.8304,1004.32794,1310.6038,941.6936,1154.5872,814.5499,335.19592,660.9321,698.5835,160.15852,1031.2424,968.448,541.3719,645.72253,1052.2123,1501.474,1304.529,1369.4108,1606.5695,549.13965,257.49252,76.454506,294.5042,754.7807,1188.3082,1420.6111,1140.8177,923.5369,1137.9116,797.2487,545.1203,547.87775,449.30472,243.67326,137.75723,1034.2251,1059.3042,967.8271,419.39038,248.48764,543.05853,697.1821,368.8976,250.4474,320.23578,580.96735,779.1421,338.19638,671.95636,699.87115,378.6233,282.70624,239.36533,408.7203,470.49295,590.8959,409.65802,431.86386,120.716736,358.39047,366.3009,667.6845,611.94574,771.7332,674.30884,511.98087,224.98587,445.02335,1046.5142,940.89484,846.21094,733.51025,579.2789,524.68524,900.2891,351.192,826.1204,817.1464,238.88748,256.23007,555.15027,271.91544,531.6013,263.19446,788.92145,1019.53613,1023.77576,438.78394,602.7007,583.16046,898.7117,263.9922,136.66017,847.6411,1009.79877,452.04636,421.7906,852.8319,593.90424,21.630276,531.96533,907.7186,478.56152,292.02194,293.11636,199.13045,587.9963,843.809,741.05133,223.1124,333.2726,646.245,896.62885,360.21765,1051.2073,1573.582,956.913,629.84814,1136.9266,1276.9177,585.1875,277.9241,763.4506,1095.895,833.5342,436.09305,464.61472,763.13513,446.94012,453.3159,670.41656,423.64316,190.25462,149.4102,85.01463,134.54182,109.84799,194.29816,502.99033,118.75036,439.34375,Desktop Computer,$Whiteboard$Printer$Phone$Shredder$Google Home$Desktop Computer
563705.3,240720.17,2280.0955,10027.3125,15478.524,7755.609,5037.0195,4605.649,7890.9805,4014.7712,2057.298,13147.813,57808.19,44334.78,3521.121,4894.5903,2689.0066,2489.0684,3866.2776,1558.683,1711.5481,2595.6445,1242.3724,3611.2085,4965.592,3886.724,1674.379,775.40924,1352.4039,2363.892,2683.9226,2107.3706,2151.8757,904.009,140.09395,849.9714,2555.389,5068.147,3057.0264,677.6739,855.7762,697.5366,262.42444,199.01118,748.0176,645.36163,846.7281,897.1269,755.6593,587.0687,289.9244,277.88934,910.61426,1615.1936,825.4352,1424.2896,1507.3525,1054.2513,689.798,612.8486,417.53757,352.4433,175.89218,552.7632,882.03314,631.943,492.172,68.4352,583.67664,574.26056,71.09833,349.0452,212.94722,985.2807,974.21,493.0066,519.91956,305.5262,226.90906,435.43698,493.32443,527.7825,317.21573,246.27423,305.39468,458.10312,658.1411,552.1043,203.1769,655.8173,229.17354,451.77237,942.3995,740.7362,546.4554,669.8282,493.87866,695.1532,942.80865,670.03613,543.22644,63.598,743.533,196.80792,802.6144,265.155,390.42874,453.4384,354.2349,202.46748,195.41049,500.91837,109.73669,323.85706,576.86774,207.46396,658.0717,433.79333,801.5979,906.74475,414.37106,876.47015,658.5807,387.95642,966.83453,505.7979,309.90622,240.00932,475.86673,692.4298,414.67126,438.9861,253.75948,653.25476,1116.2384,289.94315,560.73047,408.10733,190.30481,253.32014,283.21912,1171.5454,275.0628,499.60873,246.8228,677.3373,312.95657,350.0505,723.6953,597.4801,363.3177,750.0152,1232.7438,519.1379,286.5544,23.577845,206.49417,247.2368,288.60287,218.5701,229.44202,137.39772,397.48062,613.0514,162.85649,284.00375,570.89124,338.38663,586.6196,302.52332,451.87125,359.93893,569.2581,257.25558,363.10898,296.08694,380.00394,486.96088,355.28766,78.66544,142.1159,170.01164,705.37354,739.76526,702.28534,189.48149,317.09308,464.3313,483.61475,462.73315,1346.9169,1309.8171,969.01074,764.2748,604.39716,1079.3568,1313.8529,716.9785,749.82385,152.66612,792.2951,794.8929,772.2797,242.36694,368.75446,845.5223,827.60425,944.241,1352.747,1169.1814,700.2875,449.65097,367.5001,531.4044,44.797512,425.09625,473.98795,651.48755,478.25095,928.4265,582.2181,526.84766,573.6803,234.1368,418.20743,751.9015,44.558678,509.03394,386.324,1076.3593,360.4587,1008.3832,437.9961,817.23413,743.34094,158.60017,373.1704,491.98523,66.74696,803.96967,381.23712,689.5788,791.86066,324.57977,735.5293,207.79832,423.25598,645.4782,264.68832,306.5734,472.69827,458.63416,325.22614,167.27019,510.31195,347.32214,16.4375,Desktop Computer,$Whiteboard$Printer$Phone$Shredder$Google Home$Desktop Computer
566118.44,240455.81,4085.336,1509.9127,5224.764,5508.853,5529.338,8976.78,10367.731,2833.5693,2796.8455,14605.952,60779.836,45220.707,4038.686,1556.6774,999.09406,4913.3696,2786.1116,2479.507,2151.9814,614.8956,2032.2563,4333.0596,2538.8782,2545.2205,1021.7028,2295.6455,1217.2646,593.16,2359.4177,1838.9747,1163.4471,2279.672,1663.4657,435.30234,2783.8628,3985.7332,581.523,1462.8448,1662.862,1230.9154,491.34842,366.75928,265.12927,270.93805,185.03564,446.99277,681.70355,1685.6486,776.521,869.114,1289.4661,379.1249,769.65155,870.8434,818.3548,80.18825,417.70868,621.2528,971.37646,1270.9274,665.54626,328.48947,362.68518,343.94553,698.2904,876.8403,503.57034,469.18842,611.03815,363.57657,128.42647,327.54724,107.5426,297.99518,355.4681,407.26083,102.11912,179.58356,501.7746,416.50293,479.24722,347.0042,255.60316,469.14026,367.75607,103.72332,178.85046,397.162,269.72073,96.8479,446.40042,266.4103,529.0561,621.1795,368.6975,326.42136,178.47043,465.37442,370.8929,362.10318,1262.0159,1312.5392,360.21432,467.17087,227.07549,355.27896,278.48123,329.1499,208.02954,176.94962,261.06433,222.53297,495.3638,477.62982,182.4609,201.75293,301.93448,508.1266,174.2996,301.15707,409.00073,298.2251,113.799194,212.91245,189.18652,397.38266,430.92642,260.4016,414.88162,651.5848,405.94336,697.9742,1299.095,274.55783,121.47654,339.13266,350.681,87.570244,503.93552,561.85095,353.8659,259.02814,306.06964,398.7989,37.331028,439.19522,531.08417,444.12576,136.3381,788.2926,1049.9254,330.03445,930.9292,704.6982,156.28656,254.55215,172.83174,120.35056,143.46992,283.81726,423.2482,375.28873,195.871,182.58284,116.35892,500.6463,212.44821,289.63727,501.9564,301.83118,82.67734,273.354,138.63019,327.21524,319.45325,350.0178,262.11264,180.9342,355.38498,339.501,104.881065,253.42972,267.60834,146.7461,330.2174,125.94561,289.8808,462.40564,296.5855,523.7878,480.51917,170.14853,116.731834,336.01727,222.94862,252.45807,287.0825,761.4413,620.95746,412.41986,581.9748,1028.7988,839.1572,499.93372,1057.354,605.2701,337.04105,246.78418,386.24994,531.9009,135.92767,131.65685,260.86673,224.14754,313.2249,164.89325,525.9628,290.22644,458.03418,393.02255,424.3884,277.2265,497.95914,338.8851,411.3889,377.70123,496.96945,487.08273,329.98093,304.69745,585.3937,751.1126,428.69955,293.3961,197.5069,137.40266,399.14505,354.92184,362.01614,419.68057,407.18262,372.95703,347.92972,487.17206,291.62115,571.14514,120.35492,471.55353,92.16273,169.14375,275.4812,401.5646,812.9604,741.4944,421.5625,Desktop Computer,$Whiteboard$Printer$Phone$Shredder$Google Home$Desktop Computer
568859.9,244006.83,1147.1775,2550.3757,2359.1575,3097.1523,1617.186,5935.7734,12834.168,11758.173,4050.7935,9993.095,55321.113,46207.477,5957.9707,4487.251,7141.2583,4192.762,3949.7458,2490.5703,2119.9036,1879.12,4238.603,2843.2073,1294.2402,2325.92,1320.5427,1671.8328,1915.3422,1773.9875,1190.1091,1768.934,1081.9957,527.86554,2058.154,1300.4409,1052.6667,4349.5244,2175.7566,871.639,665.6244,777.80194,126.18513,1245.2219,764.17126,811.8107,1028.4084,1242.213,1635.2659,796.3895,708.1052,914.7876,1329.9631,809.03613,533.5003,496.99097,295.6316,383.2149,272.08136,542.3293,667.4082,695.5628,228.93417,440.40427,306.46112,303.77048,134.81323,337.22586,240.45425,398.5837,101.55261,385.19272,320.93277,890.9617,834.3392,481.2065,164.7963,580.35406,267.39502,487.5698,222.5787,463.6589,420.7747,232.6748,266.62906,554.02966,564.644,80.41757,259.12582,311.48987,307.07928,151.76932,247.40533,478.17712,835.5094,494.6631,326.94302,227.86897,395.12375,337.27148,126.053604,566.6382,571.4021,701.48334,343.27237,384.32828,118.606735,270.15732,287.62936,348.52286,274.57748,121.22588,342.63376,433.53366,375.47165,160.53838,264.02917,332.76736,304.0083,400.31198,357.25885,244.16931,442.01465,362.52466,188.93684,412.3967,502.0069,485.916,309.10782,204.87807,436.84012,385.66595,582.0906,1397.6248,1384.1427,254.28,518.9135,295.16434,151.94446,63.212563,22.311333,76.08973,389.89737,297.52792,388.12982,423.3688,408.74988,472.85892,364.2722,301.3869,512.4098,884.6534,668.9531,1087.782,607.52423,99.29624,212.25151,273.1035,614.5868,183.81273,196.30045,254.0948,370.6478,467.06448,319.956,396.90274,338.41605,691.7831,646.5424,222.96971,297.4902,407.0738,237.2661,236.7084,183.58989,382.70645,650.2394,228.84677,353.15253,246.77399,84.340195,339.39355,284.81622,640.5949,679.9807,624.3476,634.8937,355.7193,483.52582,447.9653,160.43713,492.55304,714.2959,700.24243,500.14185,251.68947,528.1333,677.04486,416.74686,445.71484,459.44913,620.94934,727.9835,604.56683,313.56863,535.91406,267.19833,249.62766,100.315056,36.584305,643.93085,499.13583,267.75803,362.23572,549.2143,597.0215,639.5665,497.27985,488.76584,536.65393,371.0532,348.19016,306.00525,25.476513,375.34662,110.72499,463.71817,516.67236,602.61475,571.7126,680.8579,467.12283,630.68646,282.47977,488.39847,629.1432,789.95734,455.50858,652.9795,430.1526,644.1336,779.0222,125.52058,53.107967,479.46875,344.3598,640.4142,153.8068,312.15628,1014.35345,1025.6162,762.45935,485.32117,282.0923,375.29764,646.70374,687.65625,Desktop Computer,$Whiteboard$Printer$Phone$Shredder$Google Home$Desktop Computer
567747.4,243540.2,5426.596,4020.363,6086.419,2393.2844,5695.0527,9043.41,10826.687,1672.0759,5712.1567,13120.493,56384.176,43250.344,4294.731,2407.9988,3229.178,3811.3777,3525.9858,4617.232,3807.152,4030.41,2823.763,1716.0461,2778.4968,2946.2114,3415.7944,3433.3406,2659.7993,1330.9336,1061.2466,669.5258,1768.7792,1343.9915,761.7019,1074.849,2429.5251,5159.808,3305.4998,736.44653,1693.7435,2110.9133,2288.8755,1138.9224,593.8099,417.4826,1231.2606,1836.9691,1507.5889,1456.229,727.4786,199.34784,638.3544,813.29156,125.59799,299.0001,360.8522,596.1929,959.0311,516.59735,650.74304,605.2726,453.34918,552.1478,615.591,605.2021,849.34564,702.87103,349.73236,243.21109,316.48328,372.71188,631.1371,418.9451,1045.2506,621.14624,193.77782,591.58875,233.34026,386.6502,212.41106,591.4086,356.87418,601.7392,417.05844,576.83734,148.83849,458.54483,104.6485,58.701458,699.34186,847.2879,209.7343,420.3264,164.94086,384.48337,555.6413,956.4034,808.9021,700.724,500.5924,100.8982,250.64143,709.66504,557.6939,282.06738,206.76505,322.6223,694.8053,155.93922,450.2205,655.3068,355.4556,241.59285,481.528,864.8785,386.1326,49.832996,276.65045,374.78796,830.39923,502.76605,214.30934,437.88815,427.9766,624.0971,403.95923,721.31116,794.4211,523.9923,456.03873,311.59152,188.11977,299.81573,1356.9489,1078.7317,272.76035,289.95087,253.34128,344.21088,169.82057,216.69643,204.1748,396.9836,507.32242,385.8841,252.91351,528.2358,345.72256,414.38434,778.8161,758.01117,533.5144,206.10236,196.8817,410.73044,879.3107,649.2119,704.24963,726.84033,118.68871,266.1865,113.23947,549.05994,652.1634,441.79822,424.04242,467.95636,254.85193,417.73163,589.14557,751.9472,386.30963,242.20232,480.59793,585.8297,188.62196,428.95798,326.74734,70.35155,137.10635,266.23093,669.9468,606.0457,171.52681,222.8122,286.0886,264.3703,268.32657,717.6327,607.83844,340.118,396.34436,371.59113,818.20135,710.12427,396.05417,325.63275,406.8639,384.52667,445.61508,169.35336,140.69727,343.5446,379.3739,337.466,886.75635,1297.1355,1367.3198,423.45575,597.7214,229.83209,404.4712,446.16986,102.91827,563.01166,84.24116,771.67773,990.76526,102.87917,594.6477,366.72458,665.9614,265.56464,535.7675,370.35632,201.49953,385.09326,224.3912,583.6675,562.17865,421.6746,629.25793,891.24243,738.43933,149.59923,707.1457,460.46735,370.32788,356.78885,583.5671,861.86444,319.8947,588.07104,574.9792,533.27356,599.0788,188.10193,574.48,731.29626,623.4729,622.5877,443.38232,410.91647,416.31476,470.57666,364.53125,Desktop Computer,$Whiteboard$Printer$Phone$Shredder$Google Home$Desktop Computer
568873.6,242261.19,880.14386,4384.428,5640.7227,7751.3906,4747.301,4828.5884,10184.01,1813.5333,4157.4775,12220.128,59143.4,45245.805,4848.522,2557.653,568.498,4314.933,2166.824,1231.292,2168.2832,1739.5018,2112.2202,1788.4459,527.3129,2914.8486,2599.4822,1275.5062,557.7597,793.3996,757.81464,1269.1836,1479.2522,170.08046,2211.2178,2344.9639,2601.9526,4468.574,1527.5386,525.1571,404.71243,579.2066,1476.6145,490.96234,728.62146,568.69226,1129.1196,300.54385,457.96143,634.5028,844.6244,618.0255,1184.1154,575.5554,674.1461,509.6421,343.35995,383.90088,227.78426,390.61578,681.4798,629.2178,458.14886,347.4685,675.8063,713.3542,1037.557,616.6411,559.5512,749.54895,1096.3217,1221.7109,692.91437,1160.5853,1008.5593,138.0087,676.1996,439.91428,1089.2933,762.04846,883.00793,1016.9572,354.55093,86.74335,274.2373,197.98523,1031.3135,730.31525,825.24097,679.60425,159.32077,666.27203,404.2443,566.667,901.84064,588.6089,634.0493,741.5046,1056.109,1018.80664,123.17745,646.3032,834.29315,351.23666,621.85876,738.1686,530.5273,365.30515,323.2464,761.56104,1263.9564,656.01337,499.01447,184.20068,822.89966,728.22577,436.08142,591.39105,175.12642,593.9689,536.4403,395.23178,723.1901,404.54175,332.53342,651.0142,280.98257,595.85223,323.35565,637.18176,470.16714,469.96683,375.14816,991.05347,1486.7861,638.51184,240.63974,355.5636,575.6297,485.1142,850.21454,504.8921,233.91348,183.2661,318.69064,465.20154,217.79776,281.3799,388.946,279.99216,612.4209,965.7239,1427.5038,523.73065,413.31763,257.8874,160.50385,542.1584,393.51553,343.29758,117.78505,319.82654,375.99646,276.78427,255.88855,332.58667,425.73294,417.9721,157.07585,338.11578,361.67062,515.394,235.25752,268.0486,474.37796,537.90497,421.13895,311.56873,327.23245,368.47128,116.96436,169.12576,549.7517,145.66011,246.23647,52.74542,542.0967,508.07056,413.50027,523.5929,148.84746,504.66437,311.44058,58.7636,526.1982,428.2969,463.83026,342.40967,395.6615,128.79366,210.11981,351.65027,565.65967,423.8489,462.72128,90.71955,681.6825,829.56146,1346.2775,665.3393,139.09918,572.3295,469.45612,188.38812,239.74353,75.26657,743.9454,411.7682,489.91782,604.4603,20.763842,379.05383,173.055,416.3783,694.6915,115.768074,560.6771,690.4065,135.23636,316.23734,425.7123,417.2905,280.71304,213.3449,214.34674,172.67165,407.1009,228.46788,173.61903,158.19952,263.7722,177.73698,353.98117,237.33377,383.6738,432.29163,297.07095,313.0594,296.65353,372.67017,182.95784,130.38652,194.33958,635.15045,690.39636,249.90276,7.46875,Desktop Computer,$Whiteboard$Printer$Phone$Shredder$Google Home$Desktop Computer
565991.25,238476.22,5593.894,10078.018,8606.449,5715.309,3772.0615,4073.4534,7529.0234,3998.5515,2986.6475,7954.859,57611.094,44187.203,2766.0837,2449.44,3924.9592,2709.0083,3745.7866,5708.6836,4578.954,4627.94,3737.9473,1910.2397,3616.8523,3042.4658,3962.8552,2374.2903,1276.3093,1043.5638,1104.8218,1750.9253,2055.239,1631.7883,2680.708,2325.7427,1741.4889,2773.937,1931.2552,1670.8981,2114.8325,2512.9084,1274.5488,615.97394,771.28656,1327.0239,2072.3103,1549.4574,1562.6499,872.6879,200.1681,660.5624,1000.9226,780.2624,1159.9745,762.9979,1443.7837,1471.7417,986.71747,866.90265,777.07837,1268.5614,812.3165,423.89142,263.79883,416.04147,512.2182,598.3746,92.03931,136.24103,639.5295,657.5087,495.92032,445.97867,329.0202,89.94791,411.11658,621.20135,285.21713,453.07828,752.0649,781.25616,406.45282,592.00665,507.951,877.1004,1203.7323,605.0912,427.83685,428.41776,424.88123,449.69464,117.71244,339.00476,246.19893,192.67972,874.19727,1358.9084,970.89026,959.36816,770.7284,879.627,849.91174,293.70813,688.83026,905.2161,613.3065,128.25075,548.28516,58.222027,446.36874,253.48204,65.17915,249.17653,429.26523,738.1708,345.5025,782.2047,752.56244,697.17633,739.4821,193.75325,266.00922,348.46585,426.14127,256.8024,679.2574,500.8088,552.9895,352.88428,172.50548,148.14154,388.01743,820.5168,1213.7716,759.92,487.55545,286.30203,247.73761,173.10349,234.91586,495.45874,425.12106,431.21677,445.7786,346.836,345.69492,270.2113,391.96844,859.5145,934.749,796.0044,612.0461,677.7864,380.74344,20.686678,422.21716,520.17065,401.96713,279.09543,246.2622,92.87263,55.86706,347.29337,477.9639,663.35205,634.10864,215.65233,376.449,484.38022,584.29144,737.93774,339.0773,400.10748,368.64536,194.9264,156.92668,96.812645,330.63498,63.369858,186.6039,570.76044,438.86502,118.074295,247.94255,141.90294,221.93156,584.0289,369.55154,112.63045,238.70749,590.8173,447.09216,567.05853,576.42957,163.57925,259.81516,479.16278,654.78094,555.73883,396.30286,509.33112,1117.9933,824.75714,826.2853,621.1043,493.72052,175.49529,358.10086,637.88214,437.75992,441.95395,211.83719,157.57797,312.15973,287.22858,471.3814,330.4256,101.0762,142.92447,137.1654,427.0118,606.4201,725.10876,795.25183,500.65396,459.39105,586.1197,381.89606,212.7017,202.7889,395.23257,139.1507,216.16902,189.40375,322.2595,541.0122,384.23483,117.96229,141.7881,347.8256,150.15266,352.07095,364.31155,249.4158,69.73701,372.32776,639.4181,310.96024,299.9315,265.5944,383.02814,402.68723,277.06903,439.35852,157.72406,312.0,Desktop Computer,$Whiteboard$Printer$Phone$Shredder$Google Home$Desktop Computer
567517.9,243188.69,6434.2876,5957.151,3701.9973,3000.1865,2451.1218,4481.632,9979.247,5042.362,5603.6885,12661.378,59086.633,46124.67,4348.9565,1481.5897,639.1373,1088.8892,828.60614,619.8191,954.52734,1045.7664,921.31793,1369.5692,1016.8787,3148.1504,1816.922,596.1716,1369.372,1827.3865,946.5447,496.1513,749.4922,1886.9183,1262.628,1609.768,3701.3381,4748.0073,1802.7949,777.6235,341.04565,714.48755,2073.8313,2140.1458,1322.1833,1002.4485,280.47653,523.47314,895.7864,424.00546,908.0365,471.41403,971.4793,851.59357,289.03778,1916.703,1475.3717,704.8415,657.6686,374.01648,549.7511,589.8841,408.36237,848.47534,802.3574,544.081,750.32745,219.58553,732.6004,277.19614,381.08676,711.11053,599.83417,1230.6227,787.47906,984.11066,1050.109,474.5235,284.56693,608.72644,880.7243,400.82648,429.62692,787.95807,1014.39185,748.64246,576.2131,393.25397,813.90857,697.18445,652.9901,225.95305,259.2997,179.98987,416.6945,588.93805,397.47314,354.34003,419.68558,742.1081,885.0395,491.8547,849.49255,845.5698,366.29422,367.95023,334.73553,153.12755,842.2418,579.53815,537.4905,374.62167,368.24075,263.15118,631.5594,630.50867,506.19022,348.77454,612.14087,630.4426,347.48935,435.94833,105.7086,686.9913,870.4049,461.1282,601.8048,881.8408,88.777275,401.61642,418.9553,614.74176,760.5798,925.8362,1166.4022,404.9841,481.3901,489.8082,152.19414,621.6125,793.98,774.1314,920.2779,151.95364,82.19477,326.78522,364.2332,308.71143,200.08696,477.44687,399.32654,441.05823,476.9279,248.00827,386.45602,214.27905,308.20477,100.08314,353.39865,521.3524,195.07198,309.20718,484.71744,108.12951,371.09918,294.5189,584.2845,109.21066,281.87732,114.633736,249.43057,280.04782,287.86984,264.63593,87.20027,271.5952,165.31137,285.18173,404.50336,633.75244,425.1037,363.67416,175.92365,61.267532,399.41867,428.5286,549.7894,263.866,77.766335,621.09186,445.3174,176.95834,346.34036,599.1765,666.35516,518.42255,590.3021,194.51472,227.09773,236.3806,452.59766,708.28973,913.95245,552.24365,706.13403,374.1022,711.9935,668.5509,553.71735,312.30762,404.70407,608.0122,368.85013,258.7507,772.2097,712.5769,544.1346,412.6457,318.44916,407.8047,473.71158,245.43436,67.14664,344.7197,236.48703,202.12878,262.7336,246.18259,190.7426,256.98456,89.96943,533.63074,566.2679,564.5631,686.91565,625.14166,346.90775,411.5078,307.474,253.9491,414.4921,418.68695,312.19128,680.24176,653.559,194.79852,474.59677,627.43896,257.33734,272.634,143.91512,592.9982,439.66437,221.86835,263.82996,69.75704,154.46875,Desktop Computer,$Whiteboard$Printer$Phone$Shredder$Google Home$Desktop Computer
567672.75,243239.39,8266.329,10898.237,7338.146,5225.502,3609.7083,5756.1514,13041.615,6683.3867,4336.5522,16147.804,58388.57,42292.902,5558.782,1237.4661,2210.1636,1856.7786,1154.1296,2767.4485,3073.5315,1767.9475,2410.8406,2054.5752,770.88074,860.27277,1190.0402,819.25244,937.3763,673.1347,917.02057,900.5848,1594.4121,722.7065,986.6975,283.94083,1629.6285,4462.8604,2110.1584,694.3889,531.7928,352.59775,831.1672,1317.1205,615.0032,290.28702,443.70792,828.53845,649.9444,284.82288,771.10645,371.42252,1236.0627,1551.8643,1466.5656,1023.82733,1216.8108,805.0462,511.18442,296.16418,215.99207,396.05075,621.98926,471.0955,302.91824,863.2794,716.49133,718.9793,706.1234,495.77136,584.89105,444.78766,770.1782,1091.8141,866.2824,96.10993,261.74384,640.6872,291.78766,233.6676,528.593,533.5353,325.24823,122.113785,353.65088,747.1428,349.69263,724.05524,666.49835,356.89584,564.87024,469.13425,576.0956,1093.7968,826.01874,446.3503,345.47324,602.78687,495.81927,425.38928,303.4791,343.71985,76.194336,394.6647,216.29417,175.34016,405.63098,514.90405,923.35254,500.94815,109.53196,519.0405,245.47888,294.01187,353.36322,154.8955,312.22214,530.4425,250.11716,660.3829,795.76196,306.81223,357.7659,302.67615,442.43234,29.898943,297.1528,466.8981,921.61945,459.91455,112.61353,176.41312,711.91974,942.1245,793.25824,506.10394,453.49796,654.38354,271.90564,283.01865,306.98688,651.25415,107.58324,658.6114,578.42523,289.96136,175.21967,301.13733,382.7293,100.66162,151.45021,709.5406,421.12402,479.20145,501.59927,295.70422,117.19016,295.41556,327.93228,818.93494,358.96756,393.3893,123.030304,608.6609,200.7186,389.49768,172.63002,727.2453,501.99878,247.74255,229.16617,312.57022,605.50165,620.1804,383.83618,406.50784,320.55252,338.89395,791.2227,914.2421,522.479,521.67755,601.0492,208.45137,349.0218,454.14392,172.75902,338.79968,178.63895,576.92175,262.8086,326.00992,458.1796,490.22653,480.271,293.06552,309.6111,255.94182,137.9612,433.24377,549.68475,302.3025,559.9765,440.63965,437.83722,655.47046,634.9018,361.60962,314.04663,282.92993,687.5957,349.8881,480.47635,721.2209,555.9789,368.42764,195.07397,63.823433,91.225395,398.21536,443.6916,381.5814,412.1555,277.40686,330.63132,613.99225,123.94877,420.55945,569.63513,594.91327,262.7678,41.54373,261.7548,469.1555,422.85294,277.74408,361.76282,565.51184,237.28984,211.0793,353.8701,295.94992,487.68192,926.4273,406.71967,349.30014,126.612144,241.08427,123.146355,452.35236,459.5991,90.76267,319.74658,786.20526,786.45264,571.8919,159.5,Desktop Computer,$Whiteboard$Printer$Phone$Shredder$Google Home$Desktop Computer
566531.75,241608.1,7555.658,11359.278,4639.226,4279.8003,3880.6633,7081.931,12538.222,6246.4453,1286.4565,13153.568,56570.52,46090.67,6856.8525,2931.707,4798.3193,3666.906,2441.301,1864.7783,3123.1555,2262.2603,1672.5352,2061.802,1398.1056,2512.3032,912.8009,895.81805,1166.2268,1744.6849,847.3746,2263.7046,1329.7875,493.70792,586.0163,503.58493,1570.6906,4250.6157,2115.5703,840.66376,936.69025,1161.7034,919.51495,787.8349,738.9802,350.6708,448.46573,402.13623,1295.671,1163.1537,236.17749,307.836,1086.4668,586.4134,700.6924,364.14984,388.29526,529.7117,479.12396,590.338,317.06546,677.23016,883.711,28.39823,290.72736,355.73264,397.43488,538.0002,391.69504,802.08344,534.1849,177.7236,421.74683,484.82965,724.22943,537.69653,93.8427,276.83536,338.27618,232.7863,138.72966,224.8611,393.6786,448.9838,467.68866,271.38196,266.83685,395.93576,250.55122,121.054955,235.82983,425.09445,473.73593,438.51337,462.30963,78.17762,262.9687,302.41425,182.85056,263.67343,648.57495,643.6052,356.33188,448.40945,408.68436,422.25623,600.32983,380.78494,723.1068,674.1207,336.13867,325.88065,217.90796,260.60724,467.70645,248.62854,359.65594,269.91714,164.53014,116.40706,484.78397,580.6837,568.7442,588.3883,494.75604,291.6144,296.7401,142.3542,628.907,510.31412,634.08514,849.8796,665.7771,722.10156,1521.8389,214.08928,638.4505,335.6757,647.49506,843.7613,380.21103,578.8676,605.09393,218.62476,341.92297,121.49806,249.63211,319.08478,99.387276,475.90857,473.91052,343.2136,1226.3148,1214.4143,406.46756,680.0756,656.36597,587.1812,267.87335,53.444527,379.69043,302.07336,685.9023,651.6257,301.35568,552.25806,155.89859,311.31537,370.4107,332.60938,316.7987,183.1122,114.94982,183.36073,118.44011,245.661,222.2754,134.00061,242.67905,219.34615,119.79644,190.32953,78.502594,465.21445,144.87413,247.69579,103.59585,259.18576,402.2558,689.9488,454.01782,232.2831,112.54081,205.99783,124.80182,204.22221,247.27333,289.84875,397.9873,165.89925,537.3465,559.07477,353.05798,42.647038,503.88123,867.43726,853.4408,1236.842,424.97577,194.09338,321.91507,307.54346,275.46033,462.18854,496.80124,462.16885,279.46326,208.47539,22.950665,133.63219,222.48586,189.63614,226.25804,383.57938,298.4265,342.56964,328.89914,530.3394,333.9288,177.95703,218.88681,224.94006,127.356125,199.18312,619.13635,537.33954,356.0971,267.68048,134.1084,73.44035,201.58794,232.57687,33.713413,313.6218,580.0365,239.23386,316.3269,509.6988,312.53384,104.44348,206.77274,179.07262,242.28766,540.2798,474.9552,311.05392,516.03125,Desktop Computer,$Whiteboard$Printer$Phone$Shredder$Google Home$Desktop Computer
567045.5,241882.19,5716.089,7172.8657,5811.6196,2289.301,3069.1619,6242.656,11176.042,6242.567,3262.8074,14244.34,59743.344,47686.707,5997.6455,1019.9847,3737.1538,1106.6205,603.09125,758.02374,470.6496,2519.0073,1441.7654,431.16943,1986.1558,2137.905,428.69492,1779.8264,1178.4899,1170.5105,754.04346,767.58325,743.11475,351.97995,734.94324,1657.3171,627.69745,2868.3782,1007.7148,595.66394,601.0798,596.81354,597.60223,856.2564,501.83963,409.1462,327.67407,203.16605,348.00363,995.725,884.3783,371.92703,491.9799,496.25342,1005.56976,477.7051,153.31975,171.11949,176.78394,443.80273,205.15701,625.8522,806.6593,199.39369,404.548,162.23106,92.46863,160.3496,132.60493,455.4499,323.04526,357.81036,199.04646,449.14597,1032.657,1033.2781,815.60175,258.25598,271.6304,279.80914,364.5869,261.37726,747.7544,709.661,412.89938,233.20665,167.96002,456.26672,366.42184,160.50551,522.8563,593.1739,369.85672,390.98578,434.64526,201.69853,575.89636,512.5925,722.50146,801.41156,499.25272,823.2652,915.69995,360.03677,338.06766,537.4283,77.94914,103.08481,438.5687,665.14294,670.6919,263.22968,163.74367,200.64264,47.68993,232.02446,318.89728,241.26665,128.96892,362.75098,588.8473,450.60132,455.68088,660.1296,474.5942,448.39334,344.3005,113.25265,54.546997,55.992794,257.07925,143.12518,436.55814,887.9994,1487.2878,338.8353,458.41766,280.4578,392.49213,154.99332,80.988304,294.03168,108.52121,131.90494,78.142136,273.28558,433.05835,353.31586,399.21252,284.16125,590.03,269.53064,646.53064,860.39044,559.5487,352.73514,306.73044,317.056,295.2851,268.27466,155.28337,314.32962,253.73839,346.75366,536.1368,520.9236,348.80368,327.31888,267.11334,121.88998,215.96083,401.26083,348.65,263.8937,175.68262,129.97523,347.23428,388.58224,496.40192,617.23535,278.03683,52.34697,136.48172,532.76886,515.3925,298.33237,266.18552,252.00415,522.7822,473.64203,145.41385,158.32407,173.37828,211.82706,341.793,518.1362,544.9685,628.3171,184.08742,238.56581,51.14933,450.78748,841.07086,918.21405,186.66786,490.51266,294.45187,630.01636,448.54416,172.62096,227.30429,277.04553,320.9575,377.53302,460.24377,244.71675,358.13086,709.8074,798.9078,701.6993,348.73758,10.500602,195.8416,57.81146,412.99905,557.35516,219.54823,181.27422,231.5586,290.81155,428.15784,180.20122,437.36157,596.20593,483.34222,119.12813,242.08627,483.01114,771.44183,728.5564,425.5142,279.45364,293.71057,250.91014,352.60876,409.0688,327.03177,157.67343,205.39848,104.442505,241.00798,473.96408,540.8545,416.9346,405.24127,562.1496,236.375,Desktop Computer,$Whiteboard$Printer$Phone$Shredder$Google Home$Desktop Computer
569228.94,243353.2,2429.3584,8092.855,11535.859,5884.0366,652.9879,1835.693,8627.383,5129.9146,1446.147,12212.172,60194.71,47342.42,5735.4653,1920.3447,3130.2166,3498.51,1643.6306,1829.9543,1972.7545,1144.9117,444.27985,2274.9055,2861.772,2768.1929,2102.3489,2916.7969,2542.4055,749.34955,1235.1704,1192.5312,1716.2551,1311.2987,733.7497,1037.052,675.26495,3319.7742,2093.024,803.02795,438.24084,1038.0648,1025.3739,1131.8079,657.25085,875.88995,1429.8123,1134.5017,525.62,954.46375,1552.4468,1168.7305,1482.5571,865.9465,898.5283,222.71516,464.09305,397.02048,384.54886,212.7735,393.62167,518.20984,654.0227,792.9967,119.687126,471.22263,662.0061,179.96367,163.4762,361.3083,682.34174,274.4312,401.75345,485.99454,1183.1481,367.81033,431.90576,217.31145,107.92258,205.47295,380.7263,487.38693,437.58414,35.151543,464.56018,514.761,241.37779,233.92357,489.4195,648.4787,512.0023,163.882,442.82452,404.2098,111.76872,287.8413,472.59293,250.97502,175.7943,611.9222,468.04346,665.03357,320.5324,424.39868,519.72797,200.86249,528.0201,377.5992,60.015568,371.24707,360.73712,121.90199,342.26758,284.4415,258.2065,435.35056,199.19821,302.21262,342.2008,369.66904,203.41602,137.61555,113.52961,457.8091,530.6968,509.66995,333.99448,323.4819,397.8205,254.12305,74.127815,326.78018,451.07486,874.092,1162.427,328.88873,724.4434,332.13196,548.53577,378.9219,62.678936,257.09103,129.87317,122.08299,17.979105,59.153755,329.9502,233.29836,165.53682,288.93448,392.69543,669.1871,707.0124,384.55463,111.29417,376.59946,400.6141,143.57976,170.74934,197.33078,346.85663,267.3972,162.91737,471.50122,351.65652,355.51245,373.04456,224.91052,63.454,116.91513,565.066,222.79192,159.98087,250.53897,572.4542,223.9326,385.40292,262.98654,302.13757,388.30588,195.38217,141.45753,222.35504,41.81704,349.98917,322.2283,253.9776,262.88638,117.16865,321.08295,361.86707,300.42624,166.4662,150.84116,415.78275,181.77927,443.49484,328.40915,480.5097,586.30884,298.1242,266.92502,813.46924,1009.5911,706.60376,738.74725,541.97656,367.986,317.00128,106.522865,305.31198,394.6482,520.6488,197.55186,810.389,454.9699,323.8338,145.04428,453.31702,520.2709,301.16196,134.09065,587.58417,337.0647,161.77716,247.26231,247.48393,148.22581,205.09305,301.83212,22.88316,518.04535,253.37651,337.75864,272.06915,226.45314,266.07938,306.9036,221.03455,393.69012,61.383736,37.69502,189.02339,198.30022,362.82004,122.757484,361.56815,228.28754,103.706856,309.20804,66.533035,889.04504,475.52386,535.88574,547.56775,581.9155,259.4375,Desktop Computer,$Whiteboard$Printer$Phone$Shredder$Google Home$Desktop Computer
566510.25,242818.8,8053.6294,16973.143,9186.829,2873.3428,5144.0903,1261.712,5906.6025,1931.4702,5820.1562,9295.749,54316.27,41110.44,2132.694,2259.0718,3708.0693,3796.9114,3153.3064,2914.2825,1253.6489,1108.4045,411.8234,964.5163,1009.6926,1200.6184,1658.665,914.2325,2054.0986,2216.2148,618.73785,2705.4856,2540.929,1535.036,130.15067,738.7458,702.9976,2548.7747,893.9172,205.63615,645.44385,344.97443,840.50134,520.4669,307.2676,1362.5981,821.29785,1759.4984,1970.0592,453.34625,774.3963,652.93225,1278.5312,813.896,392.6279,374.59064,292.64304,506.87143,372.6999,400.27383,374.98132,717.6411,674.5357,502.0494,780.8796,354.9407,824.3114,697.09924,588.6529,350.66577,219.35643,65.28859,457.67874,376.09933,871.2962,549.9841,289.0526,117.65008,81.92564,68.45668,433.0313,526.67523,655.28076,729.57605,709.3364,748.6205,352.6457,459.11017,439.64996,78.081116,351.25323,416.0937,275.3485,82.00589,261.68945,343.14047,773.59155,919.54956,355.9703,188.41695,318.4743,383.23438,561.86194,227.59276,448.91318,544.84607,54.65109,344.39175,315.1702,175.53664,397.73727,725.57135,610.37286,329.49567,639.57245,809.69446,733.99756,477.3598,658.0156,454.7652,243.98215,126.18552,241.64023,161.64197,315.56137,582.7754,177.47385,286.34628,351.01715,255.55995,247.0496,148.3782,346.98718,290.46597,848.27765,499.06598,1316.1649,1050.5995,502.2376,605.9566,514.56964,356.63846,400.71332,724.4427,508.19202,647.8763,266.34628,440.99454,813.7058,741.89,473.12183,474.55334,355.86673,157.81084,791.3563,862.1263,276.23645,254.66501,389.27283,352.7785,504.57703,401.07278,432.8551,514.60406,736.61597,597.2355,653.1341,415.97577,486.4696,776.3043,1182.7332,779.96606,377.58508,435.68762,624.4912,239.24568,264.01535,308.0117,349.7559,193.47621,399.791,404.5417,241.64595,124.76891,215.11798,271.44144,345.57315,297.4362,426.81714,266.6545,91.35056,108.350075,278.1718,415.061,235.56638,81.314026,244.24387,415.75266,263.90002,58.47559,332.91943,336.76996,612.8941,413.4914,410.14246,1398.5865,401.4535,439.47128,229.01857,251.84991,471.8416,440.14572,123.90604,198.31235,308.36526,447.17236,442.32092,92.243195,60.889233,50.018494,121.3423,175.28534,399.60614,440.32745,558.3135,390.85684,570.37054,424.7613,366.0807,526.09766,512.07184,297.61203,135.33228,223.45685,245.40652,206.57907,269.14642,181.29343,120.1147,572.48004,432.39178,385.686,74.374,134.04993,60.04814,380.28558,175.04968,188.66045,130.07086,494.95255,698.50305,976.83716,479.81415,271.78375,500.39072,299.1766,171.9375,Desktop Computer,$Whiteboard$Printer$Phone$Shredder$Google Home$Desktop Computer
566562.6,243119.97,4409.017,5453.6567,10851.449,5712.0444,3094.5132,1543.7306,4909.367,4101.3696,6091.8394,8159.6387,58774.547,45592.715,5151.709,3730.8376,3020.1565,1099.3187,2730.4856,2723.3054,582.3033,540.97705,635.28876,1356.3976,2536.687,840.3876,640.8735,2820.3179,3637.778,2282.1802,894.8854,289.76114,546.47144,1030.0135,1413.1841,731.43805,2156.561,5273.17,3220.6958,514.3473,350.9085,786.43024,776.5478,929.1804,182.91867,124.869095,1345.693,1164.3802,1588.6171,1827.0652,1126.7683,951.2761,1070.5698,383.9896,622.8426,577.1145,90.76131,877.6996,654.27527,665.9098,656.261,376.418,763.50525,356.25415,699.2898,169.01613,318.87244,578.7384,863.86053,263.68024,159.36234,773.1754,447.40695,190.74358,621.1839,728.235,625.072,56.421173,436.2282,832.8163,262.1423,175.6387,149.43529,378.95428,444.40533,760.8317,618.39813,118.159485,486.59583,419.10202,587.8731,635.20605,456.58286,255.0777,363.6386,419.72546,206.67493,403.09515,373.88284,285.94208,774.2109,751.50635,390.40555,626.63074,469.09708,79.079796,540.98883,181.74959,333.0347,332.50107,449.19904,282.4659,97.16118,431.21194,320.4281,174.52461,108.24855,264.8798,213.91824,256.45914,305.78366,252.06967,418.9217,667.98315,599.47943,478.62833,533.3814,195.9441,200.31395,405.61307,163.9402,411.79666,874.0334,997.95966,783.1811,680.96497,349.07974,773.93677,826.5856,388.7314,308.6977,692.1503,411.84164,464.70328,602.5529,405.6201,739.7247,795.4708,278.81635,361.19254,358.39822,169.08188,1085.613,1285.5242,113.91683,900.5982,502.00003,318.5921,157.03864,254.30461,250.87454,322.84473,575.88525,324.9932,275.26294,423.03937,361.23212,224.23051,428.32135,173.19147,677.94977,565.22864,643.9895,580.1531,170.69708,206.77646,388.86658,314.68362,325.27493,377.8383,235.26764,453.49722,312.65552,213.40297,303.83878,257.70975,95.24083,233.76173,530.20966,367.3619,711.6622,546.9012,246.30408,184.8115,224.10193,159.0654,476.79578,395.4151,381.45154,530.5058,391.55124,398.19217,280.71558,362.395,535.63367,1111.8729,134.3331,1061.6086,837.4924,746.26965,920.55963,460.43195,229.08755,242.50127,416.113,564.6244,392.1695,86.444084,257.79446,365.95007,359.67715,531.2401,353.2935,489.68277,535.72107,243.4164,160.85098,385.4961,248.47806,338.994,684.2629,254.97037,556.6524,590.4359,431.90634,452.6834,451.84546,421.73083,173.6526,515.32654,298.92154,175.48097,255.18193,181.10368,73.95787,522.4894,730.13635,367.77127,270.47726,711.3614,551.40784,112.467834,193.934,448.21722,258.88083,383.274,660.90625,Desktop Computer,$Whiteboard$Printer$Phone$Shredder$Google Home$Desktop Computer
567316.9,242045.67,4999.812,13322.241,9428.847,7184.726,2529.3167,2678.5098,5160.7705,5325.8887,4429.473,15976.612,64721.78,48777.465,5320.922,4516.1357,2232.8032,2921.6145,1786.2601,1778.8112,552.2452,1265.6287,1615.3304,3401.0403,3217.8408,3230.0247,3774.4836,3469.5288,2116.6353,1395.9216,1299.3967,626.5643,1022.71356,1842.3134,1306.6256,1461.9619,1442.0352,4695.312,1652.4385,920.32043,730.18286,699.9699,1040.0061,782.396,703.8358,389.10883,615.97833,1326.308,1217.4064,1412.856,706.9615,619.5668,389.99133,669.2735,912.871,1720.2694,843.3207,1200.7516,1082.0485,758.00006,775.53143,835.4914,1188.4304,1139.0029,787.07104,301.6646,902.3625,223.3079,557.49536,536.22687,573.16864,920.27045,498.4417,299.9152,536.39453,247.39845,214.76053,375.63852,464.1506,562.85156,493.6232,224.40523,348.84686,430.06448,383.66476,303.7124,447.6706,173.50043,124.64996,313.66205,127.880806,313.46213,471.63998,606.65674,377.8215,81.46507,134.0223,931.2001,588.48,110.119865,276.36176,467.18887,217.77383,366.87714,293.56213,241.25594,192.03918,567.8115,647.10126,442.86334,275.30753,274.8965,99.86793,562.445,207.69771,309.20575,637.3251,600.07104,327.56125,479.74817,442.12006,330.73254,443.53894,434.84085,325.2956,323.78705,429.33725,558.55975,256.59558,413.5686,108.19513,104.64507,457.3352,767.17896,1137.9216,546.5457,737.7021,753.84906,30.818924,247.68579,248.50201,102.43625,510.79514,151.85764,252.61174,107.43668,518.4976,163.34366,215.67995,84.989136,307.6128,755.1104,762.7134,631.2725,833.3439,170.70245,178.11559,98.64208,138.55348,78.65578,144.94452,247.36197,415.041,391.51428,299.99533,399.2253,157.70387,400.61343,382.21246,214.63966,424.07462,258.8797,458.77377,645.2499,174.91437,190.77957,459.84927,162.5464,520.8126,425.73883,295.85614,175.59227,561.25867,240.69345,473.57407,365.30917,241.33182,211.42789,482.9656,133.30034,730.95294,503.39725,222.17918,510.38647,532.92505,279.95944,100.13096,472.7972,445.1344,164.42192,257.4639,61.041965,269.26123,330.96115,150.32018,610.3067,1031.3164,1019.61554,358.45303,690.45544,899.48566,513.3095,716.63715,371.6601,354.0928,334.95752,523.8935,557.355,336.8113,254.63708,126.553535,245.78424,407.46756,209.11198,343.67242,71.4854,193.6561,151.47668,97.11332,177.53702,220.59174,301.7517,206.95967,425.12085,178.56621,136.68051,87.6985,376.7387,639.3025,550.4134,236.27441,148.4284,33.155075,257.8922,347.067,526.1041,649.4717,207.18169,326.77612,553.79675,310.80423,414.7394,299.79626,467.8313,140.04337,301.182,77.03125,Desktop Computer,$Whiteboard$Printer$Phone$Shredder$Google Home$Desktop Computer
567143.44,241950.56,7250.1753,3516.647,7126.9673,2010.2948,5398.7095,2473.8667,8171.7783,4929.8423,2418.6882,13063.809,59303.91,48367.297,5544.558,2297.232,1266.369,2000.6029,1225.7095,74.32232,1043.8245,1555.7546,399.55203,359.35675,2871.6755,4283.262,2566.1072,2241.1968,1448.8862,922.14465,1354.2761,1256.2029,1946.0388,1443.8193,764.2878,840.3139,812.8516,3425.3748,1917.049,241.51208,733.0297,736.54974,938.083,802.2535,908.17206,1155.9149,1321.8317,1344.7632,852.0871,881.0851,1075.4366,802.03723,534.53467,877.36163,392.0813,617.4298,615.8722,939.1693,1065.2362,708.62354,761.0771,524.2944,842.0026,787.5026,635.44604,555.35913,402.97177,857.54364,511.99747,162.51138,270.4276,420.9995,437.1745,738.17725,880.3426,325.883,344.65192,604.9893,555.20734,383.4516,607.7292,442.85336,420.04852,270.2601,296.2356,574.8152,303.77905,133.34006,284.67523,165.1732,302.33313,370.8831,689.8226,554.7533,741.73663,357.48157,850.53564,1002.52496,522.35315,251.89897,418.19113,135.09491,585.64166,897.7262,592.023,327.60266,342.9912,468.46365,585.6655,365.5072,164.67218,415.04306,434.94122,130.78645,181.6507,265.23846,262.00223,368.42697,248.6015,201.76216,193.06126,401.20074,614.1892,332.08646,258.1761,527.6266,282.3981,319.51926,355.17172,329.94067,272.08496,716.75854,391.93246,799.29956,1444.4574,497.2503,323.33652,263.098,418.42798,404.06357,167.03824,219.37502,524.28357,512.71106,447.06577,202.91518,99.91516,495.13876,478.2604,185.3228,408.65,304.32013,996.28076,498.73407,328.97842,464.62552,296.83456,227.68294,316.90454,512.8999,425.30347,19.917152,139.84383,252.48238,252.09262,172.40994,98.53837,199.8628,274.67206,323.4358,422.30884,555.3628,387.78976,284.35248,304.91956,368.06726,183.22696,348.81406,301.74753,163.26617,628.5143,601.6429,168.52446,205.14496,675.2111,301.17996,85.69848,282.60117,376.31964,113.09427,381.69592,518.1492,175.84033,354.75537,354.77628,328.8081,220.26921,356.80798,104.239296,488.59106,225.27661,190.1577,107.56433,113.5477,488.31735,553.881,159.49152,1021.52356,1200.8685,431.81287,473.5634,454.7245,461.37912,138.21216,620.4972,554.1231,424.423,595.43787,469.7468,144.65417,306.40802,263.27615,410.92184,672.42926,571.4493,212.69429,274.45325,247.96541,279.8019,212.38402,472.08698,609.3873,817.81146,557.4683,655.9048,827.3229,608.24677,561.28107,405.66684,114.54066,197.41925,228.29222,489.6994,526.42505,344.56332,440.49185,452.6217,275.0978,945.84607,1148.6339,521.12415,383.14108,134.61769,364.71957,473.01025,322.69418,434.4375,Desktop Computer,$Whiteboard$Printer$Phone$Shredder$Google Home$Desktop Computer
567733.56,242225.45,6599.3574,10740.48,4645.7944,6220.0513,4820.0537,3776.57,6677.817,2941.1094,3566.8042,16952.602,64586.484,50735.46,7906.7407,4642.8804,2941.9426,3501.1023,5013.27,3186.82,5028.177,3247.164,2171.4854,2234.0117,1934.3203,2845.9905,1472.6208,2675.0613,2615.8909,2254.4038,2883.799,1897.4015,1078.4465,1530.0151,1303.6423,2276.4114,3908.5928,5211.9204,2538.4954,1268.7549,1710.3002,1118.6361,1436.4192,1713.6217,1191.7623,1542.0342,1499.9735,589.5873,297.33594,643.0029,573.7561,834.91284,1103.8944,652.3826,209.53438,589.0679,165.2216,960.79626,1031.437,599.62354,800.65155,904.62683,307.04044,572.30084,591.09174,526.26984,110.67848,481.87234,724.45123,616.74945,854.3784,1324.033,486.21185,327.93585,477.82184,138.07559,529.7586,659.2183,416.05856,232.03961,592.79736,237.80063,10.954979,248.39351,322.69293,596.76733,855.58246,654.4945,627.725,355.15726,58.31568,152.39526,47.68348,467.01672,611.7948,692.4562,1445.2662,772.84204,484.0824,364.91345,139.64558,104.25112,93.39257,456.72552,254.15459,244.63069,121.351555,334.67273,523.47864,579.093,241.57169,511.71753,462.6296,579.5412,449.84192,284.6101,513.02325,308.49768,503.22562,618.8822,242.21841,159.67831,195.31157,373.59955,465.94888,681.61346,809.11914,397.32468,586.93,598.6965,731.79724,785.93463,589.1739,879.3334,1458.9528,544.6364,147.81519,25.088509,575.76996,922.82654,862.6822,1071.4888,1431.3788,1170.6238,537.1087,41.036224,158.67633,174.06065,431.17435,197.64569,392.44693,1076.8021,747.2991,817.3414,577.6339,599.6784,734.428,643.8288,326.45026,342.17017,320.71777,426.36823,203.81845,133.33195,142.55278,169.88414,209.10324,401.1306,273.98276,100.959564,229.02106,163.31229,146.06584,219.04681,258.90973,89.700905,187.78206,159.03204,172.1159,142.62015,255.40082,418.78357,695.9945,468.93655,103.753876,117.834076,121.700226,83.89554,422.2303,435.53162,176.6557,239.05174,105.331566,285.81387,76.47637,111.35718,16.771788,270.57187,224.358,483.38776,574.511,228.15338,246.2912,315.26755,439.0936,481.30887,563.4771,379.48788,789.64215,966.8924,817.80646,545.0323,334.6912,208.04678,50.69482,58.646202,212.01274,524.3745,478.8811,429.9424,660.3382,764.4169,861.8502,441.2416,347.8923,395.85794,364.47458,167.66663,81.134674,366.91928,419.9308,351.13458,649.4109,427.425,386.7589,366.16852,263.72455,825.35175,443.46368,52.265358,23.691353,330.21844,303.41367,127.10132,330.70093,228.16287,201.34152,318.9729,673.3176,395.4655,186.67673,251.24078,245.33473,167.10547,213.55794,282.67072,323.75,Desktop Computer,$Whiteboard$Printer$Phone$Shredder$Google Home$Desktop Computer
566387.9,242211.02,1233.1199,7562.734,3868.761,2158.8723,655.80884,4626.8438,8429.523,3821.8254,1421.8008,13486.783,61859.21,46898.05,4001.4368,4522.264,4333.727,591.51624,1419.5989,3093.7593,5012.885,2038.4242,2298.252,3486.915,1011.5003,1470.6427,709.22614,1234.4082,1077.0444,422.9828,662.86206,1037.4722,1395.1154,379.6847,1668.8827,2028.8612,1712.9797,4015.2996,1684.1328,1649.8212,1617.4271,493.06357,680.5848,430.8691,112.82165,440.67682,800.14777,1369.0802,1275.6926,691.3786,523.3743,654.3712,693.8023,338.28326,580.3465,783.03107,842.11566,717.8892,631.90015,626.69525,645.7312,374.33582,992.8399,844.0466,400.8176,365.85654,909.5135,788.027,363.73358,280.57657,519.68445,1092.5094,1023.8057,591.6137,1228.1674,696.0074,206.03883,452.1248,853.5585,593.96814,253.23457,538.6808,586.9975,250.94519,200.71278,860.8091,1190.5342,1038.7712,696.2767,307.0519,168.29587,429.93353,281.78708,248.90535,312.63544,273.32254,988.2648,756.23895,117.999374,531.1597,421.8585,597.2102,800.38934,623.3138,478.53452,699.3799,508.39584,240.73999,447.1179,249.81895,253.28568,630.55835,557.5827,436.33435,194.06332,390.81558,587.04987,495.37848,15.822337,468.74643,279.0234,204.2348,64.222984,214.4642,422.36914,295.36765,175.03523,612.6999,525.84045,330.8416,610.83875,838.43066,686.8926,444.95007,1203.599,374.77338,195.93,243.70457,290.4687,417.5997,396.26926,314.3395,543.9332,414.07703,128.01762,210.55016,19.75851,79.757645,498.4334,591.7862,839.45483,1023.30396,721.71014,366.34692,229.7573,391.26892,346.51172,312.10202,413.72482,475.92462,583.2871,580.5816,428.35312,376.85333,218.0203,246.35805,563.1985,384.21194,431.29813,397.98935,146.72221,410.79263,686.39685,746.7618,675.0049,466.6652,146.81264,259.98026,349.92944,46.614124,250.25153,216.7896,163.00967,180.32509,261.38135,170.97641,170.0822,204.07256,233.90201,225.1615,23.235025,283.63052,269.24634,153.21973,429.5914,401.1329,393.6867,487.99887,307.10138,395.07257,244.65552,239.43092,320.41656,280.31525,233.63928,1071.1837,1419.0497,400.0952,127.91338,355.72406,381.92517,389.23358,552.2982,674.2819,884.9154,480.52863,121.57756,361.25504,650.79846,432.74728,375.81702,344.474,292.629,205.89162,284.71176,336.40433,570.4144,98.30963,577.10406,541.4136,206.10028,25.375362,429.5909,827.6507,414.27576,272.72528,939.9474,373.43774,316.15134,233.42834,350.1673,405.62332,290.25302,488.89307,455.31143,210.73604,106.53598,27.054113,447.61847,730.7995,360.3291,108.67631,201.69965,26.96751,151.17786,181.98012,171.5,Desktop Computer,$Whiteboard$Printer$Phone$Shredder$Google Home$Desktop Computer
566401.1,242537.03,3128.52,1432.2456,4712.508,3681.5857,3525.4834,1617.0728,6134.1387,1785.1338,2686.3948,11875.873,60344.86,45266.543,2843.1855,1940.5803,1425.084,523.0179,1285.9756,1442.755,625.2911,1294.6647,2211.1345,730.7979,1600.2256,1256.2855,1782.0692,987.1771,759.63654,243.00233,703.63464,991.83435,964.0591,1025.5605,1193.1813,439.12762,1391.3041,3962.2979,2029.7999,228.87811,519.5431,1435.5846,958.29987,1026.1847,467.98352,312.95978,530.43384,394.81918,420.18005,818.1284,873.40674,459.3635,181.81973,97.96118,741.2294,710.95624,679.1593,180.86562,359.26385,478.26285,806.0973,1018.411,1106.9343,869.64526,364.07434,347.64386,353.50665,478.37997,406.83755,370.9173,307.13422,275.84677,667.5438,534.4133,582.7891,347.25452,284.15564,344.0376,448.13266,368.47543,556.24347,607.097,251.34254,310.94757,234.62265,450.08536,285.5875,229.09343,268.91968,254.84555,476.34177,625.6899,327.02002,310.30185,237.72627,321.15442,407.47067,348.97275,52.178562,463.0048,378.852,117.94951,298.19827,228.05392,61.888916,426.85797,86.055595,294.70728,428.22345,230.11432,151.27173,419.18304,418.01434,269.76663,279.1936,310.78412,372.2157,542.47235,472.9278,560.7031,338.57443,54.792015,155.59154,320.6361,402.36847,468.7361,486.93356,371.28406,239.83876,373.3751,369.38144,255.94275,903.11896,1351.3718,1519.9291,303.2661,614.9012,721.62134,542.50006,547.9506,458.39944,488.205,271.3585,137.48512,265.75412,148.19116,393.97714,585.7706,693.9228,892.5379,751.66986,171.64278,520.5034,569.31024,689.8134,766.4094,240.01405,259.70605,268.52084,312.7231,334.90857,431.82925,222.69038,383.66858,337.04584,341.74686,132.83333,340.1095,150.72588,234.26778,141.29109,241.77153,75.263016,108.83354,210.18105,405.76593,130.00975,157.60945,112.86242,273.36307,172.73056,2.7136562,175.67749,305.91602,73.0477,212.93335,352.6076,128.78343,356.63773,391.04025,524.62036,229.15533,70.567444,377.13156,522.8331,337.0117,249.56224,235.74069,475.7591,400.78677,320.02768,414.83963,220.38708,127.6034,199.32402,284.52527,649.21497,290.62973,698.0375,1034.5414,768.3339,440.84314,257.50253,307.69885,518.40857,498.7232,176.81279,186.69608,66.795876,363.17404,318.60153,13.003024,149.11102,286.62576,453.41156,207.40497,302.13513,429.2107,206.9844,80.51102,72.48606,340.02936,675.6325,321.02017,321.92883,373.89365,259.59924,188.45598,133.03792,137.6248,293.32678,225.44307,154.83199,390.06174,260.7507,116.843895,287.2937,234.29024,123.25425,538.23083,348.65588,290.89774,509.1613,296.26895,66.56376,257.80823,471.28125,Desktop Computer,$Whiteboard$Printer$Phone$Shredder$Google Home$Desktop Computer
568596.0,245335.78,6700.2246,7921.5293,1949.9781,1697.096,2539.9033,2564.782,2942.8154,1580.3713,2765.5522,8437.861,54693.71,41641.094,3549.2236,3835.461,2375.6409,3227.9092,3923.68,3597.8706,3674.4893,2379.9927,599.93536,2971.2615,3667.1746,3400.1338,2082.959,380.00192,1524.0154,2191.8772,2330.2927,331.78467,984.46216,153.05873,2609.8037,3064.8457,3196.5293,6166.252,3461.9626,1161.9122,1334.2725,2143.4182,1247.2665,1781.175,1431.069,297.87463,550.6054,692.4295,491.57413,1400.0396,1390.0056,441.3857,550.61005,515.1099,382.37875,399.42117,765.3344,911.58453,550.08386,458.391,944.1056,784.2931,315.36703,302.3319,522.89484,552.4514,367.4818,613.0599,436.76456,132.20677,117.32813,96.44054,20.858398,252.50732,298.82773,102.287834,81.84524,179.05383,234.8984,172.51027,137.76945,420.8323,545.1655,544.9929,614.6986,366.88675,98.17786,241.61084,223.54079,453.3779,617.9928,500.42102,564.69666,638.09534,662.8571,545.1553,154.63855,557.99524,110.221954,556.42346,290.7578,193.10168,134.14862,98.91618,218.71423,372.90024,193.74582,178.35814,441.21805,334.452,396.25677,215.4253,352.09888,424.4223,313.62524,152.67816,258.13263,170.16861,462.43268,461.06274,319.6412,180.0579,100.25865,312.57065,468.49857,434.4942,313.33954,326.48535,295.61618,524.2334,527.1949,282.94336,137.47957,290.13333,970.02985,170.12383,680.6234,196.02544,117.76066,280.60706,414.91534,526.6948,518.2775,593.3558,561.6316,555.17395,408.7925,73.727356,320.16495,386.1958,271.39877,569.429,496.97467,611.6331,295.09332,173.02403,406.82928,451.1912,432.14203,318.30112,116.78783,254.71533,417.87595,480.74268,353.0977,317.49472,446.30566,668.4035,782.1619,501.03375,211.63849,74.80546,216.22849,409.07727,531.80646,695.9992,695.88794,485.41794,380.89578,390.04364,706.0022,717.3221,477.40222,421.65634,210.90218,306.0617,462.05267,343.7424,330.19653,446.13254,500.02438,646.16907,484.10626,230.04501,240.08818,266.7432,282.07104,254.36859,467.36487,620.61505,421.14185,283.49493,271.23254,454.59964,406.62317,373.4739,547.74036,334.03766,1009.8419,881.548,289.56583,149.38235,178.5678,245.05411,146.89182,320.12088,384.57407,214.76384,185.99567,131.84956,173.66951,500.9613,577.91144,420.9092,425.55856,131.80074,65.51687,163.7483,244.80957,234.38676,67.452805,21.74912,320.92694,293.5118,443.03656,471.3414,319.60745,187.87257,351.0572,506.8276,323.35748,283.99707,376.9946,403.99072,258.6181,196.00337,356.5274,451.10196,307.1695,309.01022,291.26538,449.8973,326.1528,586.49304,471.558,194.715,368.6875,Desktop Computer,$Whiteboard$Printer$Phone$Shredder$Google Home$Desktop Computer
567704.25,243706.88,1317.4979,4864.816,3702.4307,4241.6357,6085.8267,5539.0493,5142.258,3401.4314,7207.5947,21341.096,62034.0,45039.95,2517.2122,5049.556,3542.5396,4828.8916,3957.4646,6460.9873,2514.1956,4561.106,5162.391,4209.2017,711.3112,3377.4746,3370.9163,3368.9702,3230.1316,4185.5728,3339.433,545.71326,1119.5737,2172.661,1957.7462,759.8741,1811.1448,4197.85,1317.1075,1305.6124,2191.3801,1261.1901,1025.3848,1003.9962,1686.5233,1317.6016,1352.0657,1444.4926,432.559,1439.5432,954.42267,186.56602,271.42847,1016.80896,1317.6642,377.07574,796.8956,667.6921,989.48615,1116.9276,1378.1874,1267.0353,862.17914,290.66797,807.26825,368.7117,433.93393,52.118687,327.73523,445.64096,474.98428,486.92197,328.02805,202.33583,718.059,769.47473,385.92062,121.19474,191.05072,159.64336,150.2142,395.11194,296.5673,99.71009,476.30835,531.90497,116.39836,316.80566,269.27448,21.8272,277.7069,105.2533,12.581334,500.55734,404.52963,522.2962,470.23645,74.66626,695.7907,406.3996,634.85834,357.58582,717.51074,650.1553,604.0546,824.18286,803.32697,691.00415,435.5509,26.162664,368.1183,328.30048,431.08383,629.7214,648.511,168.11723,481.85022,569.2653,619.3692,133.52066,200.21309,381.11404,267.92212,55.980034,493.52313,507.29358,230.47491,464.04156,676.3945,283.15717,600.587,486.89203,291.31583,768.0623,987.40656,722.29034,1252.9489,497.24133,83.30317,357.53146,274.95517,92.283005,253.18634,386.91794,116.59271,332.05637,647.57043,442.35184,417.998,553.4678,322.07483,494.69748,1402.6389,683.202,511.93176,282.13904,257.35892,699.1641,548.84467,807.1103,642.50507,422.93475,167.89703,314.39975,260.24957,224.40118,197.88493,155.27124,151.74873,185.8661,131.17708,6.616591,93.3794,403.53186,341.3473,49.30892,129.73941,231.15538,180.61324,200.54283,339.6986,680.89294,697.29175,704.00824,401.9147,441.45636,462.2949,560.23505,512.1526,419.75522,236.01349,247.01187,612.73486,657.29755,726.10754,709.9858,645.7111,680.91187,794.7871,578.87823,547.2122,491.11642,588.9695,577.735,876.291,1149.8458,1289.545,744.14746,1867.3759,1269.1682,946.68964,915.8322,605.1525,512.1743,738.00024,844.4727,551.5267,482.192,331.37656,404.47812,113.34137,379.83478,511.66812,474.8354,337.4845,353.22806,395.81195,240.35036,85.00692,267.6326,575.0968,352.96338,143.49747,372.40588,568.6939,458.80768,273.78775,312.0705,208.98402,85.94172,165.78543,398.9117,247.65446,96.35409,384.65497,136.50977,108.4508,170.61293,283.70013,426.8906,737.7967,893.0912,530.55865,106.92601,99.82295,184.5362,29.46875,Desktop Computer,$Whiteboard$Printer$Phone$Shredder$Google Home$Desktop Computer
565743.4,239257.19,5293.1934,5257.1587,555.9417,2775.8408,295.5203,1634.1497,5801.701,3879.5784,3031.1125,13520.077,56190.652,45921.56,3096.9792,2189.7646,4168.8354,4536.9287,3235.9578,1345.9978,1290.6699,1325.4233,2973.7188,2410.7317,293.54944,2984.9048,2633.2483,2210.8638,3115.8555,62.06195,809.1324,1772.5298,210.08064,1515.2513,1367.5841,1033.6963,1198.4966,3350.6956,1923.525,762.1162,956.40735,777.7355,489.138,195.88013,626.72876,425.8894,873.04706,1348.0077,379.11987,1086.7495,705.99164,202.16484,590.28516,825.3664,977.64044,156.41048,396.8859,241.61487,936.85693,601.91425,142.76831,147.21185,171.46474,764.05615,772.0485,294.54108,431.7218,463.42874,479.7124,285.98053,209.72064,71.85071,68.59221,431.23145,199.94783,660.2573,907.3517,940.70105,469.32083,503.29724,374.22052,515.6911,503.8419,494.4005,586.2307,628.3074,362.89966,164.37848,170.84825,112.63563,251.96861,48.421124,237.63295,452.0156,807.339,688.34406,586.31915,421.06857,381.90417,550.267,322.95084,495.26486,477.33707,360.66318,306.30667,125.50454,275.9007,458.37384,659.81195,417.0413,259.14822,113.160385,69.4816,281.11008,178.81499,28.29984,297.85315,409.70264,167.55737,283.6546,190.30243,145.97615,298.51184,175.26361,274.65424,390.27396,150.2128,98.39196,292.55927,349.6584,66.50848,343.70016,115.290825,627.3448,1249.6647,411.71988,856.2769,294.8953,292.93427,172.97519,296.16357,284.7094,94.0429,197.13467,43.67639,55.252007,431.17834,341.71515,686.83966,758.0407,307.8334,388.62497,672.99115,731.2964,70.76486,114.48267,157.50948,339.9146,393.99792,112.12201,288.94843,306.64316,299.08405,411.56714,339.58908,242.96393,344.77972,341.70374,169.38533,113.605675,179.36455,27.864166,137.47432,160.15208,643.97614,413.78293,155.22308,234.07417,218.18102,306.90656,440.1477,359.96335,370.61096,551.8581,107.29678,294.61267,242.73781,461.2958,192.79994,568.17017,397.81555,246.33243,336.5518,126.29934,398.27948,491.40167,384.68774,206.9202,375.34915,506.66055,182.65825,267.7512,235.1183,250.29895,503.77896,319.0155,604.3776,1632.8855,466.28342,237.52467,303.5318,165.13785,377.11707,224.78737,433.0689,326.9563,500.7863,119.83307,162.52347,275.1972,261.3143,214.78954,405.83505,180.01912,438.4137,96.08981,90.766106,246.04297,319.76816,219.71877,193.16537,155.03723,386.38565,263.41495,201.79187,38.72047,137.69817,146.2725,291.79684,464.53665,450.2336,522.6799,556.44525,179.55913,233.25757,40.187725,15.406751,168.0637,297.04446,333.998,363.5921,444.76657,112.83307,262.69092,177.76912,394.77618,458.25,Desktop Computer,$Whiteboard$Printer$Phone$Shredder$Google Home$Desktop Computer
569275.0,243477.4,4696.1763,5770.1665,3371.5798,4712.4785,3280.4434,2454.7996,4525.7188,3853.0505,2453.7842,14195.054,60042.926,46002.56,4777.306,1078.3213,757.51825,1478.672,2709.2654,1631.99,2536.048,2750.9502,2714.066,1245.8823,2587.3096,2980.9692,742.1719,650.6381,1209.086,1938.9,2007.1731,1250.3085,1814.0088,1654.6493,917.8958,1355.95,1669.0204,4055.4946,1586.6168,559.1125,388.62143,502.3696,553.2837,594.6687,999.6116,520.7728,234.8011,135.3955,357.561,409.5108,475.34042,615.7349,935.4766,787.3893,1028.4048,1258.7351,964.77386,177.23573,522.439,444.97177,635.6711,800.7098,494.3522,385.39337,332.37518,497.3327,254.48442,17.10313,324.54358,501.7932,532.8988,587.1562,657.19977,577.70483,398.5253,217.67134,144.18225,247.69153,333.68527,285.26135,292.3322,538.6387,433.25262,167.75879,185.19264,295.71442,29.673256,160.73053,161.57094,127.06266,286.62494,319.40378,325.14517,321.19638,722.45703,576.0056,347.446,341.1606,448.89075,49.205936,281.4422,123.1485,296.61215,396.15552,87.18224,197.90097,363.68896,345.4166,297.2506,569.20087,376.7605,389.5946,306.85205,339.80457,358.57083,387.6888,408.05814,463.45724,324.9716,314.30066,392.82825,418.48,291.4722,517.2722,527.41394,422.26425,270.51617,243.81543,236.88486,441.28458,393.5423,433.3541,671.5106,732.5169,1318.4244,798.8873,530.2092,288.85394,125.83262,465.71762,461.17874,329.73978,467.39664,272.648,197.87167,142.38692,234.631,233.45409,387.32608,439.4188,441.91138,467.63977,238.44514,454.15054,235.48375,72.64468,78.64965,153.53676,304.72137,198.77538,165.68607,106.78975,186.8477,222.60092,43.548927,110.1535,66.68694,112.276085,214.7237,60.163773,34.721222,192.3778,182.81937,256.63348,176.08836,352.1816,208.84636,159.48189,162.12637,160.5666,225.13037,237.72629,185.25244,140.99222,386.61093,359.86862,154.08252,329.5852,454.15036,296.9574,403.3471,191.90059,499.21707,198.66988,212.28874,561.81024,594.19305,428.45526,142.20854,94.15278,400.44925,582.778,332.442,91.95154,271.61832,945.4915,327.35742,639.15533,591.24677,297.84393,516.4494,526.8947,71.00893,569.3322,369.37683,153.04428,415.0448,434.97314,291.75507,395.7269,604.7954,210.91678,87.474625,353.54742,57.606102,373.48477,248.17949,405.87387,412.70337,293.67294,317.50146,459.30167,570.63116,193.60582,281.87405,239.85583,254.70554,120.769516,64.81978,229.4246,341.246,249.69576,115.145256,237.26204,491.99716,572.8915,445.72217,347.8837,503.7281,208.64056,327.2187,124.60217,515.8298,485.70593,149.18175,662.1354,682.875,Desktop Computer,$Whiteboard$Printer$Phone$Shredder$Google Home$Desktop Computer
568704.06,243596.83,2508.2437,4652.7783,3624.6445,4331.4023,1301.8826,4091.7144,6854.874,4073.7766,2935.362,9152.47,58859.234,47926.66,5834.6216,3156.4707,2183.702,2232.927,1657.4089,1991.7537,678.6887,1230.1428,1851.9307,3262.5076,4185.3867,2320.0376,2299.7058,2809.86,2779.141,1584.815,1643.1102,665.2977,1582.9999,1691.5,444.24792,745.0043,605.3778,3879.9114,2290.9421,1135.386,1235.1777,284.34775,1573.0162,668.3258,262.99313,67.40731,166.03543,431.52792,774.5007,1445.3206,1023.57,627.2398,275.42957,246.28197,598.363,859.87994,833.5424,419.96017,814.2128,496.29456,593.3693,668.791,384.19925,450.93106,431.87643,113.0546,443.67773,278.3022,591.29297,699.59894,391.7857,485.9055,420.77045,333.76074,456.1687,463.2419,505.2479,205.48366,269.73135,402.3665,526.91437,479.54034,607.20416,96.45495,156.23419,188.92482,167.29333,185.2685,180.32861,253.0396,353.4608,690.3912,659.4188,521.463,190.30238,305.7578,586.68036,165.15234,1020.1586,606.2539,504.25024,578.8791,497.33286,350.50635,481.93207,609.51556,408.8705,645.79205,398.652,583.72394,644.01917,715.3883,500.67105,213.7344,518.5447,132.41997,200.35796,111.278366,175.83229,215.25008,428.67856,436.97757,187.94066,393.56052,102.02108,393.578,203.38109,170.85988,281.82724,160.58861,267.29056,114.39475,571.5942,767.3768,1264.4904,538.6581,289.19458,385.27728,326.0595,136.35982,275.5831,318.56656,250.47177,320.275,248.14053,69.93551,115.96582,379.34497,292.2513,260.10873,342.87054,833.05164,711.30725,519.29877,230.48686,305.9843,427.06616,287.81653,109.79816,205.58392,202.64859,285.6333,61.97923,127.89694,242.4602,449.68805,374.7995,452.36462,117.37594,119.755875,138.80812,129.08409,553.54553,501.35284,385.87833,718.1133,410.59833,187.56049,329.01172,412.04245,54.09289,355.20352,182.65062,160.57013,242.71904,199.33116,531.1903,461.99088,353.50146,347.06683,263.99326,389.58768,111.68677,286.71292,886.54767,457.38065,89.714134,163.45421,52.591454,291.22498,503.3812,292.33148,326.5672,420.23254,701.1598,478.56076,60.08487,796.8919,589.7045,539.3201,740.28455,722.9249,437.0915,534.6893,893.0127,398.5182,207.3941,162.82617,409.54898,362.51587,476.1022,248.59714,278.31152,233.16945,57.64388,250.01413,305.73254,69.089165,158.37003,232.82225,471.14706,106.889366,418.02686,457.06714,211.25403,96.40847,103.37674,274.9428,132.79565,233.8267,338.45245,155.5695,194.16377,294.2468,148.46031,198.84798,33.856453,202.01814,327.49933,336.7805,660.67737,219.05386,188.412,396.37738,314.02747,116.313385,295.5,Desktop Computer,$Whiteboard$Printer$Phone$Shredder$Google Home$Desktop Computer
564188.06,239444.17,4721.9062,3961.9324,3238.446,2688.296,2820.807,3018.2864,7461.528,2889.9763,3076.5176,13535.745,61767.215,46414.203,4852.682,2283.5588,1053.5979,2341.17,1671.7833,968.9042,3395.0547,2006.6385,907.8885,505.7999,205.87215,2285.1545,2141.0332,1785.0991,1048.5417,1584.0093,1263.8367,1638.7162,1050.9163,1011.79236,753.6488,738.7968,2330.3413,4231.348,1471.2783,1265.5099,841.0473,387.93628,835.0565,412.8829,497.54578,378.6915,644.9124,324.05347,527.60205,1135.7101,730.6069,653.9933,602.0751,1362.0363,1024.4802,647.9643,428.37643,637.69025,573.928,589.2286,365.95047,504.8353,439.11853,810.09393,1206.6359,984.7443,606.8566,452.11655,378.13928,400.85553,535.7717,493.9184,644.82605,844.1269,683.85126,537.48254,789.1503,560.51324,420.96368,251.32205,288.97784,719.9757,773.65204,83.10892,236.67227,368.5478,437.56244,181.03658,120.14928,326.7229,568.9623,193.62077,256.82773,151.94756,385.6441,363.79144,382.91306,806.50134,846.0211,200.4789,149.29025,315.92307,432.7606,290.00162,625.5989,268.27896,123.104836,356.155,513.1641,318.87704,169.18939,148.93877,320.84796,317.22736,319.14157,672.0404,364.03876,187.48268,211.34138,566.09045,284.00388,251.67947,459.08353,310.1828,452.87207,144.0711,316.24704,282.392,154.04889,169.42139,198.03514,189.86649,537.97314,935.3337,1346.0013,124.36466,343.03928,296.84744,405.78275,419.26514,545.4318,756.61487,348.30505,173.20355,285.64948,556.3011,633.7231,875.07104,832.9707,191.29459,405.37482,534.7944,1088.2152,737.82385,114.04037,431.82968,301.51645,542.4027,495.22107,425.98218,259.41525,316.73013,515.76917,318.3494,238.51079,236.02261,176.58932,131.64038,255.14992,680.2529,196.95227,311.84073,586.9817,152.52536,162.8455,495.53036,287.4442,187.28668,349.5461,186.40697,122.861534,528.66,581.3463,540.59607,313.48795,643.8222,735.2548,492.84085,309.95245,439.00623,606.4036,529.1357,454.63672,773.1571,659.9009,44.605404,184.60619,445.54385,621.8272,910.5309,1172.9276,504.3024,368.4352,619.8556,877.18494,865.81415,1072.3303,856.57526,1167.1326,1054.2117,810.7033,456.3712,561.7327,755.62506,717.7812,639.7299,347.2888,156.86148,106.68701,565.0534,877.94666,638.39606,599.31274,459.64032,260.06088,264.78052,378.20935,484.7048,390.699,523.1926,679.62744,392.5698,82.132126,32.815807,311.85962,326.97714,215.74953,317.57214,384.7279,279.4087,423.47736,373.81085,482.61105,645.1067,812.18823,591.73724,275.52872,361.36026,399.14114,279.7585,401.1099,46.075294,420.86392,390.76123,490.26532,609.11975,637.75,Desktop Computer,$Whiteboard$Printer$Phone$Shredder$Google Home$Desktop Computer
566914.9,243321.0,5726.605,7524.56,4983.03,5155.8735,4722.2236,3839.3574,4910.9194,1570.8594,1844.0592,12329.401,59649.29,47458.92,4140.836,2621.1274,1574.3601,1663.1143,1692.0564,1341.281,3465.33,1196.8789,698.4246,2010.7361,4356.5083,5237.6265,3014.0784,1309.7494,90.1727,1142.7103,1468.3501,935.6498,1936.7849,1899.0023,1521.4154,853.0096,1594.8274,4600.375,3163.2788,717.5109,792.67993,994.3644,928.1884,1540.8195,1318.4346,1160.211,414.60303,584.31647,638.10913,681.3311,904.79895,1450.7952,1324.0354,440.79987,476.70502,1320.9259,987.9638,527.6278,721.6368,881.84576,758.4762,329.94562,397.991,149.04745,347.99725,33.968346,340.38965,460.95642,390.5779,498.6032,257.85748,273.50244,406.25015,311.38898,652.19183,692.14545,81.44326,297.53873,465.0367,387.49976,123.85897,84.667,264.26074,160.98486,332.63742,322.7357,88.497765,161.7171,235.4705,189.71857,160.54663,356.8209,91.51123,104.7821,28.505722,356.54962,491.9934,513.63574,544.59344,894.31,652.1399,114.00025,268.86758,157.29115,673.3402,372.35547,334.89355,410.53967,360.10016,355.17093,62.06061,261.2811,591.3737,503.4676,193.87836,347.67947,248.7452,185.61752,475.2928,406.164,258.4588,399.8581,308.09573,235.2588,247.97418,223.35892,505.02164,418.21674,167.62816,204.6681,351.32034,596.474,717.82294,1212.8035,1385.3899,469.22726,875.9814,701.68774,406.48544,269.307,235.74588,422.4253,536.55786,453.9438,177.31519,106.82392,462.48276,552.9343,635.0073,744.457,629.2748,650.1403,531.93835,590.5377,170.75795,509.91464,438.0168,407.87863,386.55505,175.85057,389.27155,499.70663,486.0016,372.5841,196.08641,393.95383,482.73975,715.78204,509.1198,415.3318,485.6824,337.15018,382.98563,214.06761,247.68132,526.1009,615.75684,570.80566,294.42413,238.00426,463.15182,458.7349,408.2429,178.35214,461.57925,714.82513,504.12296,525.5079,452.63458,62.257774,228.0396,430.016,425.6121,141.95859,292.0987,97.38473,424.2714,425.55832,136.19934,200.78084,412.67725,277.1285,159.76347,822.2392,848.9347,319.11786,631.31854,357.40732,483.40356,639.17035,832.70483,593.5709,357.26462,280.55157,244.52354,195.88254,141.39447,37.90381,205.91444,103.134834,324.16675,359.36633,185.91124,213.87804,89.29,287.869,274.12482,74.25399,90.863396,193.50737,296.98938,255.94852,280.2408,126.6415,192.69156,87.58488,194.8546,194.67426,164.39519,201.68582,367.75934,418.5109,299.8096,159.76706,207.11377,374.565,368.79922,370.93954,311.44095,335.09418,480.01706,215.04652,138.92117,370.0829,124.68384,253.45561,125.6875,Desktop Computer,$Whiteboard$Printer$Phone$Shredder$Google Home$Desktop Computer
567324.25,242417.14,7153.7227,7823.216,6457.6987,2013.9861,2180.7976,1041.3617,4777.604,3875.7617,2752.7698,15101.451,60386.65,44223.324,1724.5602,1724.4785,279.1741,1413.4183,1896.4302,1689.5936,1393.5875,1562.667,1731.3506,747.50977,1988.2834,2890.4048,585.4821,1466.5068,819.46106,555.231,708.4878,1063.897,30.920927,681.08185,538.45746,239.58371,2195.112,4172.158,905.6168,482.86874,645.14777,1032.8428,836.281,442.4153,559.1804,521.3583,759.92395,872.61755,192.98785,885.24774,1116.9259,131.87514,247.18607,1118.624,1054.7206,701.7892,717.8331,493.32043,486.86368,443.799,455.15408,340.0147,243.11633,315.87048,71.12192,231.6466,530.1837,450.76083,763.40393,550.0131,280.7448,327.50424,133.79184,281.19458,775.5125,230.74327,170.19458,115.782455,133.40146,408.58936,576.4239,413.25565,277.81546,422.10675,328.3865,216.30779,251.66788,113.71385,399.26474,393.84186,289.8376,314.71045,326.05164,421.30045,110.67076,418.8909,491.2288,109.39983,405.94034,816.9594,623.207,706.83997,331.92322,190.62177,695.01715,778.3744,57.797832,218.99658,189.71391,352.88095,382.01678,144.71391,314.27292,135.08383,332.84262,482.87997,575.55536,187.12302,293.4984,384.97174,95.369995,100.38915,302.03574,299.7541,251.8664,75.83174,348.4856,65.74891,99.16161,113.207726,149.60939,124.32525,530.9965,916.5283,1286.612,462.07983,511.63245,114.14356,107.09151,32.1634,145.1747,177.15083,90.47174,331.58942,585.8506,527.0111,436.73926,90.12935,172.94014,666.33575,932.5585,471.56714,178.58955,45.86584,743.68335,469.11478,331.9921,253.99353,324.22894,169.16072,326.05612,377.70682,101.87742,111.484116,160.28235,391.78043,312.55856,416.0136,138.01945,434.29654,313.4517,297.06482,134.71675,18.655977,112.3338,167.51065,259.25235,260.09717,229.74358,283.8046,104.524055,94.989296,235.94142,88.343254,198.75276,109.18354,224.93962,176.5621,121.76828,215.88747,213.35904,462.1256,261.39557,89.678055,148.79039,175.27292,123.268234,208.87251,190.97,362.43958,517.6903,532.8235,508.45663,360.61163,512.0341,28.33149,457.00854,695.91345,899.0176,389.7522,448.4917,253.20364,167.00859,329.0106,329.02264,224.82689,282.01877,254.59653,349.5116,206.09006,221.86882,171.40305,122.98448,223.57721,484.17938,288.2834,394.5122,269.25305,183.94244,266.78503,289.82065,83.11091,66.39105,117.98072,234.46194,249.5774,345.34647,280.2498,153.82007,141.21313,25.095669,220.44801,141.35661,152.10226,200.70374,211.7017,200.92159,287.32224,256.81702,325.9344,230.77179,512.12354,219.72423,321.75906,348.1529,318.47092,8.5625,Desktop Computer,$Whiteboard$Printer$Phone$Shredder$Google Home$Desktop Computer
570424.9,242238.94,6067.733,4839.2993,4584.999,6184.53,4179.807,7428.4106,1667.9836,7895.061,5630.3916,13981.059,64009.543,45395.664,328.88187,2671.3455,3739.5178,2622.0498,1631.5933,3759.9229,1107.6118,808.1241,1934.1301,1035.1111,2723.1384,3202.2183,2151.5444,2779.673,851.6011,1753.9552,1167.018,1445.741,363.5708,2166.3228,2097.5974,553.30426,153.68681,3738.3281,2900.7134,680.74207,1709.3484,820.1685,748.6941,856.3789,427.93414,320.4205,485.0601,581.8527,404.6196,833.04706,328.9971,523.2108,818.4056,873.968,1616.4113,516.12384,412.78043,899.7028,484.4151,561.7615,836.3939,1122.2716,619.5322,459.902,492.442,450.72873,421.1075,509.68005,150.25124,362.76205,235.16632,208.64294,328.4049,354.7631,740.4255,347.50226,199.46295,271.99365,301.40305,319.79468,111.337204,270.3412,136.2773,214.43138,144.55286,447.3526,250.38383,491.5243,345.40463,357.88525,336.81534,263.00192,202.54729,55.1041,334.81064,310.00125,289.10022,708.7907,152.69331,866.7616,731.8308,163.44147,176.14531,220.30907,212.33934,81.477875,392.35916,133.46634,248.98184,390.40167,178.84622,128.19948,421.12808,234.62898,351.1137,259.8802,144.38562,89.8087,241.1669,132.85924,263.5126,244.20934,140.34879,193.03996,203.50113,53.83159,200.73158,113.099335,91.06105,62.775143,113.140625,311.17783,286.06238,391.74258,963.5229,132.13441,403.62836,414.33737,178.077,91.45379,224.40672,150.33614,401.6037,366.69763,179.76215,80.106255,349.01108,532.7606,849.966,781.7761,433.86264,724.0036,527.2811,520.5248,719.93256,473.6048,373.3377,306.98373,418.9239,111.73556,420.4302,451.3382,287.76627,133.31876,396.67212,362.19193,401.4078,575.0684,360.12445,242.67448,337.03345,408.41394,25.822144,235.2256,389.9065,538.6774,666.76935,400.34677,436.33298,388.62698,178.2015,122.6006,306.57626,186.66754,137.9662,430.55896,301.0145,171.33218,148.26193,227.75227,340.43274,541.53467,451.18396,391.05746,319.2183,365.88873,211.90051,173.94763,355.2276,392.58856,409.94772,168.72217,245.03474,112.10975,466.06076,702.0606,421.65714,926.80615,990.379,432.8549,400.85733,248.38376,323.83957,173.00766,102.724884,35.68504,59.458603,181.54819,368.70013,353.61377,386.87946,85.98806,45.581146,164.17426,402.96518,241.11833,451.5807,601.2296,330.50568,49.148113,98.066025,20.49097,127.592896,314.63348,254.01611,275.7417,219.89595,363.134,285.3806,139.05089,71.94686,84.84056,148.26836,105.13589,258.8374,133.39307,355.20877,414.9572,229.14401,425.50043,693.37134,511.08032,165.56479,432.26373,123.493034,99.78246,185.40625,Desktop Computer,$Whiteboard$Printer$Phone$Shredder$Google Home$Desktop Computer
566682.3,236748.83,5188.842,5010.0024,6323.6323,9200.182,8077.9233,7739.4077,1764.2509,10158.027,7075.3623,4514.3555,58758.062,51042.266,6210.9067,4084.421,5975.7227,2960.6777,1435.9594,1230.7808,3589.1963,2162.9187,823.6502,1136.9595,2075.0405,2836.5251,958.1702,1243.5857,1213.2402,1893.0824,610.2695,2483.8667,2016.5033,1449.6655,1080.1238,2080.1772,2678.4902,3768.9758,321.02838,1017.65125,1176.2148,1186.2701,859.8137,236.56184,1056.0917,1118.7628,400.9199,336.21652,159.48181,1014.3776,733.1803,639.795,1144.442,1782.5494,299.21838,704.7665,280.18585,638.6342,520.4512,241.92274,205.41794,416.67468,1191.0757,588.70044,42.18566,294.02002,482.7602,317.58398,313.55023,177.34032,200.98447,494.677,481.7992,574.4659,911.16473,579.1222,239.17346,160.06784,263.9563,217.62244,180.19997,197.66986,457.2203,212.5744,158.08672,170.80278,419.1211,362.54236,70.73726,146.75679,172.1084,393.4008,396.4613,106.1635,121.69465,82.06227,365.24045,427.92078,499.67404,911.24585,104.812195,539.50287,633.40814,678.7535,453.49927,337.98016,274.02963,202.64964,541.19366,555.2105,196.27054,336.14774,401.33722,472.89365,304.16925,239.44437,263.3389,157.56772,408.79623,512.55695,560.6126,328.75693,385.52826,431.11813,335.4855,53.041702,132.37442,304.1935,357.57318,308.86752,222.8134,427.25793,371.17383,595.5057,1026.4349,464.34128,458.56155,576.12036,667.28033,492.04898,454.36096,360.8096,275.852,456.7448,178.17152,140.99745,264.42188,386.82938,553.17786,654.87103,474.76407,492.03186,401.9108,648.60095,403.41022,271.74963,260.55957,283.93793,30.432922,417.32468,273.041,576.865,340.03552,158.39146,103.713326,84.96458,241.46707,95.12011,231.02032,130.53506,307.5976,344.8945,36.277077,254.3496,215.187,267.33453,119.55264,268.0433,381.2107,348.35028,146.34666,481.3875,70.15914,317.06497,305.1115,321.94153,63.348423,193.66791,536.9168,379.74695,373.49652,94.21167,137.63342,374.7875,632.64935,502.81125,96.36383,112.00341,261.94922,182.88824,507.31586,622.67346,417.37653,341.57388,362.15326,414.18738,635.4257,645.1046,146.94978,504.95398,348.48807,107.08054,278.00302,34.33715,167.07298,245.99608,251.5994,418.26004,173.57455,90.29191,243.26996,55.195602,144.9228,86.5203,180.93298,326.89545,274.3841,100.87723,129.41837,284.7449,132.31456,196.6265,103.054504,345.1894,247.72192,137.908,224.99605,219.83661,270.4951,150.103,363.29257,561.2262,345.42706,202.64824,93.63208,38.874237,233.67204,459.43536,194.2971,150.47685,170.30919,161.78531,680.1248,803.3526,612.75287,454.3962,120.5625,Desktop Computer,$Whiteboard$Printer$Phone$Shredder$Google Home$Desktop Computer
567067.1,240898.16,4398.279,3392.493,4871.5205,4349.8633,6149.4463,5548.201,8401.301,4651.014,3604.2812,12670.526,61928.266,47140.793,3403.5386,1295.8372,3093.65,1230.7495,819.71967,836.78644,2829.0947,992.6826,582.1482,636.2424,848.93036,1327.5334,307.08978,937.19666,499.17084,425.9022,845.9672,499.8386,703.01245,623.95703,659.93994,622.3465,1896.8713,4882.5103,2200.7017,38.62121,259.45364,506.30658,396.91626,596.42896,248.46669,381.5625,983.4883,1106.6454,776.77545,698.26447,564.8044,633.3828,1041.6805,1435.985,343.7127,1171.5929,549.3582,643.3842,571.5017,621.7057,536.65015,545.577,775.42377,306.16745,185.97913,140.4881,228.20088,363.40732,479.72025,155.88365,677.41113,479.40817,119.18413,170.57045,472.4985,136.25162,142.47192,142.34113,327.87833,313.01624,96.81548,231.5289,149.75282,195.28029,197.40419,165.0397,267.8704,164.33638,445.41248,518.9558,554.6525,253.0264,186.27063,105.0674,222.11055,365.50116,299.3007,378.93884,565.6295,747.23157,81.50749,320.01178,81.11547,167.11612,158.33765,139.01114,115.95171,237.30371,480.07166,210.47339,53.328873,138.38293,101.848,185.20045,183.42336,318.7574,177.18115,285.28775,337.71997,118.73547,126.52548,154.65805,116.83795,97.99159,395.71127,272.08218,96.20681,307.9316,127.48646,232.54308,191.20541,177.96384,343.08987,611.028,822.2075,237.32355,455.72568,130.63947,196.52147,85.16541,53.56178,248.9515,401.6327,233.8379,265.58838,331.7754,134.22554,249.76044,201.53944,442.6714,361.84277,391.54388,327.36758,405.63333,646.983,62.329655,312.522,120.63798,459.4031,781.90753,557.8712,168.20506,50.19915,200.77399,456.16498,250.30905,207.61542,634.75244,459.99536,218.81975,353.5273,583.57385,640.45935,684.3763,395.0897,117.54251,341.95926,462.00177,497.97888,355.67627,474.69693,663.1081,457.5526,121.73918,223.92023,265.1427,280.52582,181.601,485.33914,638.079,534.805,280.66476,447.24002,554.7511,424.72568,471.69687,236.6841,318.94348,304.08496,117.93103,161.57675,230.76515,340.17703,441.86044,553.14374,361.34174,300.6505,611.57904,453.52573,236.02422,376.60333,678.989,350.5101,132.67415,593.64734,583.1862,406.28802,328.5047,217.04832,489.4909,392.3606,406.38132,465.1438,167.26233,34.268837,159.21426,230.39452,188.14784,141.26562,506.94046,540.64966,143.1755,198.32913,419.32544,430.66113,389.22726,311.71716,184.80145,296.88556,301.50687,264.0511,126.21001,170.44197,89.95384,276.72488,247.44687,215.96689,326.0685,440.6568,356.03363,391.89105,172.29901,413.11502,441.09232,190.53902,97.0777,506.03125,Desktop Computer,$Whiteboard$Printer$Phone$Shredder$Google Home$Desktop Computer
567792.75,244786.12,3746.7754,4717.3804,327.91986,5025.037,2655.8398,2571.928,6141.313,3076.7893,4703.6973,9551.438,58255.117,45410.363,3712.16,1395.6777,1875.6736,2501.2427,2257.5564,2177.2896,3216.372,2972.1753,3114.0503,2836.3157,3076.19,2047.5405,1198.5798,2851.7913,3398.8389,2355.6152,590.37024,1208.5103,832.48694,887.5561,588.5472,665.55194,1559.3005,4042.847,2715.681,1076.0997,820.82117,929.9955,1158.0199,952.64386,745.83124,881.62006,1014.582,1348.0269,695.351,273.16064,610.4997,1739.0798,1793.2546,819.8779,987.0573,991.2795,522.247,711.8927,898.2812,583.2638,524.0557,594.04083,360.64612,545.77747,713.0085,545.98334,308.58032,123.118706,376.16342,502.09335,693.5416,612.8234,662.8126,734.296,467.8069,215.54105,426.54065,536.8436,726.5856,242.8953,582.19434,610.188,452.72372,350.45465,412.97693,471.83395,320.91714,656.69727,456.98083,122.02237,419.50223,340.80374,314.46967,274.06128,229.78915,478.86606,384.70074,510.83862,991.42004,1048.6763,388.36182,543.5556,377.2766,641.1506,672.41797,406.06006,383.33356,291.51236,125.797874,94.155495,208.1383,502.93063,420.82526,419.36914,359.84628,427.0335,288.1872,393.2514,136.66333,108.811806,74.82515,211.35303,178.83208,70.10095,6.764066,212.59178,113.66121,237.18039,382.2562,252.85489,180.36769,135.64214,463.49036,1012.1881,1503.4113,661.8359,674.6041,362.69714,130.29558,176.03036,171.58333,139.19426,295.60028,518.261,426.0665,474.7704,326.49863,249.77661,436.34058,557.5015,613.61707,893.4497,540.3434,521.85834,344.65125,314.1931,253.27545,318.51382,301.21515,488.03513,404.18054,240.3694,204.51448,271.13034,351.03113,131.36404,256.12323,244.21794,20.798685,318.10275,327.9592,279.97943,266.19638,208.39275,270.7349,26.47294,56.020542,72.60564,273.55045,410.5149,311.1102,132.05296,300.90018,294.25262,329.74878,274.5361,107.93603,17.481882,108.06639,229.94406,289.122,272.20547,235.40266,400.6298,165.87422,146.25125,265.01608,392.58865,433.81274,323.72427,579.5339,688.474,434.5481,639.5487,367.9246,783.845,684.20514,272.5403,222.59912,550.0283,437.37903,544.1386,645.8799,573.2377,604.1648,540.15594,234.70473,47.392033,85.79149,334.94122,399.281,698.17883,501.0293,88.30582,61.872593,104.49535,72.40564,104.11687,372.4663,365.29852,165.64664,493.02515,414.32568,339.02063,328.94025,201.88704,155.57407,118.05785,337.15448,431.02426,384.4116,421.8872,308.98715,249.57361,216.58037,327.3193,233.19545,137.17429,253.4017,248.6124,83.81978,221.90067,538.0556,407.08707,175.3538,201.23152,209.03125,Desktop Computer,$Whiteboard$Printer$Phone$Shredder$Google Home$Desktop Computer
567085.6,244094.14,7376.1553,7445.062,4999.0684,7268.0527,6064.216,2374.165,5859.448,1596.6702,3177.2317,10776.147,58153.55,46062.758,5105.2417,1576.1202,1905.6377,1424.3599,1236.5194,671.0395,1305.809,1190.9465,597.8705,1696.143,2043.6327,3170.4204,2195.0215,880.67163,2100.315,1097.5123,676.2447,528.76917,228.02682,975.1738,486.0801,1094.9069,2229.5588,3558.2922,1440.2416,598.5762,944.2083,870.5246,137.05804,147.76788,309.9451,607.26196,855.6816,579.7515,925.73395,476.54742,1186.5115,292.8459,1137.1069,1133.0413,252.33786,302.9449,306.1388,111.00744,373.0124,204.33496,125.40275,310.64365,643.8592,255.00652,263.1756,154.24086,395.00165,219.44684,386.22476,635.5836,428.8012,415.895,243.93973,81.15946,203.04718,249.20164,532.8323,333.21844,371.55685,378.8215,141.3217,267.54602,269.7384,184.40845,138.56715,110.64565,505.7193,494.28726,137.68971,67.79822,102.09678,86.40112,127.049805,264.6114,385.2035,518.1486,390.51413,244.8236,164.83237,441.40903,722.7496,346.31784,152.00017,373.50388,761.31464,621.798,38.90701,226.35295,62.475044,231.97049,340.5427,108.39256,147.98589,127.96508,227.90474,249.65233,201.04517,353.91705,487.53015,451.98233,193.91028,119.705246,306.23575,145.02902,116.6887,236.42183,247.38968,198.86592,201.68034,236.8669,94.28577,107.39751,290.40033,619.41095,993.9018,351.30643,841.7048,404.66168,97.847694,146.70212,59.0033,51.744812,363.25378,328.00058,244.65483,321.8969,317.67285,214.03728,160.59402,216.17897,141.77576,544.9135,789.001,361.32513,355.35596,68.111115,136.84703,142.25433,191.73834,371.3667,121.93512,143.97452,122.2314,184.85942,89.22445,41.44423,82.3266,155.48561,160.34114,354.48737,374.12753,307.76193,561.6369,475.11252,362.3176,229.79665,133.67941,253.1059,195.55734,83.9905,182.63004,121.091286,155.78873,227.50406,262.13098,445.72842,476.35446,381.81387,427.35718,449.6303,261.43628,190.98035,92.3648,332.97888,261.32263,203.3154,298.5531,186.95876,225.54102,116.833916,250.98677,326.50186,338.81296,862.0147,1383.6686,558.1113,612.0846,598.87317,394.29462,693.6976,626.043,602.8845,384.28482,302.87033,254.10443,145.27316,258.7049,373.26962,592.7881,345.263,170.38272,282.52432,144.40826,256.07373,171.01758,130.53471,114.97754,224.79016,434.26028,77.02164,397.5712,161.10002,7.652646,256.0424,205.5672,118.97425,224.19244,84.12636,328.3022,242.79779,202.01808,199.12746,252.30302,419.82352,469.1016,217.08318,323.7614,220.4334,48.939766,254.99742,548.27826,808.6645,656.1461,577.80115,482.55914,269.40097,147.15625,Desktop Computer,$Whiteboard$Printer$Phone$Shredder$Google Home$Desktop Computer
566162.9,241432.7,4889.8984,10070.794,7273.375,3846.6963,1934.0862,2820.8066,5023.2236,5358.7793,3999.3955,17257.043,61582.79,45843.934,3197.6084,511.5586,784.3366,2418.8872,2176.0918,1901.1716,2223.804,1584.0358,2199.2712,1358.4946,423.52945,946.1024,2196.5457,1265.3683,1134.5891,1108.5854,953.9954,1404.1238,1123.3151,1881.4696,921.49567,726.35425,1649.5012,4153.949,1831.5747,848.451,629.4512,497.85333,848.9575,612.20734,654.59937,862.2344,437.9797,408.3939,1044.1276,1641.8539,1299.7272,770.2184,503.3395,376.4768,615.2965,531.46216,356.53616,477.6624,454.99982,474.5259,440.8361,639.5458,877.95874,458.46655,282.8973,319.5782,57.279186,265.85464,315.6928,216.88878,323.40182,554.38873,384.76703,607.65314,573.8388,494.47632,147.88,122.31232,60.444305,409.28793,465.48306,613.6984,450.8998,225.14883,210.61731,203.76503,166.5973,152.6543,139.78877,211.26898,113.506424,63.91653,414.905,316.44025,119.57004,440.8483,208.73396,122.5538,299.0399,254.28044,220.21815,374.58304,721.4965,576.87885,491.24417,343.86295,110.573875,671.5452,687.2354,169.20705,349.12726,70.67892,314.49127,659.45935,531.06366,134.9132,254.45688,77.86103,465.90378,614.11865,221.44827,84.74783,229.6864,258.99243,290.31934,168.88422,419.05704,189.83734,256.54108,220.01074,385.31735,456.51276,370.27063,458.2861,1112.4922,222.21173,443.33102,242.73004,118.57451,134.13869,167.67441,297.46454,267.45038,280.74216,337.98474,368.2874,445.66693,178.60109,35.96873,167.71664,368.50162,501.27948,592.1364,650.6923,425.22464,99.62233,349.60446,463.599,442.02225,258.9344,469.77017,358.15634,335.96164,446.31815,73.35152,35.41989,189.29234,381.41382,107.56549,293.03665,331.84555,394.4006,179.61447,194.49557,297.98907,289.30908,335.23044,287.5041,312.7975,263.7964,187.36948,230.39941,71.83437,146.46819,230.92784,291.88495,459.32812,170.91779,331.32684,451.5793,474.9157,170.34929,111.40149,319.24188,100.67823,408.29172,390.99765,313.4707,90.18098,201.51242,291.11905,227.74657,325.9139,372.07294,728.6999,203.80948,252.45656,783.6495,665.75446,669.9224,523.688,234.01141,228.14264,456.89334,420.3278,199.70729,119.03771,155.52931,85.511406,363.57004,417.14865,148.40799,129.39378,131.23547,212.60962,59.025486,146.9178,381.2804,234.36316,60.520035,195.8503,492.87796,662.2221,530.02655,319.31192,275.26807,274.55533,270.33255,54.23606,275.28046,98.276955,208.49484,411.41745,148.58026,200.07967,218.6402,132.90207,339.2174,359.00473,202.5028,231.99374,80.52516,226.60593,106.758125,295.72913,132.03189,104.90625,Desktop Computer,$Whiteboard$Printer$Phone$Shredder$Google Home$Desktop Computer
568406.2,244562.38,3325.0718,6870.5566,10259.603,3708.6995,3122.803,1598.5691,4322.5635,5103.4106,3815.7314,12100.031,57133.883,45405.734,4797.1665,2667.9907,3677.5225,2652.6208,2053.729,1224.9558,2407.63,2070.2744,2030.8031,260.24277,1078.7803,1812.998,2600.7236,1408.8516,889.46875,806.64636,1408.375,1503.9452,1701.2633,671.0744,58.80721,504.1993,2811.2285,4998.1772,2424.1785,122.47973,771.3623,993.7985,1085.9293,278.97568,428.08902,714.0648,1383.9823,715.80096,259.26627,700.7318,364.12656,303.62738,98.85013,1192.5564,934.29333,834.3006,804.6192,822.54376,637.1382,576.23846,253.09296,468.8633,599.8182,323.11597,202.12436,305.67984,143.18317,248.6142,230.16824,265.11517,185.05597,367.90677,296.97055,384.4555,459.38083,171.19151,188.51883,244.92488,97.067444,241.74164,104.55315,65.118454,126.91926,51.432423,213.28792,267.39807,284.3433,374.4746,130.60951,400.21805,495.24304,402.50162,106.00956,158.42186,100.53575,167.06804,250.0019,380.19946,594.55206,218.06519,255.81317,407.7971,720.4534,373.3197,372.3174,413.67816,546.0496,320.88733,232.14645,35.100193,175.7835,166.43784,490.46173,292.49887,312.73343,224.01622,383.3083,264.27255,402.63272,331.43976,184.94505,212.70285,264.52643,194.41756,269.6985,95.84894,218.9176,172.1688,236.35678,456.44717,400.77982,225.88979,726.4392,1252.2625,1357.2106,197.89395,752.71985,496.28494,365.41245,140.49919,234.79207,56.226887,197.65259,221.55276,26.593027,31.239702,174.75723,57.638363,229.75308,174.58443,120.79814,324.6315,659.38617,900.4936,603.68494,279.88165,83.431725,85.99072,207.30031,131.90154,191.27983,232.00427,24.90448,351.8605,637.47736,417.15204,118.81997,349.8439,696.1431,675.18823,401.5992,214.70427,347.74252,471.0288,448.1488,289.06192,257.59842,590.6861,476.41452,448.41086,272.55322,424.2019,531.0292,480.09766,187.16756,169.91835,194.74123,325.7569,480.1064,629.17914,280.22385,327.55353,202.1439,446.68243,480.54938,190.14665,208.07939,197.17291,263.6929,94.233315,14.976446,405.87344,781.3264,911.8025,515.93604,607.61224,104.8175,558.33136,383.52005,166.4575,95.880936,521.4306,346.9534,293.1945,378.51404,74.72986,276.9208,313.84195,91.94682,281.2854,173.65755,38.290672,146.9578,53.59972,192.47789,160.0432,226.43402,280.63345,198.87251,68.96445,313.00842,467.21646,149.18222,218.8491,202.68466,259.08505,13.2807,262.32816,105.42497,299.26785,439.3114,257.28665,269.70676,160.0064,229.34789,97.136986,312.4161,80.09169,133.15392,154.94067,199.99936,153.13359,282.2552,642.5041,595.47955,51.831425,447.8125,Desktop Computer,$Whiteboard$Printer$Phone$Shredder$Google Home$Desktop Computer
565817.4,241233.69,4266.5566,8028.6265,6649.431,1887.0732,2164.715,1674.9265,4691.411,2495.576,210.9006,13849.538,58692.277,45049.832,5135.5796,1810.0676,778.6534,1500.8896,2091.7532,1395.6864,2362.1707,2405.2573,1043.4863,645.8314,2097.1519,2167.3733,1443.2157,491.48764,880.9184,913.26746,216.75838,865.0264,987.8764,268.9268,588.51434,879.19336,1394.8994,4186.6543,2105.8325,1003.7808,359.96027,758.8511,798.0129,388.66562,395.04407,242.64995,772.01355,1050.5498,997.2336,1264.7476,1269.5374,455.33405,733.39026,1348.5414,273.18948,451.57358,465.12888,782.9402,703.5104,427.00183,210.88828,504.4206,1037.8499,653.1467,506.6938,271.79254,455.9904,323.7655,172.32137,491.6248,644.0123,693.65326,347.3596,348.4793,570.4714,221.95038,177.13995,281.6401,74.03011,197.189,197.81241,211.74376,254.46904,129.98006,269.0802,145.63948,108.01571,200.96283,147.89035,129.48087,126.79349,275.03543,302.36234,525.7349,327.13544,39.68772,391.53845,299.59454,20.065304,237.18758,640.27155,272.71985,382.92706,230.79457,341.06378,658.4699,406.43347,513.3305,446.73328,322.88177,223.47481,285.48114,568.0263,777.86523,203.25162,225.55392,176.83696,251.54121,327.00424,134.70529,217.98174,254.58228,168.77538,276.5589,175.77058,124.4812,158.07565,301.42477,271.62637,291.16916,477.07962,826.88153,618.2453,676.81036,1120.2803,251.77724,738.48627,506.13196,288.80444,309.6542,320.3355,212.29308,136.5163,171.90701,109.41917,447.29843,677.32965,562.23517,283.06125,437.51382,610.97614,979.6619,664.9991,840.62836,242.94257,455.4326,359.7436,317.86584,256.6354,145.57556,56.57729,148.6409,145.48384,294.07352,160.17192,305.74017,463.7213,224.60873,34.000217,547.4088,319.51773,176.38376,64.298904,180.13687,184.70633,109.17795,149.12683,253.0853,255.98221,133.81319,121.90993,155.93462,259.99167,153.46658,240.3878,103.88397,116.75866,185.22356,15.129707,214.55162,387.52277,152.78265,543.3898,312.33517,23.831581,121.83078,54.30756,301.39584,349.1787,208.52948,448.7944,131.82048,318.80145,653.7556,1354.9965,740.50134,369.889,538.0621,973.45953,536.095,69.69032,471.35944,537.68384,355.0561,256.09204,391.97275,145.84814,383.6693,242.61722,254.11613,308.13144,379.9509,263.3016,156.20447,131.6249,188.67503,116.51656,303.78006,268.98608,294.249,225.28891,173.8102,141.81706,311.96182,134.52979,230.7506,167.60803,221.56322,89.10559,151.7392,72.72219,160.94972,81.515366,69.83102,155.26848,360.5076,299.6369,401.68713,468.9325,322.95273,259.52896,231.92561,323.68973,477.62094,196.26047,651.8821,165.21875,Desktop Computer,$Whiteboard$Printer$Phone$Shredder$Google Home$Desktop Computer
568295.2,242507.66,4392.8945,7310.3496,5367.3857,6556.316,4814.7485,3447.5176,7142.62,4177.675,3157.4429,7893.4956,57161.152,46035.516,4378.524,705.8734,1818.1761,541.833,405.74722,1869.6118,2117.9175,748.03937,1239.8815,875.4923,2774.3516,2832.551,1682.6398,936.6136,614.06836,711.30914,694.71954,759.5573,816.5021,721.8455,1051.4081,1777.9424,2546.6882,5083.4907,2859.7239,1183.0751,1143.7406,277.6068,491.25946,749.43994,941.6494,611.6477,442.35562,444.71878,379.19006,790.869,681.4426,222.45085,384.92194,1234.4183,836.6125,648.87946,895.8859,1109.3983,1345.5118,938.5397,396.28113,300.21646,422.36374,591.55634,229.43704,381.83228,762.72217,482.3536,186.52448,88.832054,222.86807,392.29233,440.52072,382.83362,550.4954,199.84618,78.53567,281.4077,89.03212,227.30072,182.4989,292.00504,533.54614,257.43643,45.305145,236.06392,309.92834,248.13113,13.915699,232.13846,253.14641,385.06744,464.4672,129.4477,346.87354,370.3012,542.35474,110.82612,597.5316,546.54663,502.2411,761.97345,425.7835,154.69646,100.29567,247.37405,406.45175,181.05742,450.11133,425.52988,260.22366,146.74367,164.0306,142.56912,115.5641,334.08148,318.75208,343.92963,115.44985,315.8652,80.68685,66.46879,218.06055,81.7081,253.90883,303.89172,188.96332,109.94003,201.40897,97.76929,35.598995,193.91115,612.4058,723.9438,1051.1758,359.78302,260.88214,312.46616,353.13873,401.32346,240.51472,279.02786,307.79007,428.55554,143.409,281.10556,689.5651,614.34705,303.1711,378.46896,830.5704,938.1103,197.62305,533.3829,787.9593,779.3341,209.83691,387.30386,164.49919,221.89656,169.78188,65.230034,472.10828,307.3718,265.59497,248.0097,121.20524,123.70385,440.42166,561.05,416.7873,294.6023,327.20383,343.07144,104.32775,85.20556,252.93625,256.4345,259.06958,290.8018,396.2084,270.24075,93.209305,49.467594,250.09639,195.3551,153.76964,190.68399,216.05455,182.77243,219.947,140.41953,93.0621,70.190735,75.9045,192.35493,169.37567,151.59966,343.33264,760.9816,648.0363,107.00911,207.35585,632.5377,1101.9526,98.56551,543.0983,535.5595,399.5182,370.12943,811.77155,557.6092,298.51718,484.432,387.53305,442.64792,389.07907,206.21239,233.75537,441.1119,186.74101,152.54483,475.2904,414.08206,224.9885,362.39142,269.61703,120.98348,66.10843,92.58941,209.26913,156.79202,79.58774,368.04648,472.60608,291.72977,153.39513,144.17706,370.12497,333.60812,74.03193,418.6631,505.10297,468.6087,119.95698,59.746338,187.9907,407.553,491.40335,219.08455,112.01639,292.03232,266.8034,478.17703,322.07028,77.24133,433.1875,Desktop Computer,$Whiteboard$Printer$Phone$Shredder$Google Home$Desktop Computer
565975.4,241103.1,5504.306,7347.0854,2369.4,779.54913,1103.9424,2628.9583,4797.687,1894.2513,5809.88,10514.891,60378.08,45738.855,3920.123,1281.1143,245.4535,1681.5643,1632.5323,802.74664,3157.1206,1673.7004,1048.6895,1215.8945,546.9538,2456.6704,1474.4053,727.25226,732.46155,931.38837,539.8192,1133.4641,1211.6857,597.9793,1673.9167,1024.3606,2265.7588,4755.1855,2135.983,505.32855,496.815,524.30664,810.0754,281.6503,1541.6986,1097.3029,346.80945,654.217,1056.8344,1260.0312,957.1622,556.0293,888.61334,811.06696,668.31573,1086.5599,380.64655,368.1523,369.70355,119.069145,628.1852,893.5904,784.6705,341.4109,335.82697,705.76984,357.3369,397.8395,516.65485,134.04256,296.36572,499.9999,334.63474,165.07936,412.5359,220.72223,367.0873,187.74916,318.12592,94.57613,257.48868,595.3075,321.9251,245.58676,81.06335,91.06355,383.10803,531.9096,157.73561,194.97768,119.74942,197.51941,97.01283,436.33313,124.66169,73.55454,112.009735,610.45917,549.2772,215.54024,471.15753,235.38327,272.82968,250.79846,322.28946,237.56877,172.93832,532.85754,186.04689,114.451775,198.9905,79.993744,228.262,257.34793,74.05751,45.34122,72.91973,157.03828,219.06615,144.89339,100.13249,301.30273,84.09201,161.38556,193.17961,188.89209,204.5243,219.43484,368.83945,153.18692,167.51628,191.3036,342.6696,780.61035,1010.05273,82.15194,600.5962,637.39825,471.1107,245.32263,229.12175,349.4152,342.92105,71.44307,33.906,229.16817,356.8877,360.23215,460.07837,498.19186,217.32986,488.05414,1191.1589,815.52155,195.04124,542.2354,539.4703,184.88443,159.18312,76.99182,31.423252,387.22678,338.6268,77.53997,140.5025,234.67543,329.89447,49.828777,105.4468,83.1837,211.86948,201.38127,243.3103,73.780464,194.26157,155.09796,154.35735,115.2522,241.35674,226.16342,266.64484,193.97261,223.63504,64.66678,83.396194,60.491486,209.2684,11.882859,192.52881,112.16517,191.88608,122.0094,63.660393,138.23196,163.20438,227.17355,225.61719,76.56477,390.2061,231.21584,218.68762,197.22089,304.6447,278.02286,809.4907,940.4162,114.19184,1056.7084,835.0312,329.1999,310.4353,574.00275,271.86768,280.97104,132.43297,106.66135,277.59354,369.45758,295.48233,79.65299,210.50677,350.24872,329.70453,71.53607,292.53915,340.06174,229.04578,109.71478,292.80884,349.72278,207.42072,98.39651,156.65959,285.6937,140.13351,420.30862,263.3143,173.74042,262.40173,280.1913,129.56967,348.4353,413.65964,40.94652,209.86836,161.14029,146.33336,243.9543,138.10811,291.25464,344.90143,208.7026,643.44507,568.65106,111.60525,194.47745,197.59375,Desktop Computer,$Whiteboard$Printer$Phone$Shredder$Google Home$Desktop Computer
566457.75,243484.94,3998.7847,4147.1694,3166.0615,1516.6473,3236.1353,1730.8724,2561.7246,2491.2192,1574.3582,15800.345,62699.684,47343.285,4432.901,2905.6152,3957.1445,2686.038,1192.1755,1416.3391,4068.421,4064.6895,2826.3635,1230.2623,2479.406,3112.5032,1495.0792,1825.41,1062.3312,386.4853,152.06749,1451.4027,1530.2377,1238.1442,1297.7433,1507.9161,462.2439,3624.1338,1209.2191,834.2717,1227.7714,1011.5026,891.49335,1193.2211,1180.9331,604.5298,511.12152,501.7249,379.04654,627.971,661.4948,507.361,809.6876,173.40866,683.2342,877.43976,927.8128,406.16354,113.597786,430.13934,538.2906,759.45514,742.7327,501.92303,699.376,780.19006,414.68216,184.04457,240.24788,314.91623,176.43892,100.82644,161.7225,111.497505,244.70706,262.9935,876.6747,673.7535,491.1026,431.2045,567.02075,553.5412,413.87637,256.30338,283.49332,454.9839,443.44864,356.75565,312.34454,504.4223,702.28845,687.81885,701.7831,350.79022,468.42487,676.2153,822.1325,573.6776,521.30225,673.9044,1174.072,1463.9697,903.3161,592.42065,162.06433,573.5313,787.0311,873.58636,822.0274,515.06213,367.32324,445.1744,588.7113,454.67828,359.27744,490.87683,754.5668,867.4875,785.1425,630.49274,485.306,327.73557,345.82718,545.1787,318.64465,331.1063,413.68127,516.51697,644.73816,291.70203,211.28857,251.78366,316.50613,471.00244,878.0366,54.469196,438.73334,171.8467,201.41542,121.14883,177.785,271.5677,293.97778,595.5507,468.42535,276.10214,147.06236,94.81576,279.977,122.8913,115.988716,253.86955,866.3111,1046.3815,194.62178,259.13254,315.35797,558.76154,555.62537,255.73328,303.99014,239.17484,464.6936,491.8163,411.33762,156.55357,270.2456,531.2245,536.1473,592.47736,422.0368,285.38358,162.23392,265.71912,332.59793,289.46695,349.44852,480.10373,599.8339,598.37946,700.3978,695.4539,703.2972,661.5134,617.817,546.7533,367.67157,365.17108,407.45944,446.0903,272.6817,87.78684,184.01172,337.12347,547.0334,583.50616,229.32095,166.0059,484.59515,894.4972,897.8119,612.30176,733.86536,760.47705,498.0211,431.834,656.7342,946.813,540.87854,500.10446,203.41833,405.4539,593.60516,582.6003,411.07446,74.65728,421.7981,608.2659,626.5082,530.00867,624.72705,443.7684,169.12346,406.25394,473.3366,318.53778,287.3983,51.28207,320.0681,269.485,251.53552,254.60341,223.92502,341.36914,189.01021,208.77303,226.12099,116.29512,256.33664,271.392,344.74176,333.2001,148.5947,91.83084,172.63095,401.82974,572.9513,454.3515,241.61378,318.38754,504.12402,319.72748,428.90295,980.07184,531.10187,386.6443,513.0,Desktop Computer,$Whiteboard$Printer$Phone$Shredder$Google Home$Desktop Computer
568239.4,244572.08,2645.8052,897.1642,4506.1587,10860.116,11702.115,8141.263,7287.48,7911.6577,9244.063,20574.477,61961.367,43921.97,931.4609,3615.6516,5580.8354,5750.116,4110.2153,4051.501,2701.8318,3215.2717,3010.9634,2273.0159,2358.8967,3297.312,1121.7195,2093.4392,780.38245,840.1655,1085.1362,547.87585,847.7924,518.90125,736.89935,811.2757,1801.9403,4759.6357,2641.7747,1131.0747,758.68475,933.6082,816.2053,1047.1306,992.7845,845.51587,626.7899,927.17584,1028.1107,674.90546,1242.6046,437.88464,881.0566,1075.7982,98.052315,1043.3553,577.34845,537.3671,73.86749,262.31436,495.6146,367.98523,829.21826,53.24562,322.29105,513.5437,583.7665,425.8115,483.60342,645.187,434.96152,408.47263,332.38028,372.0273,93.273285,412.86188,625.43207,502.63428,577.64703,740.78564,518.5808,388.19882,490.5039,225.8909,245.5047,119.829124,494.2278,425.3758,147.92366,238.84846,327.11606,623.92145,763.52515,743.9306,679.1898,603.84,301.2547,582.8288,600.4946,575.95245,285.1037,611.89825,609.1642,334.81674,312.8845,578.53595,525.36475,307.85388,153.5283,382.28906,421.6756,274.0977,138.45564,266.96573,258.42316,287.1904,366.295,203.42818,335.56427,111.620415,35.97339,293.63663,531.5915,540.9423,268.6426,332.43985,189.97922,101.88528,308.11954,315.8491,198.78844,324.4539,348.34146,911.668,1210.2817,319.42633,429.47836,313.9472,268.58075,301.07675,199.45937,351.08878,409.82294,682.1207,620.31067,291.24347,329.70486,240.99142,241.36314,158.53659,112.60654,284.33963,538.05304,1034.2089,268.67404,150.55212,274.10925,103.0245,347.9444,238.28137,217.25403,148.4399,336.49637,298.24216,268.2886,244.59477,364.07837,371.43542,332.3684,524.0443,434.07785,552.7493,532.4351,421.55124,478.53232,325.70752,229.19028,311.40308,228.4835,426.67413,352.52753,442.4572,318.32214,125.58198,245.47739,300.9966,267.2931,276.65463,223.28589,165.27089,103.08702,87.87314,113.08489,147.88986,52.16575,190.81587,276.45926,385.12442,459.87683,498.98615,363.91052,257.58633,184.7157,297.1207,174.39775,333.84644,745.30176,591.45905,810.2802,244.85654,190.02556,222.35173,177.72148,162.8046,59.35363,513.3928,362.9043,551.37463,502.57532,387.93445,386.99673,462.53952,402.62753,253.65527,344.47076,253.09831,161.15024,211.4179,319.34958,118.39357,276.80557,586.5503,589.80725,173.05525,125.04201,73.20346,161.5934,250.90747,582.3175,400.62146,318.4508,166.17642,222.71364,382.54538,257.85504,223.28691,57.06634,288.44373,176.45834,293.07327,125.66166,255.40752,525.1031,484.8614,225.02298,361.35678,59.1875,Desktop Computer,$Whiteboard$Printer$Phone$Shredder$Google Home$Desktop Computer
566807.4,241818.58,7334.903,11663.6,6225.615,3805.0864,1890.3168,1176.5295,2259.3813,2303.0366,2545.2214,15433.824,58467.46,44408.02,2882.234,1740.2231,1723.3892,721.10406,920.6011,2545.329,641.0672,1614.4716,1287.997,942.3979,3137.0571,2578.48,739.24634,478.2441,536.5734,1591.7778,838.95886,483.7209,139.17813,563.9636,456.06152,106.9338,2033.439,4441.384,1804.037,273.4802,412.08072,536.4431,154.50114,467.8653,315.2169,309.80557,423.55945,388.1053,231.89066,939.193,516.46906,687.05316,804.08,961.88007,22.719522,776.56696,562.0668,425.4885,249.48936,187.37364,104.64236,431.9617,672.39,75.14916,119.22204,268.5146,316.49707,116.21348,233.61595,139.0141,145.25888,249.0159,169.85916,180.99588,340.2407,147.8902,233.6182,169.49384,206.41574,98.8228,239.35526,165.19057,176.9603,23.78841,22.997263,236.10023,89.448,58.500877,238.11421,24.342113,150.85043,100.346146,209.11554,182.07953,264.97812,391.94266,433.98492,290.69604,229.16072,302.4548,725.2874,479.95557,392.94174,127.135864,378.13495,309.24274,225.5245,491.79605,593.82733,256.83417,292.65604,290.15884,386.51477,183.04446,122.68735,246.02493,244.79308,66.78785,237.64378,212.25226,151.61072,192.02107,73.972855,115.99689,124.14833,48.86972,124.41982,262.48596,96.10501,102.65867,100.228836,262.76804,298.94086,684.1136,1291.1927,400.38083,168.89679,154.96437,154.59906,81.21166,116.070656,77.99016,94.30526,191.80174,150.24841,96.988304,298.11505,361.98584,420.24112,317.47473,281.17383,285.50427,491.4639,973.7311,246.9622,85.623764,143.83955,255.71036,250.13626,231.92238,262.299,220.08228,163.2301,104.679436,157.9011,171.91603,99.025276,172.54744,194.79803,399.43643,410.25964,262.17868,153.50015,131.62473,198.90172,184.84239,124.52883,84.19769,88.33046,8.597825,244.59961,190.7092,170.49507,60.33002,72.64646,225.9148,85.95984,98.20186,172.42528,122.908615,186.31567,205.79,145.7034,63.69777,151.61105,150.66518,81.80711,58.18255,96.73435,49.22006,311.426,727.88226,781.58344,369.27377,429.20987,83.40488,830.44244,483.24615,725.3502,446.28708,215.63596,90.29571,143.35782,112.86027,159.37491,319.05273,267.57767,19.078945,93.3629,131.62236,186.63081,377.84277,227.57512,77.68375,141.94109,55.035988,90.56233,31.52967,43.98218,87.716484,142.27255,166.24207,179.98059,190.79323,106.13566,62.34187,44.09011,35.835358,180.02655,208.90681,256.12766,304.61713,257.25,120.075775,146.74684,211.47066,321.25247,153.74068,224.5438,184.30634,22.42592,270.88477,453.49496,805.1354,518.44904,240.46751,137.25,Desktop Computer,$Whiteboard$Printer$Phone$Shredder$Google Home$Desktop Computer
567129.6,241724.73,3917.1995,2522.4004,3714.8853,2838.2166,4752.0693,2839.5935,4828.3965,2553.3345,1946.0518,10684.988,55163.824,41591.906,1812.8757,1104.6428,2197.3088,2185.0183,415.4825,1789.2816,1119.2959,291.48816,310.82706,588.423,1363.7224,2280.2385,636.6449,196.59761,342.02942,654.88184,679.68665,860.8843,753.1758,758.09406,500.77615,783.13,1441.2092,4079.4272,2021.6552,340.78845,249.5343,367.40042,297.8583,193.52603,354.61542,475.25436,112.65174,80.00926,297.00696,824.3197,920.35114,384.2161,455.67435,644.86505,732.14575,256.33862,562.81616,308.17328,317.88733,376.3801,151.15466,633.5082,704.7461,334.93915,53.17806,232.16325,115.51825,254.4336,276.21896,181.38705,112.19096,278.85422,370.52847,470.1198,609.36316,338.9878,257.47,292.85938,356.333,141.2202,158.03104,185.37558,149.70856,171.9065,32.24045,33.08948,94.0923,176.1708,60.46562,180.31543,164.33904,105.82849,137.70685,176.72014,221.23497,115.5468,274.7302,190.89432,839.60736,865.817,257.1456,186.33301,64.48814,224.07318,385.35736,223.58603,185.16008,282.01715,156.35014,399.30618,212.48969,76.79336,47.702515,305.5053,128.28177,100.94617,80.179695,179.71999,181.23016,166.21613,55.363884,98.07668,15.687902,108.711655,141.94441,20.23832,105.82086,43.276,94.38929,148.4075,156.02646,114.90779,248.12296,750.2892,1270.3153,195.45178,482.22552,211.01865,150.58331,287.21548,391.16025,258.2453,79.47975,153.66554,123.00853,74.80412,185.12234,138.46675,361.49606,124.4546,51.10526,332.5902,905.73773,576.4841,270.477,249.6691,177.18597,161.97815,60.52961,35.07985,160.70874,105.66124,79.10986,219.80173,146.75851,235.17497,94.90263,75.5862,69.135345,53.92498,115.07204,116.84952,250.5272,157.89401,204.9389,316.63324,88.77068,76.92874,67.92183,221.89911,249.08333,146.91495,93.57633,40.63083,50.754642,81.55847,166.4562,142.44048,207.32187,164.48837,67.77144,125.29977,217.0243,194.72258,240.44392,169.53113,75.82707,121.58588,78.48062,258.93268,132.73155,372.82816,524.79724,448.022,414.91864,718.55023,699.3375,404.16364,1110.7999,710.74646,376.56,170.77232,209.65602,296.49893,143.04337,99.6625,152.51668,271.91556,100.45177,94.440765,78.52557,164.23866,50.464844,167.95142,162.72925,79.311714,101.39085,98.435234,74.04935,140.20918,119.96749,179.73463,177.1143,91.62012,126.52359,235.49025,163.74542,156.47612,232.78569,126.319374,28.677378,32.359314,79.058174,89.70655,23.973059,59.87682,215.74728,299.69327,440.0233,351.40918,435.79935,259.02072,210.45126,278.26337,244.67825,144.92134,162.125,Desktop Computer,$Whiteboard$Printer$Phone$Shredder$Google Home$Desktop Computer
567678.44,242588.94,4954.5435,10670.249,7308.56,3654.6377,2485.6738,4018.036,369.10916,244.3984,2021.3365,10263.829,57792.477,46621.77,5317.843,1060.8154,535.247,2913.9482,2812.271,1241.9331,912.94934,1540.3694,1838.2247,2355.0405,2991.7349,2365.5955,1155.9797,1392.9022,1476.9998,886.06665,961.73486,911.2275,644.89026,1016.1175,887.01465,474.40912,825.36896,3847.798,2486.033,959.9106,506.0499,762.1517,969.6758,814.568,392.55017,448.12552,943.70264,550.412,457.25833,1037.6157,212.83208,578.43616,540.6268,526.28284,594.9107,360.4886,190.4206,421.6005,575.2744,322.25018,263.64587,364.68396,301.84677,280.39136,240.58563,178.25491,272.75085,110.74812,159.8233,135.4894,303.3049,231.954,117.198265,318.09488,618.3986,353.88715,198.33635,230.95804,109.934906,178.35689,257.0753,53.93465,236.79443,245.64867,222.77094,264.8807,163.97504,121.99894,125.120544,284.74704,240.85562,83.13615,204.2244,42.586464,179.14726,157.0745,341.19717,532.9707,891.8307,455.96072,414.36252,285.03592,147.28223,77.4708,67.62421,78.28691,155.59251,411.4212,110.60158,288.3859,377.81512,220.05046,235.74141,351.4021,166.33748,106.989426,229.23082,141.03218,181.16827,217.80305,269.16333,198.01349,48.232513,78.63001,328.93118,333.54883,190.45154,99.444885,138.4813,199.29237,212.88136,293.6654,349.36166,758.3486,1016.2255,245.61252,597.56256,245.17259,164.42033,110.36237,88.75287,181.76906,150.76674,163.87018,27.171276,99.34214,180.33803,398.6708,538.58887,411.0854,389.12564,626.3117,425.2427,468.9857,550.85565,165.82239,148.77196,60.147076,197.96129,105.75851,170.01935,302.6415,530.09314,471.41644,227.58025,285.3267,235.58888,283.3843,190.73218,73.1887,72.7795,117.26383,154.80423,8.879358,58.65054,96.44595,91.360916,306.56897,276.57745,46.351646,75.9347,47.695904,86.72214,73.13548,108.290474,154.91418,85.64206,47.117973,184.74333,90.60565,271.16406,257.53842,33.309105,131.02997,61.784935,148.65022,166.15585,308.62732,563.21844,585.54333,539.45123,368.7305,309.99762,126.30598,398.86246,576.0069,147.3338,1082.655,604.9525,38.31365,222.58498,471.6102,425.21072,301.8491,347.39774,139.56976,157.86537,219.77956,206.76009,66.807144,150.20027,143.25006,15.116221,47.24547,231.40128,151.33557,52.894585,197.59059,67.26486,115.19627,102.3228,128.57193,98.15216,80.5402,165.60545,202.84584,166.49344,109.68351,63.275513,66.971306,32.35424,59.91423,45.564907,107.31435,186.27122,69.417725,180.24039,310.04187,184.23752,12.372398,100.36025,437.16583,374.78665,72.21339,5.415096,204.5643,173.9375,Desktop Computer,$Whiteboard$Printer$Phone$Shredder$Google Home$Desktop Computer
567864.5,242177.08,8596.717,12095.831,8057.792,6578.3867,6507.8613,84.56421,3530.2678,2199.0708,2547.508,10230.356,56980.195,43182.625,2399.8457,485.9511,1078.7483,1333.1608,1598.4918,2300.302,1026.0463,1732.27,722.18646,967.5516,1391.5878,3175.6318,750.9694,686.0961,831.96423,1086.3381,689.1176,349.6576,658.39764,545.0123,804.7152,707.1107,1844.4742,3959.5059,1309.3527,538.56805,479.7851,803.7011,83.790474,719.1233,311.67538,280.91394,98.98873,601.3018,561.1739,414.221,1177.2543,489.54083,680.2716,529.0565,303.9221,548.9113,975.521,761.5701,106.015686,202.36525,159.32938,183.23874,486.3145,276.92285,229.3186,182.1548,195.91095,282.34256,390.92297,272.63446,178.62886,56.87402,203.11333,180.18315,399.73703,172.98967,247.86499,62.106396,329.147,119.27444,244.63203,346.56024,221.169,129.09898,159.95589,152.65201,29.133448,185.00293,207.2283,232.78583,154.28432,114.841576,266.86664,76.81123,555.04767,605.6755,513.2008,353.94925,333.60938,572.6287,341.7098,246.76617,305.07697,85.440865,324.7141,231.9876,161.39174,237.71327,427.6043,387.4402,283.76974,383.91205,416.2339,296.48175,246.1366,141.35915,190.12587,157.04327,374.76804,263.9069,126.27479,68.02781,75.92885,240.90147,283.64633,116.241714,181.93515,87.012085,125.61391,99.43975,274.6203,292.16495,291.92325,581.16534,1076.9486,542.57074,369.35437,190.6628,131.82028,426.9417,206.69713,375.18948,318.33057,315.86438,387.01285,289.11487,140.84178,84.859566,113.55179,263.4194,239.49364,164.88112,434.68994,675.0376,165.25955,205.88577,32.88922,151.16313,150.7102,117.276215,213.26813,218.44106,165.49837,224.44405,298.84174,118.23977,101.01971,72.751526,80.96421,111.958176,282.84024,172.66064,110.11182,191.96407,124.196625,240.97072,198.31657,253.34995,195.60649,83.95765,228.40567,216.28773,166.00189,227.37733,105.792274,31.147757,73.66297,174.01399,236.4149,270.06296,208.34811,305.97107,566.6243,349.47998,221.78728,386.69772,249.86948,195.74379,222.0697,105.15221,118.40183,267.64337,369.07147,329.38516,410.61826,622.95776,369.75735,657.2786,858.29004,362.063,219.92346,295.8421,228.55083,341.4829,333.72598,219.65163,90.857346,95.03387,39.121006,231.66493,217.7544,349.03558,228.80396,264.47617,301.32117,127.57319,39.539173,305.79138,220.55107,244.27733,273.88474,178.82803,168.84258,53.826935,43.192833,113.64092,154.13937,235.62039,136.41612,185.28195,110.19513,296.09085,225.11928,254.42493,47.837597,107.909485,86.19838,317.47125,475.2054,351.10297,246.14154,54.272125,397.24155,206.38121,46.185677,203.21764,114.21875,Desktop Computer,$Whiteboard$Printer$Phone$Shredder$Google Home$Desktop Computer
568107.0,243379.03,8752.145,8469.156,4037.0056,999.46124,1404.0764,3830.745,6462.264,3443.7031,991.4134,13544.285,58356.977,45211.64,4416.4443,544.2175,1076.8396,1168.1055,1199.6542,909.0586,1024.8972,410.67358,1516.0581,1596.841,770.93823,2128.8274,1603.7499,1454.8535,1585.1954,771.0861,994.17444,651.3095,604.4173,664.6831,310.93637,680.28705,2454.0854,4541.9575,2183.4712,162.38931,443.2472,471.22598,531.024,429.29285,533.7072,710.8541,683.29205,485.92422,360.88422,842.1842,233.91402,311.35327,472.7415,433.41183,816.59546,261.49457,340.95706,214.41833,265.31494,98.62751,18.489706,616.7807,909.1982,357.10788,189.48586,123.29081,208.87404,291.36688,169.77295,118.277794,171.49966,196.8082,272.7131,86.24153,357.13083,482.88123,135.24554,164.6721,177.44843,42.45736,182.15503,322.4425,266.9734,135.57182,243.85846,165.137,75.914116,217.48611,25.046118,95.83158,138.08511,157.56308,306.92752,264.56937,197.45746,296.47028,227.15306,342.83966,1013.89703,970.0908,417.92087,177.51009,295.35834,150.78137,428.387,400.07037,237.84946,420.69376,494.27838,295.4599,423.18262,63.420406,257.83887,171.33687,59.35652,121.25553,129.50969,4.055381,138.32948,99.88776,155.69058,100.84412,183.98178,175.54814,112.88142,35.690826,231.29385,264.24286,241.18971,345.19238,201.65065,188.21445,310.01706,637.30316,936.74194,198.91205,592.35974,254.43777,278.02945,320.09354,332.76743,147.87126,169.57881,331.4,342.65503,212.6539,220.34346,154.4509,269.91534,99.94839,200.67964,484.26697,678.34766,491.55518,116.34156,380.70456,52.757984,154.81972,102.51769,87.96882,112.01954,239.18126,309.01376,307.13724,84.80133,51.656845,33.729797,133.9336,248.4611,182.00348,161.0143,51.52826,55.077236,274.4364,322.2564,203.20372,234.93219,106.41423,121.22765,111.13314,272.2449,245.45192,290.29355,156.86845,224.40828,258.86722,168.73434,181.4278,220.77538,266.7125,166.1734,313.13245,516.66406,436.4506,441.3578,128.26477,170.17407,75.669365,237.27307,269.1983,452.55585,404.7232,238.04147,160.76035,410.36783,870.87933,838.25653,77.55589,645.34467,850.7766,411.55228,228.26025,57.66802,162.59573,300.7217,353.55017,369.37946,345.5968,158.77975,196.85088,162.88812,87.02454,290.98215,406.6608,205.88643,242.45235,98.464294,219.10352,150.37904,238.25642,118.66495,223.05154,394.512,433.86758,253.34857,163.18706,136.89685,57.686768,275.34882,228.32817,147.6693,126.796165,288.3119,149.86188,350.647,423.61243,216.48212,122.72566,259.00906,353.84753,537.7948,469.65555,75.74647,241.96004,292.2963,289.72983,287.84375,Desktop Computer,$Whiteboard$Printer$Phone$Shredder$Google Home$Desktop Computer
566137.75,240484.6,5446.139,7312.0396,929.85205,1275.2257,2616.4229,1609.9276,3284.6978,719.85315,1185.7002,11912.596,56354.82,42206.758,2699.2688,835.56244,712.4991,1966.8923,516.46747,903.0511,454.37546,2288.256,641.10693,1222.6934,3164.2148,1969.889,703.7929,593.2508,587.8932,1006.66736,852.4383,1127.6498,843.0322,616.69684,355.6009,856.1969,1484.7179,3792.814,2248.0706,644.5727,267.99622,773.27686,507.51584,308.9134,650.00214,695.77167,360.79056,541.1324,142.18483,1010.7714,668.6094,364.79996,444.38376,297.11066,696.8417,665.70197,617.3545,66.28176,282.30554,287.13074,118.61986,522.6329,713.17615,113.1909,41.140953,250.33313,358.2201,331.03897,225.50185,190.60268,144.38768,346.21304,86.707695,176.84726,139.27487,321.3922,116.046165,335.37793,365.39117,199.94574,184.75804,371.4906,250.77351,279.23575,214.53806,177.7013,68.24378,324.32312,135.41899,69.466354,120.333435,325.56235,216.90433,18.089867,163.38785,320.9538,581.03326,417.6071,513.4753,286.21683,468.43784,287.40686,21.44963,194.44008,102.74978,146.57695,373.215,388.63327,84.19424,324.45392,440.1763,334.41336,316.2485,307.0503,316.10962,176.33823,111.24614,150.34624,171.56395,238.9453,195.03387,118.20265,145.5171,193.49796,234.58884,89.74016,112.59881,129.01147,365.86472,155.22551,293.56192,458.2648,509.6089,814.87555,1004.5905,93.639,601.9899,339.14526,170.9757,145.43848,70.27272,279.0446,339.0469,64.732216,160.64162,251.76843,316.60358,399.95276,341.7786,133.99005,291.7828,652.1492,552.0884,25.749464,471.7461,522.4794,43.048874,118.37663,205.55998,118.6247,286.2528,270.63916,293.8827,338.74164,202.29156,183.32378,184.22818,144.64807,333.5013,177.09483,192.56424,310.0837,246.77461,49.10816,190.98271,259.8938,252.71414,158.04329,156.75102,167.37865,207.03954,119.20831,175.61116,284.81735,110.37689,202.86848,276.9042,278.5855,119.317184,322.0954,195.33128,120.4648,151.06863,336.27054,345.52292,155.15126,274.61932,210.11166,121.652695,194.0519,149.26645,194.97888,367.00827,301.0228,330.65768,525.2247,1123.9,459.67377,174.19408,362.1145,269.3386,176.20761,154.23834,100.55609,171.23827,162.48047,135.47,62.154263,24.898787,73.46977,235.0496,158.96805,165.75468,42.26334,202.73207,423.7801,472.66306,147.43214,94.6592,118.44513,203.8357,12.883246,173.8028,156.24312,63.56462,85.75044,166.43622,158.72108,72.72214,221.02744,166.4374,339.90363,219.92369,153.35182,306.01303,242.15218,218.56447,211.57579,211.95033,264.88937,123.36757,441.22397,291.68283,291.016,181.28789,231.78705,352.46875,Desktop Computer,$Whiteboard$Printer$Phone$Shredder$Google Home$Desktop Computer
568190.9,241194.11,4056.4978,1849.2031,5044.475,6784.005,2020.0228,3317.76,1640.5992,3551.713,102.65657,11900.363,59218.28,46009.33,3711.981,2516.8445,3260.6658,2609.3445,2745.4844,3049.4492,2680.817,3681.3728,2177.578,1871.7924,4730.32,3712.971,831.0322,1640.1436,2904.4404,2301.3367,1524.5026,1407.025,1568.7228,2132.8237,1136.7814,1483.1257,716.52515,2948.7722,1525.9917,385.4153,1303.536,1171.1218,284.45474,550.4911,1344.7632,909.6237,752.2664,768.4851,540.47766,1870.0747,1177.1381,263.19128,81.606705,157.68234,705.0471,589.07874,339.56635,458.15582,93.28034,179.16797,248.55298,306.6446,705.82117,248.62132,382.29105,308.59753,95.14601,177.70341,336.77744,555.0876,360.05676,321.30148,194.55316,227.02171,54.01476,107.80766,174.44711,332.37897,204.19812,42.692715,514.2156,491.64166,208.93607,165.44241,245.3851,176.2201,381.04218,109.597565,132.93794,194.1582,83.95491,284.4623,482.0116,172.01158,87.79591,241.60272,92.50772,220.54381,276.4058,593.07684,460.88376,163.58499,255.13574,409.7973,361.17838,384.01657,355.63425,528.11884,126.08265,255.8064,300.65936,530.52997,241.91148,157.53946,113.16837,75.25598,49.55231,179.08101,135.98938,198.2762,209.48553,180.50334,221.88403,144.04659,426.62555,469.09772,386.12366,290.20938,461.74265,392.19818,408.30164,54.22656,130.84595,703.5613,996.8323,333.00534,638.74713,234.71445,288.05685,73.32705,153.29556,176.00621,269.8414,276.1475,227.66396,216.46652,161.95879,227.91669,397.21082,607.3852,371.52722,500.01587,499.48737,274.94275,277.08972,136.38095,325.01266,400.65326,448.58865,281.7574,302.40567,219.6327,153.90025,358.88727,215.87929,210.35036,153.58125,154.22638,286.49084,99.913055,42.036053,280.60876,146.82559,62.52689,44.43308,144.37839,259.5803,271.39575,311.9751,282.0243,200.51262,39.586727,213.45244,46.199333,247.68161,107.51547,92.39391,115.680954,227.23228,260.3414,77.45455,213.73845,436.0264,190.47159,139.85846,230.18625,212.5263,231.45976,150.32462,239.78786,303.50394,104.8606,653.7406,815.1504,618.6454,479.68442,604.2327,408.20575,267.96188,212.53186,207.14519,206.0611,481.56973,365.54013,309.98666,319.70386,129.86665,146.63046,171.33218,160.72682,139.64503,55.017986,35.206654,108.82224,80.39203,159.19841,147.38835,122.36456,118.03073,382.9899,340.61176,387.06564,114.103096,148.0005,67.82743,125.45784,235.25388,93.952324,246.04141,207.86653,255.90015,70.48122,51.984676,120.85296,100.95202,275.94922,284.66138,192.32541,285.5521,77.680916,41.26957,93.88257,246.92247,349.76157,34.09607,58.96513,287.53125,Desktop Computer,$Whiteboard$Printer$Phone$Shredder$Google Home$Desktop Computer
567170.75,241852.75,4848.7007,1549.8184,6646.2256,12851.677,14270.678,10701.925,6624.4634,7847.285,8827.864,7672.7065,57354.934,45143.242,4024.3594,3088.7605,4796.9033,2338.7861,3337.7253,2623.2356,4141.849,4878.4053,4265.5117,3775.6624,1342.912,1250.4437,164.92245,664.3615,1323.0262,3047.3403,1762.7688,1979.5995,2722.529,1927.488,2610.9768,2700.9468,1324.7379,3767.649,2398.291,1302.427,666.8653,1189.0283,1376.6016,645.2044,1070.9143,736.39996,624.27576,1290.7601,472.69943,1089.9849,1412.9299,351.86566,243.43791,499.90997,440.9753,863.6345,1218.8708,1350.8254,970.45575,548.239,321.42395,743.11597,924.8268,303.55392,484.2039,449.2144,494.7905,330.4611,258.5516,252.88168,197.93887,283.62552,664.0728,592.1444,432.83676,102.71324,129.97751,168.65504,214.95578,170.14655,434.27478,541.0836,218.79956,326.4374,255.01196,297.727,129.03088,487.27002,558.7127,338.52026,303.27612,272.9457,189.2941,183.59094,88.30975,147.47737,201.47037,350.36395,556.70917,631.10846,224.16618,194.3353,332.93698,105.39596,228.25385,315.2304,234.26866,243.09198,542.69104,402.79074,340.04172,221.61089,95.06683,30.23714,114.75569,225.97041,284.6446,302.0219,198.92421,110.30519,358.3879,412.06625,327.45477,57.62861,203.25523,376.8581,45.302063,133.31969,142.75993,176.43764,364.38565,239.53821,423.646,1103.2689,1375.5748,278.84424,613.2715,325.04156,477.30362,185.02785,372.18295,322.71878,162.81816,299.65295,252.2538,222.38112,360.00058,286.78906,125.58087,172.26535,145.90378,557.49524,594.47894,380.96973,268.69196,225.04202,421.1459,180.31339,187.6463,46.08965,119.36152,244.91591,448.14606,146.72644,132.7722,240.747,317.0046,168.14787,205.454,405.97272,348.5578,156.2346,188.6988,136.78966,115.127754,146.60251,248.66992,96.66797,100.34928,119.92499,233.03796,305.9626,394.852,478.70804,617.57404,447.46194,230.5159,68.24205,7.6820827,105.03622,168.04266,331.64633,104.49151,175.25189,51.825745,238.19687,117.33681,15.099388,109.0314,297.42938,339.35498,444.73068,258.42444,103.82158,441.13657,798.90686,347.78543,695.1915,762.90125,763.4471,641.75525,575.1017,370.5865,296.84576,253.56897,215.0313,378.21054,258.11697,436.2273,283.40018,284.46848,293.0904,206.45796,84.89395,278.3811,238.66602,110.830414,189.59207,427.16165,256.5373,243.54413,471.4967,448.7488,227.3856,376.4906,235.51816,267.11243,284.33054,240.8153,97.114334,247.63702,345.8352,376.94702,307.0386,243.7641,212.8555,118.69835,495.95386,394.4622,352.20297,594.1012,381.17923,331.34387,232.2492,111.19738,62.53408,374.96875,Desktop Computer,$Whiteboard$Printer$Phone$Shredder$Google Home$Desktop Computer
568527.6,243060.27,8425.971,11354.905,1577.4807,5318.1685,3676.5903,1925.7258,1780.6508,3916.5566,3379.6602,15111.305,60333.65,45819.81,7050.9614,4364.6787,3293.4731,3278.0012,3228.5483,3030.5007,2794.5078,2449.2397,2796.9802,1853.5381,1211.9349,1549.5182,1458.5046,1854.4952,2543.3833,1392.3768,904.2381,985.5021,653.4259,700.2607,1456.8627,977.3416,1869.411,4133.6895,1328.2064,486.4224,935.20325,665.751,299.9807,1073.2998,1099.7941,767.6716,759.61066,703.3946,44.071774,891.4989,628.6309,280.3532,674.9656,452.8078,1205.4082,726.68915,388.64322,431.60068,695.36145,544.87415,330.9038,733.55774,882.4676,330.5714,372.69696,323.51343,397.3018,263.05908,217.15117,342.0706,380.71722,363.36118,466.7969,290.80447,384.28445,435.94427,281.64114,227.0587,87.46321,82.01727,125.13646,281.7781,343.376,275.56158,324.8441,233.37067,290.01596,412.7857,292.57248,250.27905,314.78595,309.93222,219.05421,140.44894,187.87251,226.04256,60.83891,472.2562,77.602,1008.8112,812.88165,510.71643,277.70496,516.9593,315.19235,183.84198,480.5728,534.24854,494.12967,585.7959,399.95135,443.73624,307.44492,276.98605,290.49704,506.0269,240.49648,136.537,59.221416,11.915183,170.38385,162.74796,316.80475,216.18565,232.57074,26.392632,109.29515,156.24118,10.353126,249.48126,386.84393,357.36972,404.7155,537.47015,1132.6229,322.68167,427.48932,281.83237,262.58096,188.48889,110.30016,49.410122,60.512737,26.947012,109.96603,231.98013,112.599335,238.74315,410.2559,356.29266,474.99054,711.35675,664.6033,207.30661,331.52847,543.1327,238.5706,68.48235,192.661,128.66248,94.402176,261.61868,193.95952,207.8915,156.28375,65.51928,265.65128,243.28485,231.74498,234.7537,328.00653,172.22705,207.88321,276.907,298.725,355.74734,337.86642,203.54169,326.6255,394.5008,328.94278,223.20367,253.17621,321.09854,291.7801,301.31168,353.6144,473.51477,550.9658,415.12518,298.41306,275.97894,357.38828,381.16705,217.16087,52.828903,105.6727,77.84671,108.82739,226.93231,530.04333,269.45898,167.73557,388.32538,347.16986,752.8535,1114.6768,608.7295,304.27072,504.2504,234.41664,156.4477,467.7372,486.88797,186.26704,282.84537,380.2251,256.4361,274.3741,238.79657,254.87376,282.85458,146.14159,275.94128,312.47,46.67243,254.33997,169.47302,25.131338,196.17778,374.29987,290.41373,424.5316,475.82217,263.58832,289.3826,501.61432,273.25238,152.95543,171.80975,112.06087,339.9594,275.01617,54.579895,249.47148,131.9917,274.5171,255.78728,92.073845,223.8807,423.39902,491.67456,426.354,268.8431,298.89923,506.5463,241.875,Desktop Computer,$Whiteboard$Printer$Phone$Shredder$Google Home$Desktop Computer
567131.5,241481.61,7986.078,12818.06,6184.2744,4935.543,4880.337,1931.1558,1197.0505,2927.74,2896.3403,10373.521,56027.5,43307.62,2316.8364,445.77933,1010.17017,2202.6448,1441.5433,1533.3815,621.61194,1181.505,718.1568,1350.3701,2504.7717,3140.8596,849.5071,1041.4053,858.5502,935.3932,909.0359,148.24898,739.7948,419.95813,424.79175,681.63464,1318.5603,3854.4778,1518.1277,277.38116,299.92102,338.26154,383.5303,409.16992,396.74142,336.09805,394.825,588.8031,587.1901,888.7028,1258.9001,261.9219,876.03906,1015.038,1031.5342,338.97916,592.5881,459.24603,72.35464,448.96225,355.58453,318.82504,671.6286,41.39692,225.58633,311.41858,226.0714,131.15393,301.8216,343.99548,121.071396,262.89542,93.406075,402.71066,230.75691,80.553246,97.399025,163.78293,224.00624,141.27669,204.07118,154.93262,176.12679,108.29842,129.70395,106.88184,6.481949,291.61255,98.119156,76.190605,388.82077,129.94232,189.79614,314.84958,111.24846,68.19716,374.662,832.5539,469.08337,431.44852,378.89017,164.57777,344.0881,126.631035,90.348915,239.32217,460.68317,269.74603,314.753,397.47955,250.57388,223.06139,187.62296,415.6993,255.78084,48.937744,210.68314,69.2294,105.405014,107.89135,38.417225,165.2884,97.21048,76.89626,221.37408,282.7297,321.03873,335.03323,296.44003,216.25687,188.59282,161.9991,448.05054,649.8543,883.58356,346.49545,812.8529,452.16833,109.055405,121.29366,181.89006,206.82864,127.293724,90.63363,68.29527,308.51086,199.96954,384.09747,188.80681,9.460159,178.72867,171.57935,735.3717,522.4178,433.15518,290.53497,101.35742,109.003685,78.05582,243.85162,124.21508,344.27643,249.61569,176.45279,86.702614,178.802,344.5461,214.26065,304.16434,118.14681,46.03803,112.05226,65.780655,195.66154,111.86555,211.7492,99.97901,204.94896,165.40723,326.84348,283.46536,241.95401,199.84062,63.91785,118.23469,164.223,124.09948,208.87415,41.13528,315.66293,316.26135,442.32742,175.95169,153.71478,154.7591,286.91397,308.19257,131.49973,186.30962,235.87125,625.31964,390.89832,346.07077,337.63882,302.2035,504.44888,960.34186,517.5086,53.279408,611.2129,518.0705,355.3373,362.65735,338.0011,436.6369,254.48163,103.81399,126.351875,150.75974,27.970274,103.33214,191.61858,117.84466,70.71312,171.14433,55.013733,31.661098,100.33259,58.429035,111.48086,121.04789,362.2557,178.69063,179.32707,161.74977,141.34943,66.41807,103.25418,114.71617,219.43753,163.73083,107.068825,224.1241,199.66359,126.62378,24.662518,281.54773,170.73856,181.68604,361.1161,476.12885,278.83456,333.81503,405.1062,147.60464,378.86398,552.46875,Desktop Computer,$Whiteboard$Printer$Phone$Shredder$Google Home$Desktop Computer
567064.3,243453.12,9423.042,5419.4033,809.4366,2336.52,1785.4172,2690.1787,1871.6956,752.30023,727.9349,14022.609,58785.55,45336.42,5661.0254,1547.208,1353.228,1367.2858,1574.9872,1066.0038,2119.3833,1662.8102,2126.2488,1383.8425,1361.1487,1948.3279,940.88556,1187.3586,754.3009,939.0885,967.167,1193.5907,538.67,441.49606,589.1618,496.2377,2307.8618,4732.3457,2735.9368,786.8507,442.31436,659.54834,409.02484,1035.6533,831.7177,724.85547,733.34106,572.3123,711.11334,1167.0769,845.63794,513.20593,888.00226,444.12656,176.06213,904.8851,958.9052,740.5408,179.97891,158.42503,133.86562,516.52563,553.75726,136.51257,159.63837,223.09912,101.323265,327.98035,113.00501,137.5786,157.91168,172.39996,242.72845,79.76684,438.99115,434.84894,47.570675,156.35599,69.91196,133.30017,128.9963,311.69626,138.17119,256.80905,76.45585,76.73328,169.3304,86.01634,164.35915,171.6255,198.2911,256.35287,42.50472,150.01285,376.53394,585.43427,470.76053,50.784508,410.94772,523.9259,712.28394,536.6691,424.65518,261.66934,244.08347,237.72441,498.78894,604.89545,352.18103,333.32477,117.501335,428.6358,468.68463,307.08615,182.63434,225.66502,360.83804,45.663925,50.870235,272.45792,400.0854,375.70486,106.64316,106.56377,113.13227,63.688858,109.46969,128.4328,365.26904,227.6899,37.620052,138.91078,252.80907,354.1282,936.03503,192.47038,617.25574,189.73515,248.65634,135.98238,167.94017,90.81602,179.63022,80.90325,180.28955,201.41768,111.49463,86.03323,215.95743,580.9995,527.2213,934.451,927.2373,211.73647,306.37082,128.8924,231.74297,200.86092,186.16655,94.24531,279.50235,246.15807,66.06509,107.902245,50.040253,159.13068,75.96389,40.157314,319.45758,268.7234,63.5701,289.6113,230.04008,216.38716,123.77907,176.81084,149.95894,166.50305,281.56583,92.045204,226.01219,100.1917,58.856297,23.260548,255.34172,152.00389,19.378931,169.95238,254.04062,227.79875,151.31512,201.17236,382.0381,258.07114,143.8659,124.455,226.97137,124.02046,9.953809,371.779,511.34525,474.80185,531.4807,441.56158,681.52277,574.62305,634.02075,1092.0764,409.65158,463.63013,375.54642,481.1547,438.9151,272.20383,231.02214,80.53144,54.268036,119.24868,101.25495,86.95561,292.21796,297.54498,258.23822,72.48879,165.45107,174.34612,106.252655,165.98262,69.27621,42.20945,244.54372,319.7595,120.20602,66.009865,94.633286,119.572845,70.78906,94.13653,82.44006,94.847115,99.83478,171.36087,225.20032,175.80537,149.64972,70.962524,126.23464,118.224655,289.52127,357.09692,184.18346,389.46564,301.3676,423.0721,529.0376,201.74109,4.125,Desktop Computer,$Whiteboard$Printer$Phone$Shredder$Google Home$Desktop Computer
567920.1,242761.23,4054.1562,9441.99,4827.1895,2772.2764,3573.3018,1308.8118,2906.0498,1814.5187,2067.5383,13326.763,56858.637,43519.105,4405.876,1239.928,831.9492,1446.798,801.16797,987.5072,936.5395,1257.4089,1133.2113,1293.5779,1944.775,2303.2683,591.3847,654.8455,398.5667,211.7486,382.88037,742.17554,661.2103,279.04062,468.74207,219.97508,1519.6702,4156.324,1993.5222,657.3592,550.2088,375.26404,422.66782,230.04514,326.66473,229.23442,321.50455,416.23425,557.01025,828.68524,350.60223,683.6346,446.5051,380.80933,806.37604,392.3467,228.26408,361.27588,119.14532,125.28568,192.75865,402.68518,611.80914,202.84006,124.59082,217.04628,227.08853,291.8047,82.53417,215.12384,291.98172,229.27919,122.279526,201.1364,492.0124,263.74374,101.306335,340.01175,267.18903,287.16714,158.55371,299.6498,202.78757,116.80039,188.48183,170.8761,182.91187,228.40428,96.156,12.970546,235.96785,270.87762,78.15799,161.50296,177.06512,283.62787,543.2796,300.39972,279.1236,544.3608,376.04373,381.23837,645.9894,292.43048,26.063942,328.83212,160.10158,171.47557,71.07311,337.38828,230.12332,257.76727,332.416,250.94945,166.99376,191.30428,168.40729,271.9836,142.91055,155.27083,203.51932,380.56796,186.53783,167.50952,151.19887,273.2305,414.1462,443.4408,109.128975,190.0688,110.1975,171.43227,426.85437,969.1039,1013.11975,132.22311,736.1924,401.34525,231.6034,226.78561,113.004524,168.04198,177.89307,169.40482,213.83253,137.02599,252.22379,250.25256,133.31235,156.79088,457.66098,925.12616,770.42944,371.5828,375.36887,132.13103,261.1714,240.6661,237.76637,259.36865,34.607113,57.956017,110.964,203.93085,288.83395,366.7678,368.83188,218.31839,311.4911,287.62192,55.721622,68.87186,209.43611,61.63186,152.04657,95.73201,72.09112,221.19247,226.98358,122.06468,95.96862,185.19966,278.1825,298.26175,259.93872,100.09761,243.28255,107.33709,25.977112,96.15317,139.58575,187.36568,143.45506,317.09366,354.06805,304.6298,298.8072,362.20798,426.9584,240.36572,226.69571,249.84305,371.4315,269.53333,606.95404,729.5166,354.4427,785.64685,275.3389,710.42395,562.1574,437.99802,430.9072,484.8372,476.1154,382.12595,210.70045,59.501297,98.64936,196.60745,217.04166,183.95074,178.4281,75.50038,139.625,216.76373,333.8707,133.49419,228.90651,151.5568,244.9613,275.1727,85.58629,68.40541,254.86967,314.1248,287.29398,250.1774,261.50998,295.9556,89.98295,220.89034,260.98737,110.56938,436.73053,349.79517,197.13596,187.92226,301.39236,245.15247,256.1949,513.48914,346.26718,384.14893,230.85301,166.59981,265.03125,Desktop Computer,$Whiteboard$Printer$Phone$Shredder$Google Home$Desktop Computer
568575.75,243229.3,4575.3154,8154.1035,4713.929,4518.9214,3890.4133,2606.9346,3020.252,1634.3925,1003.781,13234.662,56554.324,42683.242,2404.4585,1733.6389,2558.1028,2178.5217,1378.4203,818.56415,490.66263,1023.9818,1921.3315,1122.8345,1860.8236,1728.7919,536.3888,354.2634,414.99448,407.26187,636.5818,255.33379,241.74167,372.0531,665.5184,886.94305,1193.5149,3832.694,1794.389,228.01826,430.16464,87.17816,435.56305,561.29553,328.62537,548.08044,312.85846,465.83243,95.60361,1071.8489,1232.2705,722.10364,317.06046,815.18414,902.96704,79.50882,219.83551,218.86658,115.31642,559.3502,459.22595,589.3187,942.501,327.6477,81.23073,283.37936,123.35876,249.71577,127.37786,228.25397,123.89463,224.69519,126.14336,166.33429,478.84708,70.26329,193.00317,195.28383,150.93915,168.06152,139.98013,151.8824,65.05819,50.471207,280.47693,250.84126,211.9235,52.187454,51.123665,235.02502,213.30853,38.161457,291.50568,150.0952,158.36894,266.62604,247.39674,106.95994,348.94843,290.93845,364.7359,393.76395,346.491,357.753,300.58453,316.8676,414.2888,264.3463,245.15451,258.07855,170.56541,65.25421,136.37746,278.10992,267.68964,246.13828,18.85996,117.29455,117.5332,198.42392,242.34074,217.84877,46.31278,143.86314,56.2074,163.68419,168.78462,114.70951,264.38806,392.72696,213.57362,225.5243,191.286,591.0308,1032.9508,62.496624,494.8377,232.63683,163.04521,42.043964,65.49891,210.4187,302.9377,139.7554,48.929935,179.37692,230.28903,312.33597,275.48245,300.814,364.50558,639.35406,616.07404,319.45496,291.13846,162.50461,446.6691,504.53775,250.61351,134.02588,156.2154,94.4613,40.097458,138.8357,98.073875,233.68983,180.12318,280.1951,206.53337,155.96689,5.1933713,126.42347,383.12625,322.4414,179.29927,73.46604,119.524445,175.21301,53.427605,114.576324,87.21871,132.40504,75.75279,150.61534,193.93254,218.98758,134.96321,208.27554,115.07033,136.5732,94.8226,214.24136,169.60953,228.19969,266.43127,242.91249,302.77576,220.30289,166.75426,76.325714,328.5306,224.28531,228.31262,649.0497,958.8076,839.0971,303.2389,547.97766,484.6214,343.11322,139.68887,201.79436,61.44039,87.55101,131.83795,175.6957,134.26509,126.77631,215.80135,390.93842,250.46443,268.76315,204.04196,233.05469,108.57825,45.030033,176.27342,308.0094,192.00612,128.10796,151.8542,87.96559,42.276447,99.55672,153.94574,290.4405,161.83249,263.2863,220.47678,136.43645,77.47709,97.74844,73.609856,59.69282,222.79695,268.83105,352.10138,501.4708,426.7155,247.60225,312.11734,130.47168,324.27945,116.80749,233.98494,128.6851,108.71875,Desktop Computer,$Whiteboard$Printer$Phone$Shredder$Google Home$Desktop Computer
565263.25,240727.73,2978.572,2543.9885,4292.783,5203.8677,4029.6536,2327.692,3928.2156,2024.4507,1121.559,9618.412,55557.824,43758.004,4201.47,759.8057,2422.3767,514.0931,1287.2078,997.1929,825.3787,1222.5786,983.3838,755.7337,2837.538,2570.304,441.94238,883.74084,1099.8204,879.15814,641.04156,353.74133,725.60785,786.38007,580.1213,199.1538,1517.7548,3736.8904,1642.315,148.84256,390.69574,385.20303,264.10007,472.49014,379.0528,646.63745,417.58194,320.647,408.61664,1167.622,724.831,325.01166,884.07574,1217.8545,351.30063,412.2358,527.49994,158.11775,124.72609,159.13252,159.87451,571.6014,600.2699,164.87335,237.56418,309.13385,352.98654,71.691154,227.45525,242.46089,176.5963,193.82295,103.30962,375.4396,831.5233,397.7942,81.54381,327.02603,103.663,94.60327,377.4807,437.16046,231.43776,212.63431,77.07932,271.55066,163.60374,251.96043,84.35309,162.79904,76.67416,327.51953,136.75648,292.7901,325.42017,125.95359,78.91926,95.565865,505.07993,431.3351,357.9862,575.3318,389.4714,427.1828,274.3265,205.28671,250.11368,152.88686,304.54886,475.1069,385.93555,144.60365,133.67365,220.56096,238.21103,65.53079,161.6051,135.84874,161.29337,85.71319,144.86386,143.19254,102.99532,79.24544,69.92839,175.81036,182.49109,162.00969,166.25899,193.73747,235.38574,259.17535,227.08682,622.40674,928.0525,433.27176,616.0905,254.91544,181.5641,237.10585,343.45032,295.71622,190.87645,68.60036,114.40231,118.811295,343.26715,390.68408,316.91364,370.3367,425.4315,467.40848,502.3043,315.7176,597.4654,47.185684,287.0593,170.92737,78.08763,206.8949,299.56766,216.94872,85.95927,154.31773,146.07158,105.18963,169.78561,193.26714,277.95605,159.93668,136.94899,163.64462,114.64909,62.718227,76.98479,68.03092,77.34593,80.25646,63.411816,107.533,42.55653,58.7396,158.95459,293.40817,238.44695,206.76651,207.70189,194.52142,173.25941,112.233696,103.09799,226.99532,208.37843,206.01265,219.2061,98.40254,152.41783,425.69687,231.39388,253.47272,184.1372,240.66284,235.1655,184.57416,523.641,638.31805,522.247,918.8143,564.77594,68.58497,330.88876,354.98322,251.54062,126.486824,157.3347,105.72306,144.726,267.03705,407.6174,386.95074,308.44632,311.84116,274.94626,270.7251,294.61194,176.51535,62.144676,55.001904,126.80865,175.76631,121.077095,152.8055,126.16354,174.79848,71.73457,181.39487,156.80621,23.035975,206.68997,158.47552,80.040794,93.81815,196.68057,291.58072,258.6054,132.75032,112.05204,82.28925,243.10841,233.24806,281.53506,327.39838,784.99756,577.295,332.05246,113.02064,191.0,Desktop Computer,$Whiteboard$Printer$Phone$Shredder$Google Home$Desktop Computer
568359.3,244143.39,6670.3574,7914.9,1724.0038,4223.7314,2117.2446,910.0126,896.22504,1809.9095,1188.6447,13583.916,59810.13,46829.246,6223.7935,2535.1064,592.79047,1431.2036,2284.8406,2281.0417,1750.5192,2460.9294,2526.023,1422.9935,1941.2089,3242.7827,2179.1812,2560.3767,2570.196,974.1953,1578.0426,1729.3741,1670.906,1387.425,1761.5159,1243.1128,2158.9878,4388.7744,1819.0293,543.277,856.6407,576.6445,297.22357,782.1848,519.4961,632.00073,185.88324,446.13043,321.96185,789.87506,306.21655,321.16504,185.26482,214.2861,754.52576,288.05862,479.86108,244.88185,232.63234,497.59616,540.6379,518.2261,466.4931,584.75037,443.61374,484.33264,409.14777,41.054924,129.76323,76.84777,135.79082,101.784225,295.21844,283.8819,727.38794,514.74274,244.70334,178.5313,168.34978,58.770927,237.3548,214.85124,237.35933,372.648,253.97476,224.78094,263.91513,248.83899,159.46132,379.03357,250.52144,233.80457,209.26749,188.33003,393.4829,443.05795,368.14337,287.62415,524.8371,709.8141,37.10034,438.7933,474.06665,402.50812,179.55272,268.79865,279.91174,225.44241,45.904514,348.1982,282.613,87.619736,234.55092,453.4085,415.15256,329.02884,121.884926,119.86188,345.58072,301.8611,58.36521,216.64426,174.1473,139.89322,225.77548,265.21976,397.18304,266.18243,203.01556,238.31894,386.18903,360.22678,502.69647,829.2995,997.8929,457.12277,794.4249,337.9344,180.71834,162.51376,194.3357,231.33301,334.47314,348.37708,157.00066,126.90941,268.98212,279.78125,172.12944,386.99597,696.4929,840.27814,353.49387,683.2165,256.4562,199.78961,94.7869,177.6774,378.37024,381.60333,271.0284,95.609,190.78442,267.82803,333.52924,108.49549,166.18459,170.1773,226.91435,253.01135,153.7591,123.44795,240.89624,219.44954,163.30804,79.515274,92.03265,170.07393,174.5238,266.26065,173.42151,61.529663,163.85185,108.25286,16.193558,253.65326,335.23926,292.2002,196.93576,279.5729,279.47235,383.9667,463.4566,480.6792,284.96466,222.31119,180.5322,174.64671,396.83652,132.75182,74.10713,94.761734,215.75795,499.25186,672.02185,417.8146,671.9447,691.2424,335.57974,267.3574,400.5111,754.6172,702.8661,464.2263,419.7283,321.9409,325.31885,249.85147,194.64926,199.76381,158.66602,158.38916,253.17421,240.08989,30.284845,263.42462,290.26346,178.67715,110.53021,60.64794,87.681526,161.34157,213.00108,249.69533,302.49222,243.32837,194.46814,334.96738,361.3202,414.55273,239.6317,261.92102,203.28745,163.53746,83.52213,260.05533,357.38586,297.00647,252.11945,261.966,163.85178,448.10657,640.6653,267.2122,87.03937,196.35654,80.1875,Desktop Computer,$Whiteboard$Printer$Phone$Shredder$Google Home$Desktop Computer
567381.4,241782.86,6204.63,8556.293,1782.7272,2376.7612,3945.629,1213.5083,2382.071,2477.921,2419.4978,11640.751,57444.848,45351.363,4968.582,1230.6552,830.22644,2091.125,1113.1632,618.07355,1468.5813,135.75667,1043.4818,1317.4054,1742.8981,2745.732,366.39084,1743.457,170.11168,459.00308,239.69254,645.5112,274.484,530.27185,99.16274,475.93793,1399.7372,3979.1362,2206.3635,340.89142,385.96924,210.75381,793.19415,709.9293,412.31757,295.9661,46.44747,59.202858,299.24426,620.9641,681.485,327.5395,212.64812,772.06146,1043.0063,273.82895,721.34705,442.33008,523.916,411.18787,415.5226,347.9058,830.9741,370.39105,198.00612,94.02337,306.75854,353.96802,62.105556,287.08926,230.89983,104.29199,146.70618,378.8991,427.48718,138.61392,162.99615,198.30899,134.17188,139.5976,200.4216,118.90858,257.67197,134.7185,153.76178,215.05574,315.68164,159.1994,102.17552,164.27765,219.63142,451.83267,420.511,383.04407,128.15729,315.15027,157.23059,196.2139,874.76953,613.7868,200.99196,129.97781,287.11447,315.20276,435.27774,164.68842,192.99277,84.862015,97.58093,189.69629,410.19452,258.4664,302.7124,265.3077,148.62788,115.60519,125.8863,221.79485,177.62445,180.2611,56.881836,109.5822,75.270096,161.58568,72.02799,67.18267,347.4831,115.915924,71.156166,128.9033,101.743286,398.36218,461.9848,853.8628,1095.6375,165.6694,625.5156,313.8789,388.2838,292.37625,233.22757,78.80993,201.53383,143.55367,266.06564,310.787,320.9316,200.63567,274.78998,176.5461,246.7246,746.1767,890.3321,344.21216,349.7712,576.34393,369.50632,107.035385,269.004,269.58478,149.72942,144.8846,157.52396,178.38315,194.22241,439.74252,402.18854,88.334404,199.81784,210.41582,297.41788,173.58008,282.4511,39.489708,69.79024,78.66687,179.50287,147.44899,130.82466,56.99881,93.31432,235.99097,113.32972,240.61325,272.07678,96.405525,226.48402,73.48292,352.79758,252.33566,181.82715,131.41533,114.53302,154.68219,441.7178,269.15463,96.657616,217.17177,286.0621,251.72812,177.70886,174.65327,170.43523,90.21137,429.77893,642.57184,924.95807,196.5139,694.04663,581.7829,332.94748,462.3904,334.2621,131.70552,76.92255,88.07724,97.915886,67.21069,108.763176,267.86047,226.35751,2.9477484,273.35992,156.9146,183.44217,59.20913,47.02105,153.5402,219.54454,296.93958,377.35208,416.4369,283.57516,170.96338,203.6633,66.708824,98.04509,167.5601,200.3253,174.73233,248.52669,128.92519,85.8773,248.12799,211.93872,132.49802,106.510895,75.257034,92.711655,129.53128,506.75076,293.2064,150.06741,72.16003,374.0258,201.89973,76.53125,Desktop Computer,$Whiteboard$Printer$Phone$Shredder$Google Home$Desktop Computer
568342.0,243358.95,6690.5586,7639.7383,5340.2573,4384.156,2236.5337,4010.994,2288.4622,4036.4211,4044.4165,13779.918,61699.117,46733.348,4150.1743,1704.3253,2429.7913,3835.3901,2381.7458,3346.4236,3901.8157,3726.3025,1510.1456,2677.5808,4968.4746,3964.7788,880.1664,1599.7655,2689.6724,1669.7993,491.99246,1091.9039,1649.9747,1315.359,581.6975,1500.5583,2298.8018,4043.984,995.30554,1537.4967,1057.3633,432.8687,1189.3112,1610.1549,1324.8889,458.91833,723.0613,1712.6471,1312.5795,398.5132,1188.6002,1608.9883,1642.9073,1081.1697,167.29384,1001.6861,996.26416,456.16656,432.02185,484.06702,261.9152,266.1701,518.26337,183.5972,228.0923,99.26898,380.2407,228.4389,150.44997,527.0107,655.25934,574.43536,304.33713,380.0527,802.4275,554.7352,426.28912,451.25845,223.18057,405.28195,286.61096,404.65988,622.71857,474.53485,133.54121,92.44536,267.37335,444.56018,289.6633,303.23065,334.1915,303.9124,234.23508,329.6342,101.96294,97.65496,155.29216,245.67209,230.935,538.764,754.0694,339.06744,199.19624,270.66177,126.84227,182.88719,90.0763,410.959,207.2863,196.02618,528.03253,566.85095,430.11942,129.91682,380.1419,479.5358,473.47592,497.71286,228.35558,123.90177,33.380917,167.41927,419.33054,291.70856,238.58977,183.67824,124.65834,196.92456,28.971478,155.23567,89.33811,216.04483,310.27554,969.3065,1008.38257,475.92938,758.0582,454.23672,329.06216,234.32436,167.13014,155.14786,258.64114,220.28421,196.00172,213.5277,275.70596,374.54398,242.33427,277.9306,345.80692,340.2695,757.5954,487.29315,396.30844,38.20257,446.52148,361.40817,210.79604,317.00595,308.51987,193.11183,12.470509,180.16609,326.88123,188.29173,497.5145,300.70587,173.18138,224.53238,138.19174,288.22464,379.4901,110.10178,89.97905,236.76874,346.73517,164.33136,152.22522,239.47655,333.16278,233.65944,4.3575683,102.277794,461.12952,466.90283,109.51396,68.62982,292.09644,202.84232,71.4164,107.603355,83.117455,47.946465,265.5864,129.7177,308.68478,362.0584,305.88867,42.938416,233.4204,400.33218,499.57684,577.1193,268.58673,738.7205,645.3678,357.84875,303.59952,537.3209,429.9222,231.24344,347.8686,278.41617,199.87218,299.12384,403.3338,474.73672,328.76837,303.56775,192.26952,81.82866,218.30817,177.03952,242.20404,155.75606,135.82391,263.3301,167.53316,46.871098,192.30095,112.72374,156.79385,125.145515,342.27866,168.91101,330.3345,464.19983,256.1914,331.34927,402.20273,176.15277,243.3482,532.5869,404.1527,419.3516,287.83624,50.618034,225.33734,352.17645,448.7597,218.78398,301.43677,119.71157,174.25302,157.53041,76.78125,Desktop Computer,$Whiteboard$Printer$Phone$Shredder$Google Home$Desktop Computer
564624.44,240020.8,3592.1094,1886.774,2062.0176,695.51575,2694.6562,1501.5321,1500.2292,2193.2395,2184.4722,11259.701,58821.79,43528.895,1902.497,1902.9963,954.00433,977.99927,1981.744,2680.8467,1386.0392,866.476,750.77563,1270.5262,698.5401,2252.2756,1126.8536,942.0695,283.52365,1013.2829,748.8763,462.13965,999.08844,548.212,117.49346,595.3101,1408.8741,4487.649,1803.1824,404.3481,319.7019,201.74231,570.19525,68.94803,117.41886,337.6721,472.01123,645.93475,397.6267,933.2981,521.66296,420.90988,1044.9226,1391.46,298.5429,194.31732,319.19876,317.38058,445.97357,157.7019,137.4471,269.01712,449.2033,193.10158,253.88939,14.451167,26.441046,90.51804,189.56523,118.249565,230.82033,186.01675,190.2751,183.25403,832.8404,389.0385,185.02856,182.23465,52.840504,175.22629,313.55038,108.066574,244.65166,161.14369,85.79156,41.007507,137.07233,266.87006,40.830498,100.014885,79.349846,132.32634,30.135416,79.04579,152.55405,97.87942,200.03888,430.4543,786.431,869.69556,836.5071,208.51442,431.2622,525.8602,271.15482,422.15784,380.5989,294.66553,250.76271,290.4917,190.1928,162.291,195.79074,136.88045,302.96457,254.08444,129.87788,240.76904,168.02939,71.34528,23.201784,153.15385,94.238174,254.15158,362.61407,251.20535,271.47668,246.02788,286.09384,253.97112,186.53098,23.551353,138.05527,741.3115,1288.7654,363.44522,550.7821,325.43512,262.09586,222.73184,286.6625,197.76518,280.24097,223.98985,207.30515,60.27745,177.40016,36.873085,123.31722,287.8003,375.06784,716.76025,1110.9921,785.1227,431.2488,308.86057,397.3883,188.11157,144.13213,38.11228,118.873474,198.3206,96.61436,55.272682,266.27448,59.715816,347.12527,306.76907,249.61246,183.0733,97.42289,166.9449,78.81477,206.60051,184.31589,370.5535,176.61185,101.647064,23.341084,90.15044,74.630005,140.20163,261.5104,134.65912,165.44066,121.20867,219.87543,102.558014,234.94424,195.27548,116.39001,173.55492,197.52426,242.7614,125.56332,171.23087,76.5602,105.34993,128.34973,252.04654,83.23496,91.70706,110.090546,200.56061,719.31506,1069.0288,349.6393,432.72922,629.8024,761.41327,373.57697,36.36613,208.91516,149.37111,152.99257,236.48814,134.22227,74.737236,315.76224,296.93658,141.33035,68.47105,133.03145,152.80183,115.11619,100.55429,125.32619,163.28932,129.30515,43.756706,75.72277,117.7444,133.82404,218.72855,83.11105,82.39799,94.5182,326.03268,32.914124,170.48514,77.72441,64.33919,342.6089,370.81674,192.21452,63.35204,229.87372,132.38062,312.9631,330.66638,287.68124,175.17612,438.20264,141.80249,276.88428,218.54324,76.5625,Desktop Computer,$Whiteboard$Printer$Phone$Shredder$Google Home$Desktop Computer
570010.6,244712.08,1533.828,6863.826,3978.503,4714.1904,2859.4163,1197.226,1166.8342,2467.278,1194.6404,9796.126,55157.188,42539.797,2007.5289,1506.6174,535.48303,1761.9606,1162.4517,818.51764,763.1365,683.7179,557.30505,1293.5452,2180.4402,1511.1296,596.6412,1087.489,1163.7134,627.7579,81.1805,775.5224,502.02686,195.65935,177.62671,157.00003,1713.7628,3825.4001,2123.402,637.64465,178.84837,217.13742,91.773285,235.56224,252.77187,353.41833,583.0646,480.82614,250.12024,1104.5968,1030.4426,421.0011,856.7574,984.5951,331.28595,538.5226,809.08264,483.01047,314.53702,270.86734,507.99933,469.7193,971.1091,431.1169,221.8858,42.76296,66.06493,258.82928,48.738785,342.19604,32.224,108.139435,146.51581,342.47482,645.3325,366.07593,379.99802,78.665855,51.344337,135.38661,241.52751,342.62155,317.19968,132.50441,205.20805,414.44247,98.81536,72.73491,101.18314,308.06018,132.44237,107.698265,116.57191,95.92778,210.78539,261.85278,308.94327,300.75925,539.3128,347.17493,636.0403,510.0876,261.23782,97.21464,99.80251,322.73355,89.05021,497.03864,712.19165,418.02087,248.31406,163.60707,175.1143,136.44205,74.0903,108.17106,136.8985,77.83842,37.15387,153.88954,144.55293,209.79883,131.3925,163.59651,316.9774,211.90398,124.70824,104.925156,297.4278,121.697136,222.5417,118.94857,203.44286,724.7288,1022.2178,164.22183,369.7878,73.33248,319.5965,327.452,301.35916,291.49585,193.42546,138.9884,129.72662,188.06126,300.25946,392.958,527.3024,413.95383,491.51233,218.67639,282.05374,678.9265,394.5326,148.20439,318.17148,237.51805,357.87265,273.10492,288.13547,185.09953,156.26721,137.37238,88.260124,170.98178,72.81275,171.0212,85.60283,100.271286,192.37546,255.81569,147.4684,124.235855,120.908775,48.34592,166.6063,199.35538,157.61697,110.54854,101.70041,78.57729,233.37395,306.29895,78.74249,123.73436,268.3709,205.14935,229.90323,209.84619,150.99614,94.94329,238.53543,219.71631,343.4456,198.13477,57.71779,159.62857,200.01892,210.46983,230.7036,294.61618,194.08258,263.78397,411.80942,537.8847,1156.7424,738.4827,467.15906,182.61264,199.5623,222.31981,210.74294,230.53888,267.6709,516.26764,401.709,230.3188,75.73038,65.44111,243.62714,159.93076,332.46576,208.29799,189.93228,281.38837,322.56894,141.07446,92.778625,29.857168,94.32311,67.24944,198.19713,144.09126,230.52432,109.47291,251.1638,371.61383,284.37958,158.61604,114.535286,83.27497,39.027428,135.91473,201.49817,296.40106,246.3181,241.51263,115.00645,36.828346,66.803535,287.96902,119.43082,517.3414,634.78577,296.49713,93.78125,Desktop Computer,$Whiteboard$Printer$Phone$Shredder$Google Home$Desktop Computer
567355.9,242670.06,7311.888,10437.47,5031.0303,1236.5144,2888.696,1547.0472,3281.7659,4662.358,2685.0225,15983.129,61648.742,47935.645,6926.731,2263.8032,2637.0122,2889.7822,3590.067,3694.266,1542.4504,2268.985,3224.1592,2781.7812,2277.866,4115.8125,3081.2917,2924.2942,2025.1158,1500.8077,1224.0857,1302.0986,1479.4167,649.73334,199.56627,786.0557,1354.4294,3451.887,1329.2158,760.5772,490.8593,982.7331,732.80054,792.60974,268.75116,305.874,830.62573,682.5436,434.77313,945.69464,585.9895,773.872,683.32196,1109.0852,348.0053,397.95438,538.2986,729.94275,253.26547,178.91394,430.43695,771.46295,712.30853,237.6859,67.55651,229.13737,223.02261,280.33957,392.21375,446.99048,360.00427,284.15637,433.3734,237.59926,313.2458,338.81992,321.9779,205.35913,174.47801,260.78238,278.40158,173.99263,203.10175,73.24897,71.309494,200.14008,380.31787,337.65714,86.1689,87.520226,249.01791,260.0324,341.29294,306.46405,255.10759,49.834736,74.064476,428.61234,465.08444,206.35568,318.73718,392.56122,506.48434,292.7755,327.26306,279.94183,153.8029,281.05118,214.21414,363.36334,375.05286,309.40982,274.88034,343.30927,172.93683,180.21106,302.83234,278.55963,114.46892,109.914894,124.848465,9.071781,153.09033,37.94784,138.45348,332.14206,412.0291,206.54257,156.68297,212.8656,199.24236,123.91383,258.66254,782.5388,1072.1552,337.2895,540.0086,299.43625,199.4742,150.57587,118.86693,273.7618,264.03104,368.25433,317.97574,180.15309,152.98029,250.63405,339.6382,377.96255,503.11765,569.2325,630.4008,250.518,164.44254,260.4865,224.11697,91.17141,69.21615,112.74857,74.025665,175.69225,289.66443,332.7502,200.92297,306.2475,411.60263,293.55493,175.29141,107.852005,213.60089,200.69672,188.31721,66.01474,28.679466,149.8838,203.07974,176.20868,247.07916,196.75145,87.11818,102.93392,78.771965,28.59892,278.00217,233.22447,353.50116,250.28036,252.00842,231.53165,285.46844,143.80695,155.15025,103.25372,162.7727,10.677941,117.10615,354.68826,222.77443,295.72537,178.40497,182.8497,538.9308,488.16718,500.39468,923.9864,232.04198,612.0106,695.54584,592.50256,459.21478,363.957,487.20654,499.93875,317.34396,210.25662,305.02817,363.75287,372.68463,268.84634,46.443474,232.60007,294.52124,331.12225,102.9407,142.7272,33.950523,96.1064,112.484085,111.20827,254.78188,238.67615,103.55829,172.14247,40.12095,154.87398,218.4313,227.25258,149.20743,158.05093,139.07669,119.905594,111.46146,138.6432,36.0688,227.91835,329.1082,243.34117,197.09279,454.52487,379.58932,142.71182,266.66437,196.05362,398.85678,624.9812,521.96875,Desktop Computer,$Whiteboard$Printer$Phone$Shredder$Google Home$Desktop Computer
566730.6,242425.39,6064.7876,3928.4954,5664.623,1030.4281,2172.0288,1346.855,2018.7261,529.91534,2741.875,12138.627,57566.527,43832.234,3521.9412,362.86554,884.48157,1466.4023,793.545,1689.5525,567.7883,1601.2006,1731.9242,1398.985,3302.1362,2631.4553,1717.9265,1661.3087,1417.6583,1340.1685,1432.746,1424.1068,1718.0309,1290.5056,1328.4575,1152.3193,901.98883,3436.1316,1051.3245,814.2763,557.998,974.83923,921.4492,628.90314,341.54376,701.40234,483.9119,653.78265,640.0483,1269.4579,1165.7048,527.5989,787.12494,1267.6086,1505.2749,763.4233,269.04486,264.42307,350.56454,149.8031,480.88013,191.1853,313.84442,41.882057,224.79247,313.5933,182.04457,107.859535,10.399107,152.44653,379.41003,256.12125,103.96482,221.05623,574.13367,566.31085,249.28877,218.38431,227.61923,266.30658,190.89314,127.16531,68.23618,58.6887,169.83449,100.66355,208.85583,166.09744,194.81001,126.776955,234.7316,86.907074,121.33634,249.65855,270.78854,350.44138,292.8032,620.4846,489.20642,216.74937,200.3727,326.67184,459.82022,370.93863,244.6472,139.91943,143.97798,182.26236,444.87054,351.94156,335.1519,155.9566,194.21849,274.31693,231.23116,384.23672,350.80508,335.90082,37.349476,70.90581,196.60538,106.75645,166.7284,69.77225,186.02136,228.18419,219.97707,222.75322,220.38614,169.10791,177.26663,269.81058,310.11285,590.5992,866.5089,129.53633,508.6987,201.92242,114.6953,127.70931,303.27396,351.9085,361.30048,222.07303,158.88274,140.34,278.0771,235.94357,227.36543,147.73637,244.70723,752.84064,718.09186,173.27393,281.22986,456.7111,365.36017,234.87311,138.22818,379.6203,377.93167,225.21907,135.9187,212.0976,119.20838,48.531136,78.502075,85.72631,51.43553,96.24335,80.121925,119.20138,51.481182,157.76973,309.7275,232.46681,129.45981,69.530235,108.2257,75.63051,36.121178,121.93959,177.14714,66.0088,308.05292,388.9672,259.7843,137.22499,167.33685,229.78206,252.29663,110.52545,57.197575,39.520634,258.64413,467.21716,241.58339,249.43413,156.54947,313.12308,240.18422,374.8195,257.28363,462.52252,491.7275,1087.4843,339.08072,415.14706,469.7778,793.1684,383.48438,208.28897,106.194115,395.72845,373.9449,176.67719,110.60362,145.14284,79.81719,100.12276,117.63392,222.62334,218.43784,159.17216,100.768135,154.85657,86.675224,157.18091,118.46259,114.84107,137.74316,222.34712,316.43402,251.46347,66.71973,109.39692,262.5811,301.24606,148.87062,180.49484,157.64046,135.60396,262.92474,218.61736,236.69359,103.82651,312.85892,185.04944,235.38556,651.30273,469.85995,216.13197,144.667,236.22992,65.59689,246.62955,574.09375,Desktop Computer,$Whiteboard$Printer$Phone$Shredder$Google Home$Desktop Computer
568042.44,243938.1,903.93585,8215.354,9378.494,3531.443,8264.784,9481.615,7149.362,8858.674,7183.697,17480.88,64596.77,49856.875,6686.0195,5678.943,4547.261,3242.0952,6262.2617,5557.303,2226.0327,2418.3013,3961.5725,1769.9436,2125.6733,2969.3384,2602.2974,3426.2283,3232.3787,2489.2388,1605.0038,2607.0574,1116.6814,643.3628,1373.9384,622.43567,1969.0162,4100.117,2254.024,424.421,353.72543,303.76276,163.09494,531.2477,216.738,754.4219,904.8616,519.7998,1129.9799,1979.8191,1654.9128,879.2453,1194.8944,1169.116,1031.3489,992.156,1208.1913,807.3777,955.94147,1240.7908,833.24945,536.431,921.826,379.82834,353.4239,305.95007,203.3723,379.2673,441.0498,351.01547,112.90244,218.2613,218.31671,166.27437,369.74124,156.05234,498.06143,394.93008,235.38008,474.48227,528.1385,442.4607,219.594,448.6459,551.2447,732.7789,680.76227,274.84653,234.49847,223.31326,392.95813,155.43405,309.21036,228.82057,242.8779,821.41113,969.2603,506.0416,447.84235,523.2401,169.90637,200.42554,294.15146,318.95862,296.68094,425.9289,603.2248,293.31506,502.12122,536.1898,341.91122,667.1768,558.51294,439.06732,366.53995,78.39322,93.64778,129.55876,342.97098,265.52948,491.44894,464.81842,336.47064,252.86786,163.66585,282.8444,332.973,233.48232,391.74936,226.58601,276.64783,148.74841,404.25388,822.8594,1054.5442,217.81616,693.83887,428.27023,465.35236,593.90753,598.9964,358.08484,266.70837,167.81924,236.23227,230.86868,441.62592,306.4896,271.2111,630.6797,908.97205,408.30856,207.1644,326.53714,367.15155,420.80963,245.41237,287.56207,308.84686,345.4993,418.3189,194.18834,450.02966,319.52286,110.50364,102.67389,148.88495,175.6806,235.3989,269.95816,195.2157,62.464077,85.58656,176.6777,351.1257,409.1413,300.62332,145.93039,119.98814,152.42303,186.19482,258.05652,204.0879,148.27135,251.37666,239.45036,214.35257,185.78148,109.38618,168.43373,319.56616,320.05347,252.72998,317.8096,238.77095,305.15933,74.38476,249.69437,157.01671,128.4296,138.47263,153.56897,676.7055,1051.0303,910.81384,469.3941,639.6702,406.96118,164.23225,903.1867,635.1081,601.1421,651.5625,510.04413,274.80157,277.04446,124.393906,202.4856,317.57016,220.3349,347.44086,382.08292,276.6893,155.25816,49.629436,282.89862,247.97673,234.48906,165.33582,294.03146,307.8347,129.66638,43.838593,211.98164,253.33228,324.555,124.6199,115.311134,150.97583,134.83795,253.97757,242.86145,339.14548,228.7144,158.44281,493.72473,438.87436,455.4297,409.89874,419.15262,349.85495,235.65347,189.41861,204.3878,487.8164,429.24106,738.25,Desktop Computer,$Whiteboard$Printer$Phone$Shredder$Google Home$Desktop Computer
566428.9,242137.38,4066.1006,3458.059,4397.863,2554.685,3959.7915,2409.4126,1976.4083,3238.346,2980.1704,11220.054,58693.527,44062.074,2432.789,2019.1101,1460.2716,1108.9829,2256.351,2517.041,2092.452,1981.3782,1448.5793,628.437,1417.46,3153.4324,2257.4888,1127.2322,1139.8944,236.76448,973.68005,774.2319,679.2125,743.657,632.4768,468.74652,1885.017,4019.4873,1381.3577,597.97205,530.283,49.165413,297.96744,156.53009,410.10046,593.6698,293.18066,177.71078,63.459873,764.7391,889.6037,557.937,404.98987,666.66144,601.2341,671.18445,281.96817,579.8601,731.0845,431.20328,215.7684,613.0969,1042.5925,556.41785,180.11948,210.18394,36.56967,84.262375,197.31242,70.25035,203.4803,219.32567,151.84041,300.41705,386.34418,135.19333,256.85123,176.40866,71.75139,63.121582,164.95781,310.7398,96.42711,108.23519,279.1466,236.77936,318.87537,121.53346,162.17381,163.1457,185.68346,148.96022,166.81204,327.54895,285.86908,165.66794,505.99026,730.8822,625.8361,429.6219,366.38705,85.30981,206.06944,255.99086,149.47801,140.1656,184.43385,153.99823,119.31257,122.62562,310.53333,451.87668,364.18665,303.86212,190.86877,58.328545,168.72491,270.0844,311.64102,304.49658,245.43164,29.238039,82.6379,201.41948,218.22852,149.55585,146.84134,324.39017,235.97206,176.14915,64.94598,126.02286,344.89795,618.434,1263.3665,316.10815,527.354,260.33725,181.1431,89.217705,278.65402,201.04198,23.243385,122.02352,98.798004,258.7676,324.75296,121.9791,46.911694,138.27425,365.8813,691.56866,807.3105,547.6465,421.8556,405.741,251.34583,123.57755,47.84847,133.77853,371.84808,247.78117,66.16538,221.66106,155.22455,74.17294,37.387726,142.92343,187.58527,101.36201,179.68356,90.18422,67.898056,117.65344,122.78238,130.69415,135.66472,182.54852,136.91692,24.284357,91.28877,7.101457,152.9517,135.88373,214.96042,273.50812,404.653,324.82394,375.58878,273.16666,278.67087,194.37393,173.51395,105.37014,175.9642,129.28238,138.64107,215.4755,129.6495,135.70381,275.17868,189.43472,227.31987,168.64229,275.44812,628.81714,819.7268,107.37971,792.46265,851.0852,584.9351,313.17355,64.73652,154.58046,217.74846,316.3811,305.37024,376.93274,323.67493,43.384033,100.98683,228.64229,111.59007,226.89194,222.39374,186.32121,194.65576,122.41983,160.45338,158.85622,296.65878,270.72583,67.10059,130.98764,126.09666,196.17944,308.25568,252.43481,154.5905,184.60529,211.55426,123.26517,259.95453,100.724236,308.67978,328.07938,131.09781,168.82335,400.94104,493.7363,443.5026,182.03079,266.64026,354.22537,116.81041,214.32224,180.40625,Desktop Computer,$Whiteboard$Printer$Phone$Shredder$Google Home$Desktop Computer
569433.44,243374.67,3161.1506,681.85815,4893.383,7795.9204,7014.399,3410.0442,2026.0789,5877.25,4926.114,11056.479,60395.25,48311.285,6222.3,2460.8796,1890.5355,1452.1506,1841.6003,1800.4996,1242.1575,1645.0144,698.4492,915.8408,2758.975,1382.329,1370.9729,1346.3713,445.45438,1025.4192,1644.781,1174.0222,958.096,749.94916,1041.4146,1472.463,2548.0745,4559.6074,1569.1345,925.1637,1026.8004,890.31854,787.90063,818.7418,423.4597,96.00103,582.1156,612.2546,569.54034,922.8561,582.8597,561.89575,1106.8474,1340.6733,886.66815,801.5662,1017.1625,735.4655,586.0769,524.8713,319.6083,208.80931,347.4975,548.14264,405.4861,466.15103,99.33642,191.31845,60.61892,199.46066,135.94357,291.56644,253.64224,492.56946,536.3211,350.47418,312.48404,291.4049,393.90274,190.98471,173.69348,400.73734,233.20148,87.87131,245.14308,274.9463,310.69113,344.00705,153.72145,134.55246,83.00961,186.06427,321.52905,242.47043,156.20961,193.63202,58.85864,69.60216,180.91614,137.79878,647.2086,570.0271,141.34312,131.84518,266.90372,439.57095,473.9921,46.24737,316.373,451.67438,384.83453,200.12622,136.08983,179.68669,218.43703,294.73102,299.80832,436.9708,224.22351,151.85036,175.93048,313.04144,146.81703,24.727495,201.16437,121.98542,320.18295,250.5368,260.46292,356.90326,573.77856,269.62576,322.03494,789.32806,1238.661,200.17287,463.59775,190.17941,169.16907,188.88544,78.38263,106.25964,250.12143,168.87166,103.83212,152.92458,150.7357,193.97122,205.93483,165.00296,138.84451,607.01544,949.69946,649.511,239.76994,488.03918,444.065,372.52197,153.78748,123.57473,109.952866,145.91661,37.706142,50.733967,116.76127,107.939095,158.72484,20.90686,119.313416,159.13824,75.07834,201.71503,160.74588,253.30652,329.1377,318.0594,135.81425,48.748207,101.14724,123.36504,172.66867,173.35982,241.11848,297.358,190.49554,86.858284,86.09612,141.7079,235.56973,86.20652,252.07881,177.86922,119.70545,27.308287,197.65431,263.82855,185.41422,278.00687,306.61023,257.5068,87.916954,308.24567,289.71146,310.3527,690.8209,1044.4775,59.207497,819.08954,673.6487,617.73285,337.77808,228.43677,469.39563,401.1805,267.4015,176.01184,457.95273,302.5994,153.73329,250.10904,384.89777,367.353,289.26498,293.46112,137.91885,27.224392,187.33049,198.89168,223.72847,260.65753,138.37488,223.76477,55.53237,152.26656,262.4755,90.5072,164.22266,165.51242,167.35419,110.385925,57.11474,132.0821,61.34409,152.91606,111.868286,165.10405,170.16292,257.75366,187.85022,153.50432,211.97495,258.51093,289.4734,55.45264,277.3398,203.54703,113.6875,Desktop Computer,$Whiteboard$Printer$Phone$Shredder$Google Home$Desktop Computer
567117.56,242989.16,1920.3901,9156.811,12199.031,2901.1072,6959.917,4167.443,3862.3403,6906.0757,5717.6973,18406.068,65147.0,50525.242,9353.372,4895.473,2690.986,2958.6814,2941.38,2646.1067,2649.3315,6311.9966,6372.6416,5970.004,4610.2397,4544.3887,3471.6562,2450.2441,2031.768,581.8793,1234.6937,1045.511,2447.4863,1859.4856,2091.0894,3215.5208,3591.3782,4140.212,2276.6995,952.0475,906.4069,895.19073,503.09192,1209.5583,278.55933,737.7189,867.7693,1028.3912,1133.1139,1872.9701,1594.225,1024.2662,1220.1665,1524.1349,127.39469,646.2828,623.76385,696.5043,920.48425,1042.0216,760.4611,147.94205,374.10068,370.5264,364.9226,324.8289,328.17175,308.66653,579.0453,505.46588,738.58,636.5575,678.18616,780.55066,918.0007,330.95078,34.927254,514.5754,230.24068,285.8683,203.3227,338.05963,401.8438,312.6371,446.93613,439.03036,555.21924,683.8505,433.82205,116.31525,340.86737,243.98538,166.20958,403.3331,481.7395,193.11108,88.5792,217.75722,289.57132,693.3716,951.6492,646.5329,499.75296,353.61868,454.21072,159.26237,51.159676,589.3039,438.78036,142.65889,323.1011,160.5683,105.04357,37.284294,142.21025,168.804,43.57962,358.9879,433.3764,247.78848,342.9268,329.90128,171.25198,400.67715,204.27536,161.41286,213.20805,230.33192,310.35236,374.7481,642.5851,480.9464,483.0377,769.1938,1185.1033,310.93607,377.19833,283.79932,37.78094,74.02722,87.424774,212.74667,259.70062,327.57077,251.90358,387.68015,321.13107,156.4547,150.88792,260.48657,180.54077,498.05164,928.43256,346.23535,213.45303,471.72348,473.07098,272.28976,150.32124,342.39706,347.516,234.44028,103.441986,57.602005,157.01585,180.77238,286.2951,182.67265,102.01402,94.771675,189.18625,181.52177,252.72366,183.90387,328.70798,217.38481,139.47455,188.80502,91.15651,132.66846,124.813515,212.84422,406.2625,168.99074,139.61961,188.47008,25.89721,403.42374,440.28088,165.59196,263.1803,172.32603,159.58366,150.82878,292.3605,285.60565,88.00111,258.561,145.03763,381.6313,695.52954,619.7841,498.10788,616.4353,977.396,747.4291,250.5814,374.38556,466.27054,475.1035,188.41125,464.59827,361.29144,138.59724,285.06097,175.29005,345.09253,77.59954,167.52385,147.7545,211.2379,227.34454,209.42966,81.35012,104.89857,215.6853,205.80942,77.38932,272.89206,67.14335,110.20834,248.60577,258.5127,354.61978,100.8228,55.636368,130.76857,441.74872,281.0171,62.91055,133.46815,164.9332,296.6696,375.78952,195.91118,142.30151,408.89957,303.18695,308.32373,233.1843,201.97942,266.69046,435.3326,587.1463,306.90717,268.17926,278.5625,Desktop Computer,$Whiteboard$Printer$Phone$Shredder$Google Home$Desktop Computer
566407.1,243182.83,4228.4277,1203.5282,9027.195,8773.11,6882.4873,2918.491,3433.7224,3104.233,1690.1594,9326.901,55774.71,44658.742,5128.1304,2663.0671,2513.2295,2774.609,2995.5825,1155.2219,1093.335,1484.3492,1466.4985,2878.6055,1476.414,3276.1206,1436.8561,1336.3884,783.8686,941.69244,585.4227,934.4099,830.35645,847.70294,1012.6464,392.6342,1504.6625,4291.729,2631.8047,303.045,703.2435,256.40225,843.2122,421.91797,614.4149,21.060642,531.1314,221.66301,357.07516,591.65466,285.04767,287.2415,899.7237,565.8753,1072.8165,1129.8975,381.1239,345.10034,448.11807,423.58865,451.79752,509.4772,353.79202,128.7508,51.28277,137.10039,122.459564,224.66261,194.47563,168.16965,59.31511,304.56082,226.10558,138.11778,250.49187,398.83,196.21269,252.29828,228.40445,341.988,134.60686,319.8208,146.45436,328.88812,435.47598,431.85458,208.7588,81.202065,129.6745,87.94621,282.35434,109.598625,272.09924,247.8961,49.399097,101.7417,65.68645,288.9433,740.27625,254.90674,711.69617,654.8548,306.25934,47.227577,153.98955,258.2338,379.8253,408.4885,276.72104,254.78084,163.20665,74.99316,69.64512,46.38495,142.76808,170.01033,106.42769,88.65063,254.21527,131.03032,82.95995,126.06552,28.484484,287.14178,210.78705,72.63524,95.59956,181.81534,122.78857,170.88016,126.12205,257.2578,510.59366,904.4159,1123.0155,68.845505,375.84146,209.29819,132.35658,128.94199,79.39129,102.10392,179.84933,132.5036,88.12711,162.3286,87.88395,116.8993,257.047,289.83383,271.0848,363.0232,857.25696,542.98865,235.622,177.53842,226.46964,185.13568,208.89911,96.76594,172.22757,192.4328,347.33112,442.1683,221.349,172.67288,110.12995,67.15481,167.81621,173.09477,95.65586,77.82388,147.35281,22.38254,234.99837,236.65022,166.56593,173.22366,242.29134,232.13,193.69817,83.25469,193.40446,101.18703,146.05252,100.31696,134.5818,255.00526,116.42677,180.47417,107.000145,240.46788,221.54431,72.275986,268.8108,313.29453,143.93167,136.03287,454.08585,372.648,328.51804,411.8358,320.2029,431.52682,653.66235,345.96375,521.2845,929.19086,573.141,197.51378,190.35759,448.0227,247.44852,163.46942,162.66327,295.08014,187.00516,123.76535,257.21854,232.79758,54.50355,167.65784,136.69223,170.79877,247.67363,109.07043,125.54775,200.5097,298.56302,152.38326,110.29992,52.311394,353.86017,337.16525,129.18611,96.374664,348.89365,312.50684,56.18957,172.09776,79.90673,50.884373,318.22086,207.04268,69.36964,60.97695,149.85245,404.7079,80.02966,104.26761,561.752,394.95096,435.94437,717.96045,710.9515,263.19632,121.78125,Desktop Computer,$Whiteboard$Printer$Phone$Shredder$Google Home$Desktop Computer
567907.4,242267.42,5188.9834,11221.699,8090.4404,7070.5146,2218.518,5857.6445,4511.3013,3386.7078,2748.0417,13563.964,59658.594,44405.82,2541.7627,977.9454,4147.262,6390.703,3289.951,2769.2847,3782.5159,5433.4106,3125.5415,2349.2683,5441.3423,6029.4307,1635.6592,1215.0742,2874.5107,2687.8242,1570.3821,1191.2999,1778.2041,1858.3143,2518.2683,2133.8794,1498.9808,3677.107,388.58124,1043.1686,1029.8687,374.19513,1685.014,1692.7579,1600.4073,564.66284,811.7454,1026.4751,1189.5623,944.47943,734.44147,838.78345,1475.8851,1864.9495,796.1148,1132.2875,900.0463,696.3966,260.25974,525.67725,360.14993,791.6115,692.5784,546.062,89.30407,265.2157,273.01553,543.9053,161.17847,228.09245,269.64145,371.87985,327.05597,298.67007,313.5857,894.2231,682.82404,483.33264,277.99042,584.6479,431.63547,499.86218,45.766903,98.188446,153.87376,302.7841,121.14556,127.48332,301.21252,290.6408,177.3431,253.98561,420.19583,302.28052,103.0251,231.64104,223.58734,314.14297,748.8533,1090.1155,509.51672,75.8427,174.2847,367.17145,204.08252,398.7816,409.10193,282.3841,417.1672,553.4422,357.12323,148.1198,266.2825,101.83595,262.36694,353.79663,399.6295,333.434,363.95724,224.95885,228.6672,243.76318,489.41132,418.6705,338.58682,162.44751,230.64502,184.40092,111.195526,103.03992,199.0442,119.3755,144.53305,630.0326,776.69073,427.13168,835.69836,538.06464,501.34592,493.52246,336.50266,225.47757,196.3237,391.4389,292.22717,441.29333,233.47101,107.39168,167.1606,244.23062,213.34222,592.6881,883.962,483.09045,195.9114,438.14783,381.31247,490.29605,282.7678,222.73947,261.11096,211.13988,434.1782,151.10175,194.30376,188.15622,204.00824,193.24615,296.0009,168.87904,442.39636,356.41898,335.43292,250.05359,266.73672,106.50663,188.0555,106.99937,253.46758,45.143456,142.50134,254.67711,343.25232,273.26358,28.77895,118.0812,150.09062,224.97278,176.23016,215.26538,80.840614,224.36101,154.6706,267.8339,145.03809,210.65222,209.00385,163.61884,285.38754,11.59491,202.61879,172.88971,277.89264,364.83182,461.52463,898.1617,435.09586,814.4821,1124.6906,562.7954,227.81024,456.9561,514.27686,411.9413,548.5158,608.0374,461.9192,429.70264,284.3582,273.35913,216.34177,246.90224,239.32484,197.85117,238.89168,266.4289,116.819435,110.749695,57.164368,142.91418,91.47738,50.49151,116.394936,118.93353,168.74294,195.09213,121.933495,119.81741,143.1867,166.72429,119.155045,208.12457,87.18595,101.79165,150.69504,292.2678,243.8074,263.98572,171.72273,192.25558,215.56566,646.76587,177.32594,349.2724,435.08383,487.69904,603.65625,Desktop Computer,$Whiteboard$Printer$Phone$Shredder$Google Home$Desktop Computer
566324.94,242327.83,3569.2668,6371.8677,8158.421,6839.049,9952.304,8504.151,7890.099,6583.697,6427.8276,17545.965,62585.14,49198.53,9307.214,5083.685,4439.753,4364.8726,3045.9187,3070.1353,1027.606,671.227,533.5113,1309.1295,1153.7167,1837.7911,1704.8615,1386.8855,1904.7238,2198.6357,2445.4216,1963.4603,1283.1067,1703.7017,1473.9164,963.04,2539.674,4710.3086,2466.2231,640.5917,145.51889,404.92303,189.5433,731.29596,594.9228,540.872,605.3127,653.71246,1060.6724,1351.3838,1340.7212,874.78253,844.58673,645.68243,425.3446,1113.2755,1072.7507,661.25055,736.7655,672.0531,825.08673,789.6195,783.601,224.80333,272.99103,59.575596,97.31754,285.6582,293.76614,492.27075,499.85843,507.33307,307.39368,104.27057,323.18063,188.46437,269.90256,172.759,117.52478,140.60832,43.48794,156.06708,216.69089,149.39273,146.39568,340.669,283.59927,308.264,231.49637,514.87805,502.77457,552.68256,389.79495,570.66364,412.52478,275.83496,69.77314,167.1721,767.97955,1097.165,578.58124,391.94373,121.67451,283.68613,339.00214,219.82532,250.81839,162.81044,222.10321,260.8217,305.298,216.94003,241.56061,88.44328,91.334885,263.6298,213.33954,190.0645,338.94687,369.5585,423.75616,326.9756,398.792,268.863,281.37595,166.1477,213.29573,190.67761,68.472084,104.59327,346.52768,310.2891,278.48273,614.46265,985.81055,66.20893,466.24448,136.45421,217.51465,257.31857,238.61356,322.03262,337.0317,313.84564,328.13898,95.84262,244.90941,284.72525,197.79536,190.98027,84.824066,461.43204,820.4961,290.6178,250.81747,413.62637,302.88055,162.49947,107.64752,145.21799,123.4755,345.07343,242.12196,170.56158,89.78951,193.1222,284.16357,205.8606,217.03806,108.13272,95.917885,113.46699,208.88168,181.30025,201.20276,75.66213,53.410522,117.49762,145.0465,135.78432,282.94763,231.61559,216.33582,124.10716,210.15237,58.77534,125.140144,177.28807,64.76291,44.018883,82.14072,261.82993,159.23944,181.97754,187.90411,158.03163,47.705547,209.43947,111.43002,123.418045,209.13258,101.298035,140.97464,427.20627,629.84015,860.1901,54.082684,783.6408,643.15857,621.6871,362.65448,304.5257,145.0789,301.30652,458.64517,372.9074,199.3625,183.60184,108.68399,91.59174,126.755646,223.30556,195.77325,239.28505,27.20416,249.47755,212.41664,88.44353,190.34341,325.923,340.77396,100.6788,150.0711,149.76688,96.19106,233.34566,134.38821,276.86252,229.44308,195.86765,290.32147,357.62103,352.5848,308.5303,429.10278,331.49985,74.66393,121.15612,34.131336,276.87033,579.50226,633.57074,368.04794,128.39993,376.82175,280.4451,342.6875,Desktop Computer,$Whiteboard$Printer$Phone$Shredder$Google Home$Desktop Computer
568874.56,245617.73,5821.847,1450.2345,7120.2417,5934.019,2162.7888,2710.7576,4553.6494,4217.209,4867.63,9941.514,60056.312,47451.375,6647.5137,1559.8976,2423.7278,2570.257,3912.1646,3357.662,1426.3514,2722.421,2349.4158,2692.233,2235.2793,1804.918,546.31696,1280.5553,637.11816,1357.3817,1705.1233,2113.4492,1251.0276,965.2083,1195.6073,376.63333,1677.884,4498.726,2454.4856,705.8244,382.275,942.81415,1585.3713,830.35016,982.9214,891.0733,605.509,148.9162,560.40186,1116.7023,424.88687,83.696785,597.64514,905.3115,656.7732,149.43312,258.09076,328.2162,530.99756,492.94974,313.33878,711.74365,623.4168,84.16458,299.43564,201.39674,280.63867,185.41841,119.343,347.62476,254.0692,233.52315,313.96146,150.65793,288.46753,423.5936,353.74023,315.93155,209.74051,310.91174,334.78217,67.15089,172.99835,226.69962,188.53276,219.74855,201.37888,91.459915,194.99832,321.84485,281.9099,334.08615,303.32465,304.69904,170.62622,219.7894,115.48555,329.6822,743.29456,1092.8993,335.3319,294.507,366.85867,229.60881,173.21861,99.86941,207.86922,483.91183,216.25702,295.19623,142.0266,135.30598,290.36057,131.03949,220.43477,261.66028,247.47083,100.7284,107.134186,276.12045,209.51253,89.44173,222.53291,205.44609,256.957,133.43747,224.1003,143.23193,115.88856,79.708916,79.544395,134.09767,292.89514,823.27295,925.5337,242.19652,500.02502,124.27006,199.76422,523.9708,504.91592,244.58778,101.9051,154.29266,184.96057,261.9847,95.39575,184.50696,376.78418,11.004799,107.566376,597.12366,909.04407,657.0742,359.4518,230.49226,179.48828,62.273277,243.45668,313.79944,284.31305,172.88228,397.95422,289.70465,215.26419,145.97223,109.785866,163.8449,229.17345,310.20404,312.0699,223.1827,152.12093,125.81271,108.59181,198.86127,374.6488,184.93161,3.7402544,40.829464,249.47868,274.52432,70.09679,43.0986,97.98082,213.18245,265.12997,219.79218,179.95432,79.78281,149.08682,238.64236,225.49133,484.94968,405.78888,290.54166,240.18495,375.90274,289.011,194.21977,204.46893,170.25813,115.19201,189.83568,324.36578,821.901,751.9447,366.30627,838.4928,318.28046,258.4597,476.23682,314.4434,285.28418,169.90512,161.58076,382.77808,396.6315,115.24792,144.02707,274.11688,306.30573,163.82428,126.32878,179.8398,117.96996,157.45992,258.34875,364.22147,195.73785,55.094063,272.66315,165.05493,183.19044,51.5233,357.75067,433.4567,203.73233,383.1505,234.88136,182.21883,102.40469,63.452244,183.20433,242.47475,335.1841,137.81577,238.54787,428.21613,461.78503,546.8672,638.00806,155.51016,296.02896,260.61646,26.99815,153.3125,Desktop Computer,$Whiteboard$Printer$Phone$Shredder$Google Home$Desktop Computer
566762.0,239159.88,5958.9966,13182.297,11952.353,2194.23,2734.7676,1645.2217,1383.6068,2439.7588,3935.2788,9847.2295,61473.3,45408.574,1847.4944,258.29965,376.24658,802.86206,1879.1389,2716.223,1530.6521,1755.5272,1425.2195,3249.2449,1269.4512,3305.7288,1689.7327,855.7262,2097.7024,653.8287,390.80457,1947.145,1170.1871,378.28165,1268.3179,903.9969,2458.187,4218.1123,1237.6635,594.03345,544.4156,1042.797,728.0368,1133.3394,481.84418,255.42195,959.9771,1270.4998,674.886,1041.3363,1533.7291,809.94666,587.08966,1168.397,1060.6572,400.4754,132.97461,244.38847,386.07578,49.228214,215.67265,322.44434,620.60706,335.13467,276.07675,4.7707925,350.52948,391.09415,254.55334,253.85793,330.77246,22.046663,226.13437,372.28683,330.3271,188.93832,360.57202,208.69495,46.588264,223.2258,88.54793,225.47867,147.84016,384.8243,415.25247,123.54137,121.593445,129.74101,157.91362,214.98189,186.71815,352.1156,282.35034,352.83035,102.74087,100.94083,382.34448,400.30914,180.38255,471.64902,634.29486,482.01593,261.34772,106.43721,133.90521,34.391243,394.23148,434.99225,222.03392,297.58975,143.4598,102.64305,260.0574,438.55505,221.1166,72.804306,134.17166,133.06117,98.49529,136.28102,214.20428,211.9673,125.22933,59.42383,129.25597,60.574078,196.3985,118.4587,224.14684,190.61824,208.45035,279.02188,70.94014,656.3378,1176.4722,229.55354,600.4951,391.45584,84.66099,181.92155,396.32117,270.3077,167.2465,77.82887,41.65728,89.80852,150.60822,182.35461,244.92543,273.01627,595.8097,758.91754,334.37415,288.18396,362.16864,611.36707,330.92807,185.67078,201.57333,191.11482,194.99078,179.13464,209.11557,127.893295,185.44066,140.86156,152.19537,73.456726,107.593025,171.08804,197.78375,103.72429,231.75903,195.18922,309.95654,224.50365,173.24986,211.48357,400.8761,310.65057,152.946,59.41884,47.31644,102.71283,73.97212,54.57729,329.11945,176.17473,98.15245,259.44696,266.9253,200.97798,273.8261,381.8613,59.366524,312.99152,476.2925,306.46597,94.00919,231.71284,158.42004,299.3806,379.8288,391.15897,570.1085,187.25769,341.29892,173.16685,852.2421,937.17084,460.53534,272.8734,125.85972,120.52541,116.25985,267.52725,217.41655,35.396343,86.041405,262.9265,168.6228,291.4552,253.22058,281.83487,239.41196,99.810326,122.35811,201.09273,187.422,89.668495,170.5143,362.73633,66.50554,230.81807,187.63805,74.323135,265.72665,209.61986,68.62038,105.216934,150.52872,149.49832,26.255726,217.96407,401.75882,545.7419,310.6691,118.15023,181.17749,195.94846,521.36096,385.13364,119.783485,98.166504,297.5452,154.64293,17.15625,Desktop Computer,$Whiteboard$Printer$Phone$Shredder$Google Home$Desktop Computer
567049.2,241233.4,4104.651,3327.6,8194.453,2483.2598,2735.0503,1365.8704,2909.7017,3280.272,5280.1978,11992.805,60911.375,45110.152,2718.9917,1474.1342,2673.019,1094.8389,4255.8364,3860.6702,3642.5686,1503.8613,3439.766,2975.1064,4239.952,3415.3499,3292.7358,2067.7979,1934.6633,1576.4784,909.5631,839.2124,1450.501,721.00085,1253.429,529.2461,1357.438,3781.3845,2005.713,177.49469,508.33597,665.635,896.2356,266.92566,483.43338,508.5296,248.00165,186.35268,578.0294,555.8421,255.64267,628.8425,847.02704,310.11032,749.7824,509.58942,871.2757,542.65594,684.84045,662.56726,540.19464,571.9411,321.01477,388.12863,506.01062,170.07831,327.91748,262.45526,341.62604,501.0485,495.77765,120.27781,273.35083,53.572395,327.093,201.02827,234.29314,283.4312,263.64047,161.10962,66.16861,182.61884,121.662926,166.13661,174.22841,163.56824,242.8074,213.27502,73.2857,216.03296,270.41995,466.67047,366.9306,250.38408,255.27322,363.92245,223.35576,480.89774,450.77853,581.6003,189.70631,549.78357,380.3049,116.71489,79.624306,178.0607,293.35803,312.35873,248.03285,329.27954,315.86395,240.54109,107.270096,147.94159,267.21097,176.47227,240.35547,347.39694,252.65073,214.40077,105.31914,279.83444,92.707466,47.365555,144.21896,219.18376,267.55173,194.78687,226.19168,104.29777,226.40373,447.22748,559.76685,870.69696,997.0258,162.9174,594.82153,124.25697,232.79994,330.9843,202.37767,99.21521,122.49822,105.93412,217.25577,275.26013,487.96747,199.65039,300.01602,144.68773,435.80576,657.7661,907.6829,737.74725,213.1663,479.03992,159.97856,205.61208,208.34984,69.78388,37.616127,149.19077,128.81601,86.68849,167.16139,45.74616,206.95467,361.92868,163.46161,134.18155,220.41069,237.36638,305.78094,138.34647,62.757023,155.3657,236.71715,283.89188,80.19155,72.63733,112.80402,260.9441,274.74564,289.1573,141.33209,133.64938,105.05985,59.197865,100.3875,43.6342,80.74515,308.8634,381.12842,346.27658,84.702255,73.879234,114.31413,218.80464,234.83617,442.90332,525.1734,423.77975,210.62973,349.96152,263.01498,745.4896,876.51495,491.19553,303.29333,439.41254,472.7824,186.8191,330.16623,496.3908,568.1259,463.29922,285.8251,61.68247,96.750244,160.88716,178.4693,215.72821,385.7989,143.35388,187.97847,95.082466,89.36988,141.19572,242.97566,429.38272,353.53705,324.65372,231.49327,67.19627,154.56763,185.06439,174.45169,139.75407,46.147423,87.85113,122.226204,42.731014,39.601776,295.1677,288.74127,338.94803,356.719,146.87427,209.51755,128.34093,260.04007,195.45184,249.71606,149.43976,382.36267,254.08946,158.5625,Desktop Computer,$Whiteboard$Printer$Phone$Shredder$Google Home$Desktop Computer
565507.8,241792.84,3954.5718,9590.296,5191.8706,5423.8286,5893.873,5876.978,2282.6294,4294.4785,6691.133,11970.487,63580.492,53233.52,7327.326,3467.0762,5505.311,1263.7767,3775.645,5130.227,3540.7502,3807.7285,3530.7676,4483.9253,1423.3912,2711.751,4149.4814,1007.3568,2745.0603,3528.4595,1636.7047,1244.1688,2442.8071,2294.7336,664.3849,1582.6393,3738.4229,4512.1226,1141.8284,1026.6769,604.4991,562.11786,760.7044,332.16544,668.35,993.669,297.11255,1143.9159,1025.6926,799.4804,1414.7019,1618.8757,1570.847,467.71582,768.52637,910.7184,517.09906,508.43027,574.827,219.99829,493.19852,567.9545,718.2119,501.61676,395.68103,206.28883,131.7749,684.0986,614.51074,73.258026,711.3954,584.384,367.06976,284.2976,475.7066,349.763,194.40053,307.47952,31.84878,199.34149,414.25003,282.85236,229.04407,509.92404,328.22665,70.218575,497.4149,356.6672,169.15665,315.90012,210.10497,47.3693,146.54851,291.68225,259.73212,322.65723,305.2598,226.2352,441.13342,420.6353,429.79486,298.78683,499.747,125.62023,230.82607,313.3264,373.54657,275.86945,400.1585,615.44867,345.42642,433.40396,199.92027,176.33456,107.409584,109.702965,82.27232,300.73175,354.12375,235.89851,83.31345,166.11124,54.74858,235.31816,112.17571,192.24628,390.13174,277.87756,126.41001,103.704994,123.259125,262.579,512.5792,669.17737,792.826,423.08948,789.49316,509.94443,253.97334,50.985935,159.46104,282.5592,138.85237,116.247086,234.82518,282.32874,54.612087,300.99728,502.04257,590.0711,544.53955,535.7819,171.69124,825.23785,574.02795,369.54654,265.89816,134.24902,282.35794,240.71294,133.8643,168.72046,91.70676,143.88277,23.95354,75.42066,170.21739,89.91255,153.77869,103.78117,192.82468,160.4608,125.37046,129.04256,206.75522,164.03137,134.6701,173.00613,75.28097,138.52806,158.59537,146.2563,232.51935,100.64171,18.338593,164.15392,134.6195,17.862823,140.13014,60.842266,145.53026,90.962204,193.12073,201.82176,93.04575,205.62038,73.73128,100.48308,297.08856,113.20407,284.67603,432.98816,519.639,423.66022,359.76898,812.14197,411.14502,703.0418,754.9193,837.15216,407.88434,189.09895,188.49828,289.9037,398.71402,411.76242,164.5024,176.94963,188.65732,104.25126,125.95791,318.51636,369.16867,175.40373,13.952985,369.30783,296.73233,87.795334,72.61696,82.36371,129.48245,47.1252,157.97739,166.37573,80.92646,198.58565,276.74545,261.07233,72.579475,79.99019,119.846344,130.15703,333.2942,238.40114,91.23931,157.45857,215.97406,145.85847,175.10574,158.9756,287.71292,384.03052,235.40787,327.27374,230.96234,437.77344,329.9375,Desktop Computer,$Whiteboard$Printer$Phone$Shredder$Google Home$Desktop Computer
568614.8,244277.62,4530.221,2547.0166,5512.9917,5090.149,2683.705,1882.2423,4244.1064,6282.345,4463.7524,15115.891,62949.562,46068.117,4207.4985,4289.51,5209.2197,4221.619,2334.2744,4480.1523,3534.1804,2760.9329,1448.9059,2182.4663,4661.83,5035.891,1599.6719,751.54474,1545.8856,1695.7148,229.31555,765.5866,413.50232,372.8568,843.74854,1633.2336,1915.1536,4984.072,3605.0413,1894.3676,758.59076,1225.1091,1556.1086,1516.7004,1394.0813,1488.3772,699.38586,1548.7573,1786.5973,1440.9816,1095.3971,1368.418,1308.4158,1937.7975,1428.127,876.0529,1121.012,1091.3729,433.58655,369.50763,1039.5696,639.5315,362.87097,142.95367,457.43646,466.66333,425.9423,175.34572,354.85828,508.08563,426.73303,267.27368,41.68457,150.41931,577.1021,390.30884,404.409,42.44437,84.07806,295.44757,206.65395,229.6864,208.86754,448.1731,339.63513,353.1281,107.54146,169.87918,302.64526,155.63348,195.68546,133.61955,285.60565,264.7326,298.32806,262.0702,489.73102,726.6089,757.10156,321.2326,289.13733,310.19775,241.75826,242.58218,200.66298,89.58779,123.76599,219.6943,168.82582,589.9125,642.18225,631.33466,265.44168,312.2578,47.441696,198.78203,257.0245,314.88965,74.66745,207.10382,174.57755,133.03647,207.29926,402.89145,289.33203,350.0413,592.17896,388.08563,136.65816,159.31792,55.789066,159.39038,267.01526,478.55084,664.0507,204.73383,583.5428,233.86276,392.11356,326.25797,198.5204,44.726986,334.5596,242.2042,260.62756,76.93417,296.42642,324.99185,289.5654,183.015,307.30313,337.41132,577.21625,789.8082,986.1031,747.1046,630.57025,607.09467,572.47064,555.65027,398.13342,393.91263,333.22232,486.52347,394.4072,291.01773,235.69603,398.06894,251.2804,148.83499,281.86673,557.5415,552.71594,346.1514,187.66304,345.9572,403.29468,334.38263,223.15605,172.79419,456.34302,393.40817,241.64024,286.86227,342.25296,191.03992,171.19647,226.69167,170.37592,235.09999,327.91275,304.97015,332.66443,494.21823,598.3009,507.71832,411.58423,278.32443,292.99066,418.82007,641.57184,466.17227,278.1749,332.39188,456.6548,327.2585,484.65414,1012.79126,617.6817,322.15787,193.2665,167.14127,246.65173,251.64447,69.730316,213.50351,235.08344,224.89607,432.09082,211.67665,144.32098,166.24048,364.54358,123.04719,235.97417,207.5462,277.29904,56.705933,182.71,286.37512,123.61995,57.807297,275.1957,329.9576,213.71623,339.8295,342.2028,88.78278,172.72661,201.46967,271.78748,256.38345,92.87663,243.4617,15.959934,262.3463,415.4291,425.79712,524.9644,447.24026,228.82088,521.26587,384.7553,278.05518,441.16852,237.42732,25.4375,Desktop Computer,$Whiteboard$Printer$Phone$Shredder$Google Home$Desktop Computer
567630.06,242608.7,4096.0835,5697.0977,3328.2476,5159.398,4924.1313,2301.3337,2639.5615,1856.3567,3480.7722,15457.375,61089.715,48109.38,8849.157,3504.6204,2974.205,3516.3508,2714.151,3156.0916,3676.2031,3942.632,2566.4075,2332.7097,3013.8228,3777.6526,2672.1565,2788.8152,2189.2437,1737.6971,1458.9006,1684.0105,1964.8295,2103.0818,1118.4868,812.9579,1493.8916,4259.0635,2269.7422,283.8788,413.03748,67.58622,376.22955,730.9202,334.18964,411.75348,324.68213,407.92496,382.90552,618.02625,772.00653,613.8658,536.42,809.7657,509.76614,923.2175,895.16754,583.78503,449.09314,262.2291,345.748,886.9587,1204.2428,937.34595,704.3471,468.5628,399.38367,457.30838,547.8486,344.13257,256.49542,291.78384,228.39413,285.18967,509.35327,266.84802,483.58353,398.16226,295.74973,101.745415,255.00818,96.021866,148.68916,275.0764,418.6376,340.45087,180.62192,157.46828,226.16881,253.75461,287.7811,163.26132,163.7206,314.99612,185.04927,317.70093,424.28915,442.3564,410.88638,401.7694,740.71155,420.45496,142.4706,63.875175,246.64516,299.92975,273.39658,503.35992,547.7548,262.28537,225.17212,72.75813,145.30925,69.5079,304.80493,289.9006,117.28522,84.424225,112.51256,98.96057,164.08452,186.21097,88.735176,272.4617,316.21695,23.712921,197.80664,100.66891,105.72344,98.943016,94.11177,288.67328,322.69907,836.2616,986.6236,26.35152,643.82074,308.57355,351.69077,58.742985,91.01047,151.22435,117.46966,243.46902,389.5891,330.41644,86.202644,94.29164,131.7129,108.204155,226.5482,251.80377,985.93665,840.0454,120.35983,460.91864,242.08054,218.48462,227.90353,72.79029,218.61478,258.99783,126.84922,197.26393,74.18362,126.59226,89.78137,152.87206,364.4991,293.44565,225.68105,124.128525,55.333023,120.12813,363.8068,312.21042,114.65088,97.36967,57.459103,218.50972,324.92804,76.64736,124.00173,312.11798,196.60533,76.02691,42.229225,246.16232,124.89414,84.33364,220.38705,273.33215,154.50307,194.96678,195.14989,238.91989,125.66911,257.20554,240.17175,211.23164,370.5348,444.29715,281.79178,316.8759,387.4133,559.89,520.7419,1453.5222,1081.1761,560.01056,465.8603,431.14636,551.42084,406.27643,157.6481,97.55638,226.92043,231.35464,403.80457,329.80313,343.22577,374.27847,304.2613,17.160994,224.24725,330.87753,244.7067,58.32421,135.7543,223.6444,92.07235,71.492714,51.096836,70.003044,34.659397,66.943054,188.39983,46.269413,127.4789,121.296326,58.635082,48.29198,183.80865,272.8787,246.12471,42.75959,72.18008,247.43593,326.9754,128.05437,173.96947,482.0167,751.9031,602.388,250.15472,263.33548,117.9375,Desktop Computer,$Whiteboard$Printer$Phone$Shredder$Google Home$Desktop Computer
566408.0,240828.02,4813.8887,6646.5015,3363.0261,1982.4146,2292.6748,3470.2827,3392.9927,3320.2957,1102.0844,10988.012,56322.22,42536.69,4943.699,2123.4219,984.4477,1105.8547,952.8274,1716.5801,1655.1837,688.60956,1002.318,153.46303,616.3318,1440.2278,819.0253,1037.4675,928.03815,1595.7448,1169.8604,1011.369,712.1839,407.83594,1126.4596,769.1093,1837.055,4438.861,1872.8497,314.2442,507.44684,129.95416,122.97683,257.93152,164.21344,167.2552,142.45898,196.43907,385.44955,644.7945,450.6276,337.06448,820.93225,1225.782,633.23956,279.2977,404.40024,154.18602,139.9554,342.5438,288.97888,564.9762,804.8049,131.53665,168.98637,128.69902,162.9598,70.96272,322.66925,151.68002,148.56395,313.11346,51.965275,97.56632,292.41763,201.53471,63.704464,210.3798,259.59763,214.36812,202.35452,246.25189,171.96808,217.34998,101.550415,73.51034,156.29681,112.762665,197.04718,273.0537,130.91756,297.85056,439.99014,478.88782,61.784203,521.97046,459.4427,630.5882,522.4066,755.1105,452.77298,494.32562,448.7633,234.96025,283.9944,211.10336,572.30475,293.7684,115.01953,116.953514,337.0242,365.44574,169.27396,361.18365,248.00728,67.01114,136.80513,136.04826,172.77245,179.01488,139.15959,20.043976,27.118296,160.18645,140.53188,9.10866,36.25258,82.55079,240.22977,272.8181,230.58304,328.84976,461.70395,984.6707,1369.7167,143.24866,473.51605,260.0761,91.255516,118.57515,259.7761,299.30713,226.2022,189.83363,244.377,438.02246,485.08942,283.50613,224.75456,205.33305,74.61893,436.42545,956.5454,624.0841,410.58075,401.44003,100.07426,97.69126,112.404076,118.98115,81.15801,58.81859,316.16382,266.5292,242.61005,102.35448,102.791595,85.709496,170.76128,187.02881,167.84665,69.781,219.02971,260.53494,94.34062,180.19012,47.663887,154.64737,72.396034,68.407814,152.8305,45.60547,228.67189,117.87589,262.7238,249.50684,133.11626,212.39096,254.90158,133.42249,319.4294,356.3948,118.811165,185.92828,250.88774,136.87605,150.37384,246.44144,382.9056,298.63403,212.31139,255.04468,204.74773,351.8776,292.3796,1085.505,758.5723,354.57043,478.309,464.5921,594.4663,474.32745,303.16028,336.06155,167.95053,259.04388,60.565014,169.1163,124.272354,216.18361,372.05353,371.43625,202.33223,247.79851,188.46071,140.17499,252.14273,219.91118,230.17609,305.41248,265.1537,310.6183,227.07297,96.91195,106.694855,93.0015,138.4177,116.34932,129.26944,115.86176,275.55234,121.59331,89.5133,124.73278,301.21512,145.82945,316.00735,525.37006,342.59167,130.14485,312.2861,341.3021,162.87527,473.2728,556.356,20.57917,303.5,Desktop Computer,$Whiteboard$Printer$Phone$Shredder$Google Home$Desktop Computer
568772.5,242237.38,4000.9744,4713.653,2740.866,1514.223,2322.732,1524.0619,1930.6447,2303.4756,1827.3279,8580.665,56032.547,42673.08,4615.9155,1159.8501,3592.9182,1744.5208,1325.2501,1726.6908,283.50375,824.0388,850.2367,1285.6422,2707.0422,1671.8845,698.79407,2058.003,1277.3988,1151.9067,1368.2914,594.22675,892.0252,1063.6095,919.65607,275.5611,1443.1552,3922.1555,723.9542,501.69318,707.2104,604.88544,181.26611,522.6674,493.62817,83.32535,400.20798,463.52612,280.6729,802.7051,811.48236,440.45132,230.072,296.0361,1056.2948,735.57605,24.543545,131.29819,113.43448,163.34196,361.77875,642.7672,699.2332,355.08484,286.33594,236.75526,130.55818,296.01288,564.474,66.757614,55.696903,234.13971,304.54492,107.390816,338.49686,306.11798,160.49884,171.30544,278.57394,223.46124,193.85008,114.79519,21.259743,128.59134,223.019,158.01395,156.7612,82.453,207.0158,487.10553,154.20708,372.80518,276.10208,311.31775,562.4381,721.1407,377.8204,400.25668,69.84952,291.62494,556.35376,243.3602,447.70505,304.52426,238.84529,210.39282,258.37936,379.7729,59.772526,140.13799,74.65137,445.5467,479.86447,238.5031,226.8776,337.28894,351.28094,296.5318,206.85455,192.65683,49.58177,41.299232,251.2679,328.1341,281.8747,198.97731,194.155,276.72958,369.98557,288.28906,402.97595,343.28784,498.93295,867.32355,1045.0576,311.97183,606.1628,269.78043,247.29855,150.46469,113.00675,238.67839,176.1715,395.8728,477.64832,79.01787,438.7692,31.919966,531.86865,534.4358,254.23271,271.71555,360.78702,385.19324,437.67902,386.03027,287.5283,155.5255,206.48767,149.49326,222.93097,345.27386,75.985596,292.8659,186.75856,230.84914,184.02687,213.3645,119.145035,96.88657,129.76581,149.54074,306.2711,330.6092,337.99615,518.92786,262.39072,47.641117,213.67505,258.79266,520.40356,461.13086,525.0109,454.3287,343.52756,326.34708,559.50085,484.29956,336.51804,342.53864,309.70853,87.03591,319.21304,177.29402,242.59184,251.18658,209.00963,506.82733,561.73956,191.84103,322.6554,385.65875,607.7542,659.5085,298.66986,808.1752,536.72644,581.3695,150.9888,339.4497,469.2079,565.2907,566.7652,216.86739,262.90982,328.28723,311.31232,467.3,281.10995,155.45302,269.02966,509.73883,296.43958,204.43735,79.07725,105.7377,239.05931,347.16016,341.29446,124.18848,136.77693,234.61475,200.84267,13.973956,77.70341,195.02344,388.02383,418.35513,265.1815,75.38527,262.0565,321.78076,90.17407,139.41261,154.33911,242.85399,221.29845,85.66692,465.982,541.6943,142.70804,277.88214,225.14502,270.49213,322.94357,111.29458,377.34375,Desktop Computer,$Whiteboard$Printer$Phone$Shredder$Google Home$Desktop Computer
568283.2,243187.48,3617.288,5135.7114,2161.0986,2084.159,951.5694,5288.1636,6478.91,5804.312,3731.6467,21752.996,68191.98,51572.55,10652.821,9830.714,6352.209,2843.8162,3048.872,2792.5935,1810.5369,2453.8496,1762.4369,2026.5452,3731.8193,2845.9827,2028.1104,2237.121,1568.6057,752.93695,547.2566,1306.9331,1215.6943,1005.1348,1888.8645,1967.8909,2137.988,4227.5034,3717.1694,1277.7217,1776.2188,939.3894,1601.3666,2464.4963,1965.8914,1001.171,1576.1423,1558.7378,1213.1758,848.1907,808.5328,1180.1302,1659.4827,1295.8488,140.20367,815.20374,253.906,291.2441,1077.916,902.2902,253.66049,868.52905,624.9205,215.68726,392.01233,322.5671,186.89638,463.46265,523.31494,541.1025,602.0754,545.683,720.97003,473.44943,692.11646,869.4762,633.5675,374.20233,299.54825,565.5098,272.56448,131.17616,335.0225,385.30057,300.6395,330.32736,167.1457,198.10541,49.781834,31.726742,179.54454,165.12224,120.88216,222.09615,256.95462,127.49432,248.77997,470.69754,572.24854,331.054,894.0433,927.8659,368.19476,354.65363,324.13916,441.47424,432.68457,402.97125,487.69565,720.27686,367.91943,173.41103,279.07117,354.22034,412.83167,205.04294,164.70004,173.39882,37.66862,58.417522,82.43078,218.92189,265.62955,311.58356,298.13754,87.45843,121.171486,243.81248,238.90526,252.87569,76.66918,478.58154,509.3904,807.55176,1010.1972,257.12094,583.92334,171.87552,125.24932,211.18936,296.79092,327.5446,384.42932,583.76135,206.77332,166.77771,395.91092,285.44168,277.11047,199.9171,306.31543,628.15485,1038.5496,789.5191,464.9803,622.38995,545.456,369.46902,237.4459,113.56792,399.59708,413.56738,271.1659,21.952002,78.530685,129.47946,352.59003,43.323895,199.23247,107.27526,82.8506,365.4119,228.67494,303.00784,413.45837,239.3366,59.195076,195.91196,316.50452,506.62604,438.97815,223.35228,134.06227,99.30626,214.70886,279.01984,343.80115,159.5146,212.28749,209.55528,120.19298,148.94502,371.12268,362.12653,221.44667,385.91702,151.09682,363.3044,354.45636,167.51515,207.42598,99.09584,352.66086,740.6279,639.44385,377.20782,218.91237,1041.9518,779.66956,631.0922,441.10544,156.50342,390.97556,271.23495,246.17851,9.071533,134.48161,387.00378,369.6287,421.53693,219.17168,100.89656,110.058304,358.67648,231.3104,168.11375,113.26877,173.05168,193.67038,401.0291,365.52478,205.95462,53.69446,69.17139,44.494976,137.8259,39.691887,210.7933,333.83856,329.44348,126.48668,105.57578,180.9717,159.92746,113.6364,219.23802,102.331566,46.987152,262.37518,307.08304,527.7662,404.18155,352.79562,575.4935,327.18164,402.60153,304.8125,Desktop Computer,$Whiteboard$Printer$Phone$Shredder$Google Home$Desktop Computer
564458.9,241115.98,4466.624,6029.3613,3324.5168,1776.6539,4275.253,3743.281,3234.5364,3326.8274,1798.4951,8317.874,55511.996,45432.508,4130.498,1298.7456,1275.5011,1628.2656,729.4943,264.09894,195.36673,492.85504,940.7236,605.27466,953.75616,1589.9402,708.00433,1083.0466,877.05365,468.51547,485.67188,494.0501,81.60503,584.9986,1001.04407,575.2034,2078.8816,3468.1816,1238.8363,899.9513,1010.36786,121.082886,915.9704,786.7413,557.0796,299.83987,374.6881,320.6723,202.02017,702.2413,874.86786,379.0595,253.77019,1030.2136,1061.7738,158.17738,353.27902,243.70265,500.95013,438.08313,494.1403,174.96393,470.94513,592.59485,444.7244,220.79738,194.76897,195.62703,197.54715,48.627636,130.00868,77.438324,271.69476,52.3793,310.4204,69.8834,148.65169,162.72388,106.1943,182.97104,208.18819,117.441826,192.73303,190.66118,226.26181,58.300426,408.97458,350.24875,327.6243,240.67099,47.70367,191.34344,174.82306,82.86304,155.41571,238.10428,133.78423,518.25244,744.29675,805.26044,182.67769,158.1081,418.1704,64.5014,599.3599,300.6071,277.962,299.65793,308.5103,250.2839,466.58136,284.5123,298.27087,108.99248,301.7511,86.52544,282.1382,136.938,45.98016,108.814575,100.931175,233.69568,340.0734,212.54184,217.60646,427.02353,344.7546,97.10638,200.32042,363.45038,137.29617,118.40767,226.80609,645.6632,1155.5856,333.53073,402.36975,344.3804,318.59485,285.81546,244.78859,212.55022,241.79727,236.97719,145.0574,368.22577,345.69504,168.70149,296.42715,463.87018,334.57135,356.17004,891.9605,506.87503,393.40326,549.68164,144.93758,253.6954,310.39035,152.05138,88.28872,153.52028,250.28767,219.11407,211.6057,148.75607,85.57434,244.89948,184.76654,336.09296,206.87975,61.0784,189.34001,233.14207,126.60144,285.37198,169.78555,57.606293,295.43826,179.74527,94.37041,28.350597,140.10509,225.67113,251.26366,108.79969,126.42983,160.50871,138.22,168.43932,25.739182,225.2647,264.79782,144.86841,113.73865,110.22103,453.6296,293.90436,255.45418,87.07283,111.3088,40.970997,260.70505,417.87234,95.19153,1029.7764,1084.5383,290.44772,941.3887,639.436,169.46082,129.28447,197.57655,413.3495,422.4516,231.77711,116.8147,178.24731,215.72171,316.47913,258.1407,223.56133,238.48352,308.94238,250.68726,91.168884,53.282135,171.94188,136.51263,71.7766,76.58105,151.19789,118.43279,129.77448,191.36406,268.23987,195.86992,111.000275,224.32565,159.04875,276.84888,186.52843,186.17451,132.15987,220.1236,48.764122,347.4574,445.5362,272.80914,310.07452,650.81696,544.6305,148.71454,412.19055,141.13298,139.00833,611.0,Desktop Computer,$Whiteboard$Printer$Phone$Shredder$Google Home$Desktop Computer
568012.0,242877.69,8227.279,15564.45,9597.699,3390.9329,1560.7201,2288.559,2571.7124,673.34094,2066.9912,15777.273,59718.26,45292.52,4374.451,1103.0382,1482.7167,1882.8141,826.3737,1053.0708,1149.0188,933.5671,1240.8971,1587.0312,1983.5839,2385.027,1256.2485,778.0442,1363.684,1816.4542,1806.7872,1456.5282,1275.2852,453.72107,727.9649,1647.961,2752.7249,4653.2153,1569.237,136.56161,950.5508,1218.0491,956.3087,1152.6163,772.2553,458.4008,345.7306,889.5516,731.909,925.29626,939.2292,850.18317,880.9064,1011.97626,157.8852,711.5164,407.24713,275.12076,172.62973,228.03714,476.18243,369.96622,269.00952,303.54135,238.07707,354.136,610.7201,445.55624,390.45215,235.87398,104.402824,432.64612,295.44904,84.60525,478.75323,179.66768,128.58199,257.22076,214.91795,94.69609,188.99158,133.7469,140.41031,32.956398,148.4409,230.76967,273.8368,164.24251,382.6506,151.32587,67.38936,101.13316,184.29312,116.78179,135.96613,157.0869,135.49191,298.98486,541.04443,592.2152,255.48218,202.02893,307.188,300.14523,802.00793,244.77045,237.16159,185.68074,378.5949,176.61967,139.35793,112.51698,256.96307,163.65778,228.3013,62.741756,108.73919,221.01437,344.5551,555.5266,280.775,217.43205,228.14066,109.30733,159.82973,238.0379,289.66467,44.205784,111.97703,76.42981,403.8222,370.31665,503.44824,858.9262,1140.8241,193.11633,347.32837,298.2355,73.90779,190.16158,162.96384,142.17857,39.219936,185.89981,247.99313,220.43224,59.146095,240.74269,334.53885,245.60243,136.96497,439.78366,667.21045,382.03934,822.74664,141.15968,208.3491,192.85141,171.06659,190.9735,125.384544,210.59064,252.75351,140.91165,147.59143,144.63081,80.3197,304.70715,249.59244,122.06567,122.56395,126.30865,138.48242,52.577,83.34782,48.370632,241.45825,569.6535,322.38437,284.88907,84.38844,218.12717,182.70558,230.33223,177.3166,134.59486,9.55637,194.01494,117.51158,358.44742,523.05505,407.3395,113.37392,171.47522,166.66153,83.836235,325.32968,186.8183,84.27752,209.91853,98.630974,144.28879,288.75,555.7103,718.5781,962.7952,451.77908,614.7102,195.83313,275.34256,68.978905,177.61885,306.1695,136.96512,296.44373,61.44243,14.233145,95.99268,208.75787,145.40302,85.019745,186.04532,234.73045,95.0934,104.76541,184.73708,191.68098,184.74124,171.03352,180.47092,289.892,237.00726,158.27637,66.11572,56.831226,64.85361,228.8114,105.10097,249.6695,87.57018,107.84788,256.76175,386.74966,390.1587,177.79918,102.69418,351.1424,184.87717,120.20055,140.35178,308.16702,396.5781,121.69647,299.4706,171.88737,222.12775,512.875,Desktop Computer,$Whiteboard$Printer$Phone$Shredder$Google Home$Desktop Computer
568404.0,241714.4,3049.1355,5893.796,2399.7996,1817.4102,1418.5723,1678.8441,1352.812,1727.0824,1773.368,9965.425,56703.99,44660.24,2654.8374,1490.431,2320.4407,1576.8165,1261.395,358.1445,712.829,2120.862,676.34424,896.5231,3137.1423,2722.5674,376.12396,611.54736,930.40265,634.9319,569.0777,658.31256,1129.7252,1458.2283,471.768,729.1715,1735.8761,3881.6333,2273.545,345.87106,325.35904,708.25824,600.082,478.5344,601.375,612.6455,593.4767,165.71754,179.62059,615.2071,269.2003,609.0723,1173.6104,491.96948,753.96204,106.77454,181.12843,433.78525,192.14705,426.84805,278.13522,326.76837,711.695,431.4457,95.89758,509.02884,162.25374,128.5983,68.32128,119.82678,341.6489,139.30807,463.6763,204.8443,439.79028,366.73267,306.54846,328.89,266.6306,131.22536,128.62003,202.4583,227.1151,199.78476,265.8364,250.17026,97.98056,219.65842,135.02512,112.93798,172.98381,204.46858,96.71164,189.12317,253.29364,115.52502,113.77039,191.15903,116.470085,432.26978,236.43488,967.73303,939.17834,645.76263,512.72327,408.3639,444.50916,275.07413,431.08292,193.11115,143.8512,94.70947,561.53265,270.69223,113.242035,156.74524,307.27222,26.793646,271.7351,344.43152,262.8567,97.114075,182.80345,238.38208,130.42284,386.29892,187.05719,169.45152,64.14378,405.63257,634.4006,192.52313,273.07123,602.8046,986.6878,214.86922,413.95386,61.000317,330.02814,411.76276,194.22734,236.91399,66.96113,80.868065,98.998795,187.0759,160.90652,234.01624,121.30145,29.878893,95.75972,92.94312,517.1257,743.1082,72.291435,427.88425,335.58667,117.076614,251.81773,291.55396,229.41483,149.2816,93.50722,322.7756,328.5417,74.914505,74.87468,142.73462,116.79888,67.2144,278.56046,157.2762,123.34016,258.51437,161.50388,383.30704,318.21948,260.46817,458.45865,183.55466,245.1515,217.83794,125.8285,156.99615,167.76418,69.22112,197.23534,193.67944,291.85107,79.99329,23.788298,154.99033,32.660263,114.41898,153.47795,141.69327,399.63058,142.98595,85.535416,235.26561,263.15234,305.53207,435.64752,455.7356,905.79486,566.5277,687.5025,726.7218,149.94151,281.74393,74.85885,119.457695,450.67368,437.32465,102.823814,188.62589,278.49747,368.10336,236.67323,153.86919,134.17644,75.08915,30.85907,149.82599,64.155525,85.56377,154.29025,20.01006,296.54498,338.45142,254.82478,232.8674,49.66739,123.7856,212.36191,171.63089,143.492,449.68216,217.75484,102.98146,216.7764,105.940796,50.018238,180.02223,89.532265,153.08623,124.37828,279.3959,159.27695,73.62915,120.484924,201.97707,16.143223,343.5417,743.898,530.3652,435.6875,Desktop Computer,$Whiteboard$Printer$Phone$Shredder$Google Home$Desktop Computer
568604.25,239834.56,2886.3098,1658.8025,3054.8018,4249.71,2417.3474,1153.0504,1743.7917,5881.0615,5328.2285,11499.404,60858.934,45760.07,2584.746,3089.3972,1980.5453,2446.1277,1296.2927,1631.655,1534.077,1759.491,4196.7427,1434.6305,2544.8003,3091.5613,1303.813,1586.4255,1419.4336,1006.89514,1158.6548,1398.6721,2519.337,792.3825,2367.805,2071.1912,2044.2052,4282.288,1645.9648,595.4652,640.2078,841.56256,1440.3842,549.0337,1715.8025,1067.994,789.89764,765.69617,568.7227,269.41245,299.53482,574.40015,1075.8716,1562.8218,905.1727,200.42488,903.4414,885.7959,67.232086,470.72543,672.91754,811.4135,571.6131,556.2636,569.8993,311.8728,468.86264,564.77014,586.504,527.65094,487.65506,503.9699,404.8981,466.51508,446.58456,474.61343,513.80457,482.9316,248.41463,209.46188,202.84175,224.74031,235.12895,108.20759,246.63293,97.972786,309.7852,160.40439,304.47882,544.471,223.83073,233.40146,334.3376,307.54028,454.416,338.2964,130.92093,483.82303,1088.6156,1074.0297,119.45236,893.5147,426.87082,248.08572,365.74576,118.23477,553.5397,255.12132,126.87259,191.41852,491.36676,592.41095,107.64121,608.23035,518.7952,349.98798,525.8035,330.45264,363.6326,277.82227,167.07492,276.7056,148.17973,563.79614,489.4198,403.24557,370.818,366.32184,573.912,534.37164,779.26465,450.3626,626.4633,954.37836,942.298,339.87552,576.3781,340.06558,164.94742,230.69409,105.52922,302.50302,228.9667,123.35575,321.9884,163.2037,88.404366,211.42972,312.90085,290.0068,324.42752,504.41922,841.7947,581.85187,202.82457,85.612625,292.10843,159.79272,421.39044,297.97784,141.22784,76.45122,229.26932,88.6947,107.49216,97.47012,119.730644,83.16583,41.52517,183.9119,262.19333,59.091175,113.53428,159.9334,285.53412,203.73785,266.39743,188.30043,233.02255,270.27142,398.90192,363.3959,165.59367,86.392456,136.07388,203.9449,202.37494,428.62756,359.8434,242.77711,239.16136,341.79498,442.5052,473.05963,181.66515,87.4518,328.11975,206.22716,312.5606,212.12457,94.33287,212.97568,204.61688,181.33194,277.24057,1037.4319,836.7234,488.075,634.1851,666.34235,468.34775,274.13483,293.3354,263.82367,214.50134,202.65118,308.66513,298.95792,47.35646,253.74416,177.16508,142.5241,187.00684,187.09732,316.98953,197.05194,127.73202,258.0733,46.777946,140.15086,178.50523,97.88488,240.13034,266.4433,89.25954,31.110886,218.38188,235.00974,190.71432,19.704178,41.94736,98.26197,194.21173,135.65868,279.2324,116.83241,123.91559,139.6211,174.15347,486.53812,411.6307,306.4843,26.239115,502.1833,400.0357,132.81613,234.59375,Desktop Computer,$Whiteboard$Printer$Phone$Shredder$Google Home$Desktop Computer
568371.2,241924.52,8195.502,8302.049,7925.8413,8318.972,8733.3125,9173.319,9257.086,8272.084,6810.4287,17110.504,63446.02,49842.973,8684.914,5036.3335,3000.2078,1300.2614,1037.7635,275.87796,762.9926,1909.9045,2075.2795,1709.4807,3195.8796,5043.3438,4597.037,2273.524,1085.5948,180.73286,1771.4244,2509.2427,2311.7346,1903.8481,2102.058,300.0655,2655.252,4920.1978,1502.9033,1064.5253,349.67874,1282.095,996.78534,771.10913,1513.4043,1203.0668,416.27255,431.2065,87.60643,139.52069,261.5728,652.3425,328.2703,525.74744,815.05664,641.58673,304.1968,692.7875,424.49304,176.40573,362.8715,177.29541,359.1801,370.08667,472.47055,126.05223,310.60724,350.31366,436.40198,348.67596,189.44992,313.5542,395.8402,565.0448,662.52203,476.75043,142.8093,167.42322,264.78214,338.4934,119.74302,170.36438,165.04585,359.8669,462.45776,233.03926,184.67413,140.01404,265.31052,272.82535,270.3646,350.40607,267.58096,249.7523,218.53328,278.56973,330.80322,572.6497,523.38763,657.8235,1005.60657,437.13266,408.34338,350.88498,181.88147,488.1671,370.06155,602.3674,237.97285,190.39845,173.83392,272.54532,80.52622,357.14328,394.19043,327.93958,202.23662,411.01337,175.29866,96.04387,185.42592,416.5337,264.7515,70.079216,107.65193,392.33167,323.30402,260.5517,557.2962,633.10223,376.29263,316.23575,662.8651,657.39,907.7838,127.089096,414.46222,325.5904,163.27342,333.8638,98.34406,176.44522,214.87485,297.52335,513.7431,260.96936,81.366486,268.7145,155.54918,514.94824,567.08545,736.6874,948.70013,397.5589,243.12358,43.516697,161.80115,157.67642,205.05559,227.63495,337.10587,287.6402,417.8115,562.8813,273.80887,182.43927,82.469086,79.03358,349.3485,263.96732,157.41287,41.155605,206.35693,153.21088,82.39594,174.47961,256.24054,139.5011,59.5977,100.701294,118.20473,134.28677,119.55697,81.428535,65.42906,129.57379,197.60498,307.09567,171.11057,187.1437,428.6583,280.65482,241.04417,536.8082,462.65866,424.8717,204.66928,286.37128,317.42636,208.16357,258.50912,328.1536,362.5664,364.14896,385.7141,770.7033,228.75829,857.3652,358.5151,409.69794,470.9027,188.38606,187.43265,406.3359,443.7663,312.56653,279.51605,402.1608,323.7197,128.26268,123.64981,143.05995,187.10149,131.40927,163.04291,86.60702,87.53317,114.06235,27.283236,209.38037,263.75952,149.75264,102.4903,127.62092,242.60835,242.69461,30.815414,73.71162,170.35495,175.6807,315.25525,154.16522,189.69037,348.5153,284.66827,158.64426,378.91818,321.56204,146.82706,289.5902,244.89687,535.64185,375.15875,210.22743,495.44394,119.23655,88.1875,Desktop Computer,$Whiteboard$Printer$Phone$Shredder$Google Home$Desktop Computer
565892.5,241863.0,2451.7458,3729.8284,3757.6306,4601.6616,2359.4521,2692.4531,1264.7173,3578.4924,2026.8148,11981.434,58777.992,45319.242,2266.1597,2205.0588,369.26248,574.0554,1268.0485,1946.1598,2231.6099,887.5516,1841.7354,2194.2637,2164.7102,1748.449,1443.7345,1588.7975,827.3773,1218.8063,277.35852,1054.5082,1881.2701,722.5564,1132.5502,776.449,1112.3937,4330.634,2197.7349,820.9041,1266.1528,1049.3699,386.60507,990.4358,988.8947,348.96127,909.04285,991.9325,458.92746,440.4706,783.19165,708.2065,1137.7173,1224.0966,539.1886,412.21426,54.472958,491.61432,402.62558,389.69235,474.06104,774.1397,421.95596,109.497536,406.70132,43.569458,236.6955,142.07684,233.47658,196.17598,385.5677,259.9399,264.59277,49.798744,350.42703,553.0241,282.80927,121.92832,359.2803,358.5165,114.575226,156.76028,84.13165,323.0253,163.7012,244.12776,197.40204,287.03433,39.65171,293.65967,396.91205,152.11879,163.5163,442.81143,185.38705,79.28608,197.97202,447.2338,624.00586,714.81903,414.79102,257.1837,195.81573,348.03983,379.11493,126.24715,340.55176,324.518,228.22922,90.66853,326.29303,292.9294,296.04532,69.79153,73.687294,106.201775,211.79988,143.6479,197.86844,183.67326,147.95407,170.13113,243.70442,232.75606,305.49567,193.30473,174.8187,212.29262,321.64072,139.64922,281.6848,331.62216,543.26135,847.2562,1147.0867,224.2587,577.6376,262.89005,111.084366,403.65463,270.3283,175.55743,167.42735,232.25267,163.11057,265.16452,120.66755,311.5841,315.5194,197.04132,442.29477,802.64996,536.0349,314.56802,551.089,577.38293,251.89505,220.27095,523.4259,340.60324,245.1391,288.23294,400.2145,128.2964,175.56361,235.0775,138.62515,261.27402,184.21597,250.67157,120.69724,26.049742,63.090176,129.31142,161.6533,224.06009,256.52548,212.3496,176.234,33.0372,110.63406,278.90704,346.22824,308.89923,21.207771,94.67918,161.35806,216.41515,162.22325,260.77063,236.0738,199.98936,259.99524,433.95514,171.54193,115.19553,237.01613,348.383,133.08073,224.34239,485.87784,229.1249,525.69745,626.7419,478.40588,156.03471,575.27136,872.014,206.25682,436.9745,677.6964,322.92914,308.50616,183.66316,186.44441,236.46999,245.33429,182.5093,95.877144,223.19412,347.21872,271.24594,70.842995,109.103325,252.56802,173.43956,222.10461,117.407104,157.50256,260.84982,252.25008,54.972446,173.49028,82.360886,140.36116,212.05684,108.642136,186.18687,209.02339,98.161804,224.16408,210.51936,217.44373,143.56406,297.18494,241.69414,104.80464,505.52356,244.21991,393.18747,419.36688,234.69423,215.0831,199.50034,208.21184,262.24954,192.25,Desktop Computer,$Whiteboard$Printer$Phone$Shredder$Google Home$Desktop Computer
570017.56,246379.1,2361.261,2429.3303,3812.312,9099.63,8425.928,2508.5483,9007.422,9233.252,4255.1733,18491.586,67843.66,50077.19,779.35925,8206.829,5042.7754,1431.8615,2923.0317,1911.2798,3333.2104,5486.6914,1521.5371,3239.116,2394.641,2143.9368,2502.397,154.40381,1808.2413,2063.7988,1926.6058,2080.205,3423.4426,385.62558,3355.217,2465.8655,2107.5037,4467.1494,2233.183,908.8106,1464.5912,486.9785,835.92334,797.58936,2030.2502,2463.8564,851.52655,1791.9838,1399.5837,1313.9377,558.01416,122.41728,862.47046,840.3757,692.5428,577.1047,99.80009,1037.7345,1048.0209,442.92267,36.30419,1217.0779,1346.4274,461.39496,571.3027,453.1093,505.57224,569.79376,682.5589,321.74084,238.80559,110.350044,448.05392,487.47983,819.38043,435.01996,307.3325,716.314,947.8007,509.69687,283.28745,624.1199,410.08893,116.79803,215.92886,329.64822,157.61295,423.0855,333.58337,327.77896,113.668236,281.9733,322.63956,164.28181,303.30762,214.85756,89.48719,135.15724,312.7755,736.4899,575.8359,243.1521,341.2933,346.73724,363.46542,313.04712,137.6988,308.57254,221.73044,236.59357,388.2434,255.35072,324.35016,167.81401,252.6165,402.1114,365.47574,134.29909,314.265,219.66466,287.33817,293.58713,162.75595,338.00635,194.36554,137.16258,148.76201,269.01938,340.7562,189.34271,187.23692,158.13872,231.33693,643.0795,1100.8236,134.44276,714.23,606.9869,268.19788,183.68668,192.88531,119.31908,69.095116,228.53218,416.49457,182.27829,310.7467,299.49057,224.2762,281.2548,156.84196,785.11426,930.45746,696.221,387.11768,412.01785,256.3225,433.53183,403.1,134.30627,120.35324,298.22214,207.10959,44.22226,166.41174,557.55664,347.03934,176.93848,124.85543,214.46602,177.63383,47.094807,238.58556,174.27895,116.15344,162.36237,285.7174,302.64938,98.68676,191.44571,160.54422,185.70078,181.9862,277.19516,234.21588,172.81375,78.39138,205.9932,167.55089,270.05374,463.0977,81.68101,506.73096,138.697,195.44994,182.65187,192.63228,154.18896,145.72731,397.73337,336.41412,251.25655,173.57268,522.29266,810.29895,738.5156,275.88364,652.46893,409.6521,370.49646,402.84412,411.05978,377.8569,484.152,318.64636,306.58786,107.03934,337.53735,313.75333,178.1934,167.91695,29.234695,65.130905,141.48796,288.80878,302.27615,157.26126,43.751373,130.35776,199.56783,98.46038,177.20074,273.15875,85.20214,234.30885,244.45396,376.92792,525.3248,225.96008,183.61266,361.07047,267.31018,199.03879,121.24179,309.86725,395.8839,137.40547,193.00552,150.66849,286.01193,89.384575,429.4328,673.2836,374.7443,325.72183,507.3835,394.3125,Desktop Computer,$Whiteboard$Printer$Phone$Shredder$Google Home$Desktop Computer
565731.4,241037.27,2780.906,4315.253,930.6597,6694.1113,3390.4148,3857.7407,7670.8823,6244.975,12660.613,16198.031,67367.87,53699.68,9316.753,9830.567,3311.013,2047.9178,4398.53,2330.8518,4645.688,2717.8682,2405.882,6500.4893,5967.71,4376.4595,2497.1326,3228.099,858.07697,1800.1605,2296.4558,1208.6516,1879.0249,1044.0552,1178.0028,1652.4762,2192.7175,4386.0884,1817.9943,1476.6635,690.00964,872.99866,959.3366,577.9455,928.52673,922.09924,727.2565,181.1584,595.40247,1092.6116,216.27017,542.5414,239.68784,672.7247,1301.6864,1036.5833,309.6146,574.29803,898.3646,758.3283,333.41827,1001.8584,1021.7489,712.9913,639.4406,465.80792,243.47594,344.74957,62.693142,346.9623,251.1744,348.2794,337.30124,134.35158,308.93637,245.93758,425.09674,283.88818,255.61342,314.236,198.0079,286.06485,62.8083,287.29617,394.39008,389.0188,28.39734,387.31723,175.6175,247.80777,341.11588,421.81497,319.915,502.35715,166.63249,244.65628,263.59122,335.88034,931.8408,636.1203,416.1865,608.67004,704.1618,493.64462,456.2747,591.5175,684.51886,327.77274,383.23776,699.885,954.5753,604.6248,551.3879,350.25015,657.91223,428.15057,408.3377,435.50076,271.67142,71.97819,94.58349,40.59625,140.13301,186.11551,45.87204,125.37669,101.39954,300.37268,256.86423,162.07791,284.68582,670.7203,589.4899,894.5687,1025.1819,302.12448,568.5489,162.17598,343.01456,256.6571,156.66357,234.65459,167.9516,172.32733,37.93437,179.12146,299.12527,277.0698,157.32356,443.71082,530.57983,730.43915,587.50946,727.2255,356.19504,115.4181,205.5624,55.475258,280.5971,498.72095,258.2917,55.904346,267.50854,78.202614,137.68149,205.3533,362.3544,217.4587,94.4235,209.30333,172.91437,182.48045,51.51793,179.09438,52.088966,170.86224,117.42283,193.12126,247.93637,153.54306,320.8439,270.00317,131.32571,116.510796,150.24408,218.67769,478.35703,449.97293,487.03403,545.0326,575.3804,70.28681,310.08652,98.36535,239.91832,123.514404,221.16026,282.0484,324.56754,391.9931,358.77756,409.94434,418.10294,315.0368,540.0421,990.0239,372.72763,532.6104,535.9309,465.28848,414.12598,430.77258,494.73865,370.8366,361.4468,161.6019,383.317,259.6148,175.60466,134.65594,265.72403,84.06704,237.29556,107.09757,60.923985,127.29769,126.30947,31.658583,93.07101,75.905014,26.52077,259.74786,275.70486,227.5208,111.397285,205.5698,385.8977,343.84018,236.64491,158.72896,148.48985,181.75343,148.44296,147.48872,266.0175,151.4744,68.08376,91.9322,212.78915,100.55316,314.36276,330.41507,132.53981,451.44403,285.5426,158.64746,167.0,Desktop Computer,$Whiteboard$Printer$Phone$Shredder$Google Home$Desktop Computer
567909.8,241979.56,2525.0884,4312.0254,4715.254,7055.7173,5315.78,5797.1553,9169.277,1575.3263,3384.3267,8086.0596,65737.89,52511.297,8478.979,9959.94,5498.898,1523.619,4447.6235,5504.8726,6413.888,6903.4414,2061.996,2837.4275,1332.7954,4527.625,2835.976,4219.432,1065.4873,1789.6436,1006.7416,1952.1593,1502.0823,546.2484,827.77203,993.5157,1979.9751,4987.745,2809.0742,274.94608,1465.99,1568.2693,1224.153,836.07916,730.8302,316.08682,696.568,858.47125,697.3453,1191.8306,909.387,574.13983,1033.9117,1041.3217,1431.6064,1156.5422,416.60434,601.11426,457.74054,285.31436,784.806,838.8824,771.43414,253.36467,111.001045,676.8747,427.95895,428.7647,181.126,484.44244,569.9067,403.59412,79.49176,92.92983,130.3369,205.17413,51.066013,6.129789,226.6063,383.4465,142.53401,175.89268,126.64427,248.65262,126.957855,173.80997,94.36356,76.57435,169.8652,80.13428,210.3422,176.9838,105.936935,157.51251,467.22464,466.57758,616.2601,778.1757,917.918,347.1334,358.63843,328.42316,196.81467,328.99362,466.53464,109.738945,45.847313,314.2192,274.34573,226.99979,190.70097,320.46255,524.74524,323.32693,313.72476,187.29634,381.47968,429.69714,337.62524,116.2862,141.07939,227.1983,33.736855,287.44785,136.23619,103.468834,62.7069,354.36823,446.55038,196.95088,131.2617,204.30011,541.757,1025.2388,1361.8113,512.69586,771.7579,704.4331,343.30478,200.72618,356.65677,200.03238,95.903564,346.73642,39.640488,374.69647,307.89368,126.67844,143.21982,179.44273,314.68042,647.4666,967.6068,456.10278,292.53436,188.21996,193.15788,125.145256,146.51978,97.354546,176.25519,210.69704,196.1513,88.55334,149.97157,212.23627,245.00291,217.74686,465.08475,451.50586,363.42154,120.943756,175.66911,54.2482,12.974039,96.107124,174.90208,255.38269,375.25125,108.9786,85.88176,158.89713,246.09512,200.69041,110.61366,340.20047,150.97185,101.338425,178.90315,112.237206,112.45808,151.91615,310.41458,261.472,282.9218,155.15819,235.80627,117.65636,166.06898,191.40459,77.29398,142.811,236.29002,133.46255,358.5026,730.6964,946.99927,91.67945,721.17554,504.58914,283.93503,436.26315,531.68146,276.07135,319.1966,411.73254,241.00609,353.27393,307.5895,355.93497,403.29337,263.25858,299.97574,304.65897,243.58218,160.96796,179.55501,53.164043,133.26497,185.92964,139.6167,121.690414,120.19461,126.47352,164.53702,155.81741,14.624292,312.15918,330.56943,255.76595,297.3164,287.3582,299.03983,258.79297,19.635801,148.17659,415.96872,560.30383,286.3473,391.99673,482.86755,159.77051,390.75488,146.91347,196.22084,189.96175,225.0625,Desktop Computer,$Whiteboard$Printer$Phone$Shredder$Google Home$Desktop Computer
568535.0,243233.62,5318.989,4828.116,4325.5513,3847.8044,5248.833,5826.4863,7212.4517,3849.5303,7576.845,15230.054,65190.14,49327.707,3011.6052,6641.119,3849.205,1827.539,724.51154,5786.6343,5748.2725,1358.6083,4477.0483,3196.8992,1679.5652,4894.426,2039.8986,1224.9822,2513.024,3192.3694,2285.501,1729.004,2838.8818,1516.9395,907.70123,1471.0055,2869.7986,5833.821,2518.4795,1708.4175,2356.3215,132.6217,930.095,219.93439,1249.9219,745.0464,377.45633,495.15677,469.36893,1046.671,520.91626,915.15704,1253.6672,1073.898,819.59595,146.42253,106.74843,414.0028,367.0296,475.56445,422.79657,591.3631,709.89484,368.32254,456.445,103.33756,344.51352,274.9672,439.11722,32.42965,440.40027,441.2967,81.76136,261.07996,455.1148,530.8797,202.19688,579.2612,616.10846,89.00614,484.05786,260.61014,180.76828,162.03387,89.09125,189.20673,547.3817,381.4481,374.78793,431.54105,258.37814,371.42303,165.80603,228.45627,240.75256,244.17554,160.01456,591.8443,422.75458,373.166,695.4764,614.85284,320.50204,422.20856,287.9973,324.5827,624.3432,603.8702,245.42697,118.32743,174.37045,317.23447,394.772,351.93472,146.6931,59.518116,205.61084,211.11777,157.64058,111.01946,83.94231,132.57697,166.55429,255.64693,120.69322,64.329956,75.30338,193.44435,367.87042,172.05206,63.68337,246.93909,306.76404,613.2216,997.3375,276.66208,581.17255,319.54532,88.383255,108.18448,113.956406,6.1097536,127.62035,302.00766,620.66113,511.6746,187.48001,255.33539,238.89441,207.44283,305.85825,394.649,470.5439,668.7216,353.9064,513.9733,462.35883,381.26465,593.1773,499.44388,56.82406,526.75,415.3237,350.45947,554.08203,296.96616,209.99738,396.07578,341.7217,290.17612,129.17308,303.5382,400.66644,355.5018,65.6179,200.12766,377.32675,312.2637,200.32307,220.60564,7.1299343,46.941734,74.71375,46.56861,249.4701,345.714,274.67606,167.99484,58.521103,149.80264,324.86884,139.93155,236.02734,520.1569,560.4182,297.6338,142.78214,264.71378,132.86427,356.72382,451.14557,352.24713,435.19714,549.70917,827.25964,988.0691,303.09998,325.03555,261.54877,108.39944,433.72702,526.75793,402.43564,252.3841,149.25475,247.16527,263.92813,320.96988,150.6242,250.3319,185.14822,197.44302,107.0146,215.13281,375.24295,373.44998,470.19965,185.60182,261.4665,211.34143,52.926247,94.651634,327.92886,395.56448,173.11537,501.44876,343.2566,94.73257,421.38028,450.0069,513.38605,339.64844,138.68152,372.58115,142.02792,225.92024,217.53139,164.37355,517.52734,308.4044,422.68738,352.6879,556.9046,316.82065,232.12935,294.14142,469.78125,Desktop Computer,$Whiteboard$Printer$Phone$Shredder$Google Home$Desktop Computer
565103.75,239663.9,1442.5891,3070.8762,5203.16,4456.185,6875.93,2054.2627,5245.331,4721.4326,3888.3638,16930.525,62602.84,46279.24,5072.7373,4358.004,5235.678,4593.5063,4692.406,3700.0835,3355.6462,5165.7,3554.6753,2309.289,4373.217,5125.815,2648.7434,1777.0839,1936.4497,2070.0813,1794.456,518.7528,939.9902,1202.1733,758.2981,466.13068,1836.0729,4625.245,1879.3875,1037.5164,1185.2754,786.1398,748.1467,1642.6416,1195.8263,845.6414,950.7971,997.7928,584.3797,192.96764,416.03336,520.27435,824.67053,702.87775,874.7022,419.9345,837.3736,683.1153,891.058,569.0805,802.585,822.2676,1008.6808,568.8552,571.79236,301.32605,347.39557,241.27739,720.26276,449.8456,282.16248,221.60764,421.05655,205.97539,407.51553,203.52885,220.17235,246.43373,424.28745,225.09796,292.45187,193.8869,228.60455,271.84232,232.60152,245.08089,445.039,609.56946,308.3427,33.936726,44.706295,245.0881,284.24585,296.08493,256.17572,298.37097,354.77728,795.5067,459.7832,28.458942,62.2668,316.5754,626.5856,229.34618,232.2516,318.69995,87.319824,444.76318,107.14565,607.83057,292.14722,119.82991,121.85454,242.10294,292.8294,201.4302,82.01702,455.2684,352.36377,140.6971,138.14499,374.43265,114.43514,71.16818,98.51565,205.70879,118.572556,199.11484,132.02763,268.52283,311.31598,327.5285,263.50726,611.0262,745.1944,207.56604,396.20758,140.34396,168.96661,391.41394,390.0409,363.61166,209.70303,345.49594,180.53915,97.17537,201.63701,74.087654,281.77628,486.57443,386.23535,504.08768,133.62202,459.10187,566.88995,108.84749,215.88301,370.29428,57.660744,282.2194,238.44492,249.60608,423.7813,535.95856,372.3077,214.52405,61.953297,95.65404,195.84358,169.70734,194.20004,479.42126,270.61578,82.2765,177.96428,115.19251,90.96187,308.0654,191.77237,390.23764,310.76776,209.31828,128.90738,252.12462,114.935776,237.93268,200.68178,233.77011,279.1536,387.6263,517.58545,462.31744,333.35654,131.05746,203.86684,244.45462,134.15157,140.87477,241.75327,117.58274,276.1126,43.30913,197.82019,142.19537,303.36176,424.878,690.8012,763.9717,798.7297,604.4857,114.054955,165.52765,225.76064,413.09146,249.46063,315.59137,206.58049,235.3403,153.05486,217.19864,138.69786,111.85393,237.98972,413.6613,281.6389,259.78314,248.37372,334.89465,377.8741,71.088615,227.38065,243.54922,273.5032,136.91603,471.56064,355.6099,318.78238,406.56992,224.1596,210.70523,276.53464,122.72219,216.85155,330.90613,243.81934,111.513954,155.125,295.88452,402.67493,270.5806,326.95184,189.95946,673.34357,387.55988,44.323124,175.70021,263.46875,Desktop Computer,$Whiteboard$Printer$Phone$Shredder$Google Home$Desktop Computer
568134.1,245052.72,1661.1533,4354.5522,1197.769,7339.7085,6595.757,7840.292,8201.208,5032.5415,601.0054,15765.331,63755.645,48640.492,6034.454,5181.3027,3953.0203,1405.5997,2246.8958,4012.0251,3358.6252,1587.1969,2507.652,2500.5,950.5349,2343.9414,2364.156,1338.2662,646.6945,2015.6772,2329.242,1370.0771,779.3806,1298.9792,1689.382,1480.2892,1291.5143,3519.5596,1800.5875,1017.9796,734.4176,523.45984,1111.5055,674.59875,284.78076,602.48737,942.2817,598.6083,342.62582,422.9839,541.3605,1236.2257,713.69836,501.05255,1091.7998,859.92377,762.76154,705.65247,545.7354,259.0326,262.0221,468.79846,806.5086,318.36774,105.86732,203.72827,283.10355,390.1905,41.531956,121.08442,351.30054,115.53215,261.8437,506.3011,581.12036,484.90802,398.54443,476.80637,376.03207,79.56183,381.14032,377.41977,283.7108,249.01492,234.88383,290.77716,205.94418,357.47394,319.53683,62.990475,124.601166,136.95264,209.52061,170.96771,244.15219,171.05319,353.91507,299.37366,404.85236,115.49808,404.2718,581.6433,377.71442,491.51456,496.8609,445.3705,343.8963,291.12912,406.75305,484.189,510.34286,116.16384,128.69762,82.65899,262.23547,242.03864,95.02889,355.48114,107.66957,320.24078,196.83667,376.82587,325.6295,46.486576,133.27434,70.173294,296.46017,358.30774,332.25894,113.856026,276.4238,459.57074,497.77332,785.7061,1029.1372,395.6423,552.2317,439.61505,259.84653,119.22095,151.21431,139.40604,212.31999,28.695017,196.43504,175.2262,189.18675,132.9391,389.94034,172.13521,391.4177,479.70914,596.5522,546.54694,572.978,152.45467,355.6795,533.4759,357.8893,43.752308,166.87788,276.26056,364.86865,141.76648,251.47847,133.8519,58.455723,87.26381,160.85011,117.97496,406.3545,287.18515,146.69351,133.45149,159.62865,195.07487,205.27899,82.42828,97.97255,216.22842,85.39449,148.39285,305.10434,200.41855,45.77543,127.74564,229.0973,262.34497,186.06686,299.74124,204.57642,385.8141,162.63333,326.00354,295.4823,176.66977,338.4689,459.11295,429.33298,593.78284,602.1772,366.37323,284.47562,349.81464,832.9417,796.16766,514.62335,828.7047,408.38492,603.86993,595.52545,338.7872,16.842566,174.69302,190.69449,208.81306,210.31671,195.21388,31.73143,217.80199,273.0567,150.92451,138.38603,146.85959,165.37282,259.19986,178.5964,60.122845,173.6626,207.89279,297.5941,345.64185,227.56555,88.164345,346.80136,247.44742,167.29729,264.2514,263.20496,593.7424,264.8534,106.52468,170.80678,111.930435,175.10208,98.48265,136.84389,128.64064,225.09917,254.55469,375.5356,410.19495,319.13788,407.33173,454.92548,487.76022,461.0,Desktop Computer,$Whiteboard$Printer$Phone$Shredder$Google Home$Desktop Computer
567822.7,246254.7,6915.491,4768.51,4073.2903,6690.543,5401.7725,4055.9456,6650.358,4817.752,9770.705,9762.428,60752.855,51361.137,7610.8047,3587.1335,4896.6035,1885.7402,3643.936,2533.1545,893.1045,3470.187,1594.9042,3321.005,3961.5632,2222.6536,932.5266,2679.6433,2884.2832,532.3577,2347.5718,2113.2869,1272.7639,1021.8522,1706.6555,2693.451,1685.972,4671.087,2729.256,1651.5225,1310.5594,349.72745,334.07825,808.6642,750.1647,409.41608,1786.6799,1528.9784,187.93495,1191.6587,1291.4172,900.592,586.1603,1542.2994,1577.1024,550.2071,274.66064,492.3205,1001.42413,1386.507,719.21643,718.2249,1242.2354,380.82312,479.90875,911.0898,705.73065,66.239136,556.2237,597.043,431.94995,413.22272,764.1757,508.85556,560.32275,522.65735,456.79355,464.55637,457.73816,143.97131,599.5064,686.22205,343.3018,318.12543,484.74466,735.48944,273.08206,338.7103,404.1985,300.3717,87.652794,290.30106,146.80888,268.94043,194.09584,441.76773,642.12604,563.44977,939.7645,1008.6609,495.91156,74.3072,180.51526,273.02695,380.7605,241.24033,397.51028,245.67334,319.88922,124.18478,344.65533,173.68376,192.99217,160.16264,280.554,97.7177,395.5706,208.16666,407.55154,674.2585,212.55298,298.05585,317.8289,305.36435,178.47443,196.79991,110.07208,107.42195,56.4787,40.597782,166.9163,359.6467,452.44992,514.12646,655.5509,199.2263,317.9354,146.26631,237.83107,208.93431,79.54121,81.665504,152.28372,179.12926,170.06873,192.44989,121.10968,262.51022,169.04697,100.448715,183.54065,635.5921,801.7955,329.1521,196.32054,381.21484,306.23288,138.02496,246.74254,209.71393,210.65945,129.02242,228.91754,419.00613,180.89926,30.089615,68.49282,103.75043,174.23409,251.86612,137.79796,248.9523,370.14777,397.33023,113.71548,78.62696,104.649315,129.59126,62.916023,157.70924,169.88373,285.62527,364.06808,98.4029,133.41032,175.67587,250.08357,254.51869,208.34747,54.971825,342.56332,259.6678,85.49245,131.14761,69.49789,87.11628,130.6111,76.057884,357.76416,160.90163,66.09606,143.49234,145.71904,66.83416,523.7991,1032.9081,452.563,603.92993,441.81412,711.28925,603.68475,453.91846,217.52676,81.290596,320.62064,368.18347,254.40222,126.38479,71.27627,175.56642,272.2581,275.07977,167.72818,59.10927,138.48326,128.20708,193.50128,228.38063,155.31726,115.96579,115.1059,118.31558,109.37673,214.22226,302.35925,180.65327,99.578064,263.09973,138.72342,226.05002,193.37692,91.222565,196.61696,63.065445,106.99889,62.869057,168.42862,318.81528,377.13748,237.33621,297.5647,164.28014,298.65482,434.5642,503.12082,179.42487,318.3125,Desktop Computer,$Whiteboard$Printer$Phone$Shredder$Google Home$Desktop Computer
565235.3,238125.84,2171.344,2845.4011,3943.122,4556.59,3949.6213,2441.1013,473.36627,3011.8445,2277.0327,10157.981,59676.08,43161.773,2328.932,1798.9114,3347.2317,1827.1617,757.069,1991.5775,1987.1667,20.562054,2534.5518,458.3934,3149.2942,3697.181,2049.8088,299.59937,2165.8418,634.6014,1151.4344,1286.0405,907.0506,320.28503,583.92145,959.42615,967.572,4551.668,2421.2812,1261.5182,700.92004,307.13315,246.90585,469.54788,443.80917,386.71405,385.547,378.31647,528.9885,320.5929,460.63055,769.9427,459.96463,1285.3567,838.4785,493.199,208.79045,590.5106,240.03952,451.93427,538.40814,411.5164,686.9931,378.01944,175.47665,278.31604,519.58716,209.13606,255.69923,27.297554,534.0298,192.4499,203.13785,186.36092,415.7477,300.79605,74.50569,145.8967,317.89938,11.528104,115.08515,206.71513,306.98596,193.30785,139.24637,597.52795,218.76193,189.2123,127.50433,38.716347,300.68588,412.30887,96.21061,191.21881,165.60802,231.48938,231.4678,718.45074,741.76135,508.82114,305.45996,199.78929,183.66516,176.17844,207.30829,202.3417,53.981052,313.07983,67.161514,308.15652,390.10925,120.97771,204.51266,210.11534,193.08112,328.93198,206.87213,312.2269,380.8654,373.59082,228.4609,410.3309,114.86557,109.4096,106.20366,101.929535,96.746025,197.81064,198.1637,75.95532,255.6287,198.24417,518.6596,611.72174,1011.38983,254.32297,517.44904,294.1567,276.3084,11.938111,99.36684,174.12961,340.32623,220.88203,227.02322,89.90761,311.16043,360.7989,74.80175,273.852,794.7482,916.47797,69.86135,93.71367,297.7273,237.45377,72.81717,166.42534,29.28526,333.5279,326.57962,156.638,359.49945,343.90546,58.08298,172.10707,134.20204,78.59275,119.25252,237.46404,101.235374,92.84565,247.15565,235.48946,285.57043,222.42212,113.70822,260.0364,176.83911,189.29185,26.059393,153.61641,68.18796,130.05919,324.61942,164.16618,283.13712,170.89226,74.08655,99.26279,332.6502,145.58162,302.4463,65.03338,206.86928,367.54666,279.45908,379.81012,261.18646,396.68973,427.07028,263.48105,263.05524,488.1811,789.0518,187.21228,292.09775,711.8634,491.59213,179.33171,409.31537,363.3261,371.39932,263.71997,379.67606,329.27896,411.47134,382.91147,225.86745,408.86026,422.81686,178.70335,230.1459,141.2608,221.65923,237.39827,194.65569,198.89088,67.28358,110.77009,192.53354,260.66675,190.15903,255.19098,98.758224,243.90067,286.82928,175.07663,162.52992,204.13223,220.57162,396.67905,217.71758,122.48105,358.3468,268.18274,340.94168,246.2319,447.7991,315.2579,113.2716,305.6108,445.14465,260.90933,143.75941,147.78828,235.3125,Desktop Computer,$Whiteboard$Printer$Phone$Shredder$Google Home$Desktop Computer
570044.5,243870.66,13829.238,11127.416,7508.5933,12711.705,13521.879,6828.6714,8183.0977,5646.037,5113.806,14528.031,64746.28,50739.57,7969.2964,7764.7515,2767.7808,1320.2819,4785.2617,5981.2456,4924.5205,3763.2534,1777.5405,2114.9119,3156.4954,6551.9165,4668.0337,2701.8745,2487.226,602.42334,1002.47644,1090.214,1797.3884,1075.5,1072.2715,1929.8315,1084.463,3325.3328,727.62775,927.374,367.08075,1172.6384,1175.9573,494.9591,543.9143,1205.4247,797.6279,668.37274,1078.2601,1434.8104,425.51422,945.76306,1569.4789,1216.254,1271.7418,1040.6278,112.66519,125.98233,567.67926,705.21783,317.1478,896.60455,581.64264,131.21432,639.1907,825.9211,465.26093,476.163,284.05145,237.24474,439.35635,161.88496,223.17924,41.536068,245.01811,415.242,405.57227,249.05708,350.41898,301.2231,371.115,371.14993,360.43588,179.32071,316.11685,487.12503,615.1111,563.8633,549.7225,251.74258,50.091267,205.99257,409.8839,256.3209,138.0223,219.77132,247.89348,446.987,333.23312,745.7967,656.7642,148.3693,110.48064,429.95575,264.0025,352.81235,579.2715,524.88135,181.4079,588.3534,341.7858,230.31287,236.12302,342.67856,154.07518,148.068,156.22229,100.45071,14.14267,303.40463,235.1798,196.12373,56.32613,143.01393,152.45416,92.079605,293.1147,260.275,308.5553,283.0147,141.86317,150.79851,441.3776,631.8247,1133.1744,203.30708,598.85205,227.68898,226.05244,361.0471,221.19707,84.307144,50.489983,106.787704,146.17374,342.38477,488.653,357.46027,225.45564,642.59247,674.1546,859.09546,498.55295,598.3691,833.31934,504.8511,247.73364,202.1576,114.03799,74.91961,225.3589,106.144424,244.70903,143.8609,247.52806,251.4322,346.13782,150.38994,202.28941,338.9036,383.91376,285.3875,301.50436,254.89783,122.06148,222.63428,211.81398,227.44643,98.81229,166.65353,261.5645,399.54718,223.34892,252.24876,380.5351,315.37512,223.18088,42.443382,77.44679,244.76596,422.2122,160.03328,270.7894,459.46893,462.5078,255.80377,128.00153,337.39893,500.5024,561.7727,139.1905,162.43826,506.7622,876.90875,489.7818,534.4026,1032.0247,782.1813,49.20963,146.62585,255.3047,473.45755,522.1857,167.78992,40.964573,51.550694,64.55256,184.0378,232.97054,279.42087,204.66151,338.41098,352.30515,162.91011,193.65048,277.44168,111.63491,91.120674,39.69094,92.01102,290.27316,218.67291,153.96169,28.970173,72.3283,40.05672,165.06807,265.40112,143.64645,297.41446,303.5564,509.81473,525.0203,236.71819,229.39104,159.63193,194.8043,231.90936,393.34302,452.8179,229.54501,327.0723,123.56513,302.68808,533.7781,577.75867,527.875,Desktop Computer,$Whiteboard$Printer$Phone$Shredder$Google Home$Desktop Computer
566387.25,241379.6,3460.199,6779.812,6714.5054,9167.211,5657.225,6072.558,6093.936,5998.7217,5800.095,16555.617,64862.582,48827.66,1886.9171,7072.6084,5382.64,1237.2167,4378.7905,4235.667,3050.5093,1742.159,2244.6743,2827.0571,2074.7764,2689.2097,1545.4772,1089.5569,1016.97314,3330.8826,1888.651,912.0169,2798.102,1439.242,998.1292,1403.6833,2520.3752,4653.896,2481.431,926.3877,453.0918,1133.8553,1147.2002,236.1693,965.23267,597.276,838.76697,852.7018,533.42285,1516.4314,1077.3453,62.970097,923.2612,1086.6824,1040.4711,561.82214,937.93726,660.24274,183.64986,481.45792,461.85504,174.23137,610.4578,253.71391,376.1074,204.79109,584.44226,676.6869,456.973,659.921,521.34216,212.9874,196.73814,304.27975,422.31537,98.25932,335.3767,339.55017,484.92184,311.7775,253.34259,329.67612,219.77617,83.4633,177.63445,104.4727,60.40358,75.68437,158.58278,99.28013,291.74948,459.69632,200.20663,355.48764,270.31787,422.16754,180.74815,37.23948,715.50995,772.61664,585.90686,231.61342,265.1497,314.25183,91.56161,112.89748,385.30795,478.48218,355.1979,330.74478,379.99136,319.92944,684.29694,533.57733,430.97266,222.05241,108.76959,162.94077,130.59177,77.23565,418.64233,372.5545,233.26808,97.303635,233.05614,289.30786,247.67644,123.3044,191.65521,186.02647,337.82593,458.23254,684.1177,971.8385,947.2803,273.85156,483.21286,192.06288,123.413315,305.25482,368.53534,349.26505,165.85057,234.24693,125.05967,175.58748,23.758432,195.43219,42.08232,391.26654,247.2568,357.03333,959.59937,389.78064,555.25714,437.1554,393.23938,350.2519,277.15417,263.47372,92.815475,115.34636,285.39532,209.29553,293.39462,258.00314,294.4302,267.35556,255.85977,174.48116,35.44885,219.88924,112.96257,167.00945,107.9382,114.06395,85.38351,114.64704,94.820755,252.33585,202.54358,110.58642,158.8713,224.35643,364.8134,342.741,217.65962,263.4986,118.10857,220.00198,361.0365,415.3947,306.9583,283.58365,456.81375,206.89668,221.12912,334.0307,119.73557,196.43015,87.14941,141.71318,207.22066,85.140976,96.399475,809.95374,916.35754,416.59692,822.3466,283.0573,337.33163,455.30148,274.85013,90.719696,153.73494,283.9682,228.18161,164.06235,252.06348,379.32874,413.06537,18.065714,255.48206,244.20401,69.22756,195.44635,232.25421,168.5836,322.20673,292.97794,199.83188,107.3721,140.44568,159.5531,185.97025,152.69559,264.73575,153.0448,218.41315,343.68436,281.64917,97.75453,183.55179,290.70117,210.12926,210.6494,137.93298,289.3889,172.72272,190.59271,595.54987,479.13422,398.5793,250.14151,65.464096,131.6662,35.75,Desktop Computer,$Whiteboard$Printer$Phone$Shredder$Google Home$Desktop Computer
569311.5,243566.05,5054.91,6774.5103,6547.9097,2618.373,4611.7397,5064.947,6395.249,8518.304,11609.527,22397.191,66503.664,51122.598,7131.9185,3756.0388,1718.5715,3204.9587,5066.3486,7008.4824,7457.6587,6167.908,5614.4707,5125.4287,6673.7617,4079.9841,1590.2822,1171.2041,1786.233,1822.5542,691.0043,1438.1566,2818.252,1531.558,1348.104,993.6324,354.01303,3390.1614,1496.9618,367.85782,741.8599,418.08377,602.8513,374.34824,427.3406,795.76825,374.40735,200.07712,220.0087,739.33264,625.3855,279.6559,729.51556,514.96326,1131.8961,1110.7303,576.89594,127.588615,494.10773,571.58673,658.15234,603.4357,235.13475,448.23557,521.7935,674.2585,395.16174,496.36588,569.29694,406.26132,196.57181,388.5376,225.28416,219.93732,332.30334,54.177547,308.11487,668.8869,536.8426,269.98016,275.6431,261.04425,174.82898,261.73987,121.64518,212.09836,293.26352,125.96445,231.60583,182.85616,504.54767,551.19824,259.93567,156.93802,252.36894,93.60685,538.42755,555.86273,341.6123,386.48004,138.4587,175.39217,186.9442,202.05867,153.87646,340.53903,510.1566,477.30185,435.352,310.75336,520.68634,211.39607,242.7682,531.00916,253.84657,231.76935,222.06166,232.6266,168.24695,79.646095,278.46634,211.76698,45.45428,194.53204,319.2361,521.0594,398.02164,407.08893,29.290573,440.2728,382.312,237.51367,205.81042,437.82797,960.1784,179.90793,498.28183,407.91815,236.2292,121.527145,89.08235,173.17935,161.14252,243.38795,200.00995,177.46342,180.61296,139.94588,362.69342,438.04596,451.6555,521.8171,765.8283,376.64212,721.6686,472.3683,350.4096,80.64189,185.52654,292.85538,349.20792,426.1268,156.05725,219.87871,252.74055,172.80685,278.43887,343.09576,102.63738,118.35177,130.34189,142.59038,214.17493,395.6469,253.25385,40.677788,120.73571,61.968597,175.8252,190.37337,134.54472,235.77373,165.34694,176.29475,301.8694,199.85185,102.66357,92.99812,147.15582,98.51708,59.845875,213.72464,306.17465,55.63714,112.72571,236.60603,506.09033,338.13513,507.35834,594.4821,518.3362,498.6946,510.6066,341.54782,190.60336,78.23216,930.40814,1158.2069,123.0447,382.96835,489.37183,674.58484,518.3405,596.82745,374.74854,111.46393,384.68726,518.38763,446.38965,161.03572,261.27518,7.269041,136.46457,208.64117,157.38326,318.83002,254.97081,213.10638,77.28209,157.46065,159.47545,217.21858,120.815636,231.33432,87.92261,174.9659,341.84885,133.93494,250.03844,92.570656,235.94698,170.7472,375.83932,169.30688,10.985251,200.3311,247.65906,424.4032,661.8796,800.37524,386.07495,520.5141,500.85165,518.83905,427.95847,256.8347,32.46875,Desktop Computer,$Whiteboard$Printer$Phone$Shredder$Google Home$Desktop Computer
564151.94,240924.61,1808.9324,582.3422,1942.129,1613.965,5506.0566,7826.729,7596.47,8217.993,8969.834,18791.207,62290.492,46600.688,3631.1152,2939.2432,1555.8063,1175.8298,1049.6823,894.83405,2296.1785,3836.8315,3030.0593,4542.396,3902.381,3756.4795,2534.8264,2322.1953,707.68695,1878.908,1797.8573,922.6388,899.35223,1198.7169,792.89716,851.85504,3084.8584,4783.2534,1743.185,836.7281,221.68404,142.69888,365.85168,537.1997,278.21533,1051.6237,691.02527,271.42175,594.3176,1027.5663,1036.4407,216.04533,402.9039,435.5051,328.1815,104.20231,207.91228,758.734,831.55975,115.55254,720.5528,953.48114,433.06274,241.20383,130.3801,124.15287,253.11304,243.01361,258.81088,544.7738,521.4142,420.12833,262.5359,501.52615,660.1583,130.01596,392.6516,132.21529,339.37903,341.54993,95.44075,119.3014,140.03242,129.09567,143.3282,143.60753,231.8214,239.57294,181.66817,327.97345,75.30049,255.37105,273.01715,390.39264,315.08557,292.1155,217.12556,348.13232,554.70905,889.77625,627.5478,311.56232,434.11856,414.64062,495.22467,146.07904,242.12279,119.73705,35.829678,357.65396,412.96106,39.122334,154.2914,219.65666,302.96475,203.87189,61.986652,105.63008,139.017,443.4664,449.28693,114.22189,113.052475,317.61853,161.07407,50.56565,105.70686,242.03006,514.87384,396.76678,163.026,69.51754,323.3656,985.6757,1399.2542,211.83092,559.4679,349.09155,80.89756,301.5032,283.91104,183.83907,50.224445,143.53365,284.83365,475.28394,419.80624,195.77972,120.05439,254.5188,733.11084,1065.9958,664.157,575.6099,493.6768,407.52454,440.99765,131.0644,88.288216,111.82951,329.24786,455.67917,151.80865,127.5111,315.28378,250.52274,105.53109,194.86374,193.08546,225.08371,277.14716,127.82409,132.1014,401.16928,303.72974,140.38896,134.28075,262.24417,132.2702,136.26788,59.589737,154.86682,183.61623,111.43012,181.26369,201.59499,312.8025,374.37085,265.34805,226.94734,259.37646,206.32274,290.94897,300.85797,162.3508,218.42311,386.94025,166.52463,300.2718,188.12112,297.46402,401.5273,529.43896,628.37976,429.40323,239.19225,724.78876,780.9026,418.1825,376.2776,367.4291,301.76633,180.45013,192.87885,341.39633,318.37134,440.37012,452.15878,426.682,295.31705,237.6166,119.93253,62.967194,93.26965,109.03335,219.78827,230.35167,272.91196,327.2183,117.46496,118.48764,239.14554,325.1921,224.87141,120.06617,16.180798,70.95623,75.32051,255.5524,274.1607,336.04907,234.4574,182.16469,326.89847,107.435295,107.617325,203.09245,255.9134,264.70197,499.2794,671.332,531.4933,311.0526,164.22427,51.704956,199.13959,23.5625,Desktop Computer,$Whiteboard$Printer$Phone$Shredder$Google Home$Desktop Computer
567754.06,245969.05,5752.412,7024.925,5850.921,4622.327,2688.768,4600.769,4950.2183,5012.061,3976.9905,10299.539,57978.777,45477.086,5867.8267,1809.8413,3181.006,4045.2822,4261.94,2645.5718,3515.2214,4512.0684,2601.5234,1562.8917,3416.0237,4111.645,2561.6536,2031.9401,494.71527,1992.925,1679.958,288.47617,816.3936,1503.5947,867.673,1196.4816,86.40836,3839.4087,2478.0972,219.00894,733.83124,1159.9875,1079.3916,593.69476,1837.1898,1216.0321,540.90497,685.84796,621.68304,1327.5784,902.78436,897.784,507.07645,1168.1909,906.2668,457.99533,183.2915,359.5517,246.92392,590.6353,399.45413,184.95018,376.8897,343.0162,284.2969,65.06964,163.24637,532.3811,565.1716,262.65405,535.24146,404.3257,327.2187,342.64136,558.86847,514.58374,198.28252,207.8965,344.0186,117.7926,224.08977,170.28659,123.656105,263.1966,429.81445,435.25333,202.24594,104.92598,37.379284,281.1214,361.26355,179.98651,95.60628,71.16659,310.19116,453.98267,367.84842,141.2482,85.75091,147.28453,825.19617,1001.2476,436.04858,362.21725,518.13983,519.0406,232.36626,389.93704,174.8057,146.63309,276.35126,214.99063,74.98522,242.88983,169.12483,162.79533,230.72157,138.69225,119.70919,295.24002,165.25972,307.51593,145.28288,210.48526,211.5507,94.93031,125.480255,11.965607,149.22978,204.05397,270.23495,233.651,212.2213,725.13,1423.7466,551.3054,379.33008,313.38495,225.95241,174.23454,213.73389,70.199715,202.63298,331.4565,103.70794,267.07697,164.37907,165.75847,161.01662,475.51752,129.35173,449.79413,874.77423,104.5888,578.1776,291.2417,420.509,274.1205,143.17014,109.595695,323.43103,236.31357,358.78085,150.97934,95.13713,105.35008,70.56662,245.18275,256.76358,93.98207,26.238895,98.36887,476.37814,380.59732,105.3287,59.60773,31.18687,180.12207,240.92633,182.13339,295.61752,253.70352,106.99563,305.3973,152.95235,149.21031,256.05435,181.71529,148.6712,83.760345,290.9553,329.55023,445.129,329.76224,375.5476,394.7274,369.37378,319.64886,148.55344,92.46631,124.28829,111.455444,247.9767,892.8552,632.65955,832.2536,964.03467,232.40355,338.90756,328.088,196.6129,215.2808,105.57045,147.90408,224.136,353.11032,333.37845,236.51837,266.7666,30.49804,196.15027,228.72362,140.0835,142.29065,181.4402,193.37173,244.89217,268.55637,340.1864,299.404,93.37341,34.331024,128.53764,235.24738,330.30853,221.36375,130.57014,168.18452,51.04306,121.19906,159.16222,79.40158,126.45978,262.27454,81.20777,250.89388,209.33612,318.79617,307.27432,388.8969,235.7499,224.97142,249.68033,161.35794,225.69594,628.5503,631.3125,Desktop Computer,$Whiteboard$Printer$Phone$Shredder$Google Home$Desktop Computer
570419.3,247266.95,5844.282,5126.9106,10062.657,5238.2305,6863.016,8191.7573,5355.957,1189.6765,1379.7421,9748.313,61551.426,48934.598,8393.685,6046.7803,3989.8752,2266.9136,3707.395,5304.9375,1024.7345,1944.8491,1994.1049,1591.1035,2418.3596,2636.2122,1147.665,1661.9117,1413.6084,1198.0621,1082.3229,1780.6326,3155.3083,1922.1787,2765.019,3172.1423,1336.3008,2927.0842,714.3181,558.59576,604.17554,1109.0068,493.5078,598.16614,1540.6025,890.54224,1153.5411,819.3992,48.00779,736.6751,1112.4122,1109.9768,319.2705,522.07794,898.40955,452.32635,296.40292,786.24194,809.0617,402.7184,1248.3389,1393.7365,1039.4081,826.7409,704.2444,450.88992,199.79248,243.81293,324.35693,394.47345,436.9671,529.5063,410.6015,502.93802,513.75977,497.2295,379.0501,182.42056,159.86218,444.11996,678.4642,690.9098,348.27307,446.7974,194.89655,254.80507,166.58676,287.31714,333.8201,173.97827,213.536,419.37076,380.1971,522.1032,502.58133,319.62488,464.84644,728.0016,543.9438,520.99,798.17566,580.44586,198.42188,357.70456,567.829,579.37634,787.9789,369.563,293.68332,409.593,410.2762,186.35474,441.3255,292.2169,275.16562,422.99973,572.59467,243.56487,327.81433,379.76666,370.75134,240.6785,382.0345,294.1183,254.65195,317.16077,126.672295,267.25687,263.18918,435.75473,358.6274,605.8906,478.87305,851.71277,1067.1361,17.304533,386.81192,203.79085,395.566,239.63864,143.10205,69.169014,149.51035,187.34543,188.87209,85.85454,268.81082,156.0759,178.2068,239.90417,487.23184,738.8707,935.959,474.1067,768.53125,570.05347,113.251465,613.3383,653.43695,660.6912,677.3323,575.6927,217.00006,357.48718,287.22598,276.26477,222.83487,381.3431,452.32095,425.866,303.42953,285.4594,489.0314,293.02258,214.1568,73.17266,104.917046,301.94577,301.02057,388.69083,572.3561,372.9146,336.25638,35.64962,291.0407,240.86821,194.7845,166.61125,235.65271,167.23814,175.59505,201.57634,102.98995,146.13443,123.19981,282.00806,205.30717,130.83037,81.39089,145.27875,266.14337,109.989944,120.51558,620.4116,848.6046,490.28705,795.77295,1026.1055,637.8156,351.22482,330.93814,301.65695,363.02698,402.87967,280.39386,346.76224,332.04373,217.65489,213.86783,306.52237,322.28348,413.18665,168.61427,278.46277,194.36006,160.13052,121.98811,152.23856,187.8751,283.8992,108.61688,35.544308,87.24294,171.09311,105.04526,155.12021,294.925,299.3634,105.34028,146.57016,232.38106,85.12246,223.39502,272.40228,23.019102,233.92668,190.91446,158.37534,129.99992,179.58366,441.79,590.2486,581.9473,547.9085,461.36572,488.99655,435.125,Desktop Computer,$Whiteboard$Printer$Phone$Shredder$Google Home$Desktop Computer
565612.7,238452.67,3319.6794,2857.4348,5577.614,4860.761,7931.0024,3270.947,11595.621,2385.3538,9579.554,12648.937,63344.895,50012.88,5378.306,3648.8179,4318.2354,3560.5688,3613.6997,2661.4995,1166.8243,1965.784,1507.9017,618.1417,1766.2495,4207.75,2367.0427,3496.9854,247.76807,1764.5807,1608.9067,2132.8494,2882.9866,717.47577,1500.5947,2989.2788,1293.2599,4365.663,3025.037,1245.0292,2257.6594,1019.7294,369.91492,238.36784,1438.5448,519.8665,565.24567,684.6438,148.62088,1277.8446,1436.1774,1479.3578,294.12607,538.06085,1247.681,880.4738,583.6543,491.88715,1308.4828,1124.4279,1322.403,532.5014,538.9256,746.045,524.3119,387.81793,229.40611,173.18419,331.08932,193.65787,185.13547,120.00718,136.76372,395.1573,536.6786,571.1814,456.29883,425.8261,507.7787,340.64355,387.11328,438.72244,457.87207,332.14276,216.05432,133.86775,87.21698,321.20334,86.49328,107.809654,53.506348,217.42659,137.91069,216.10568,40.30538,297.52475,364.24722,186.30537,468.5682,586.2221,659.78546,313.31165,401.20474,310.67416,408.12173,177.28139,227.29707,255.03131,163.36598,226.90712,438.005,207.55708,152.94913,327.06512,166.9033,171.47491,120.385056,39.94375,231.83763,176.6466,268.98325,52.876534,283.98032,222.07198,220.42722,114.00327,134.90263,230.36224,69.55398,20.111637,173.7482,351.4844,442.48218,730.2391,1009.86426,263.3145,434.39075,426.02585,524.71564,209.46909,197.3768,322.3967,243.09866,180.07642,184.20192,52.478893,245.21898,312.86792,296.52036,256.0455,466.0144,891.1637,987.5181,660.6849,276.1374,295.27365,374.60715,255.12662,159.07655,175.03212,254.72896,287.4761,176.3188,147.30467,52.240635,399.0153,417.28833,218.50233,267.51688,222.23323,263.22754,216.15163,99.68752,140.78308,80.21666,227.51324,135.94202,70.25813,93.30616,291.32477,259.8895,454.4737,256.90128,287.0391,134.17442,60.39221,240.63763,155.42094,75.24896,68.700294,203.27904,135.12961,199.5234,42.688824,74.2567,209.28775,225.89941,283.14746,531.4033,424.87247,304.6446,555.89075,376.3555,577.8815,661.0963,340.9033,436.20517,576.4632,1241.026,1160.6256,852.22906,454.64404,443.48398,339.76636,258.98624,138.55278,202.53542,167.584,132.54541,237.73404,104.00601,143.25623,62.86816,51.421185,102.46817,70.53409,86.299675,202.75952,79.89416,179.70049,170.34035,97.89551,134.73682,173.03598,107.67719,150.31268,300.55988,434.77402,61.8266,117.103386,162.05827,231.10184,230.6208,244.54453,68.19221,198.37726,119.31805,118.23631,338.72696,297.25867,434.9897,421.01404,80.36289,196.30882,110.37973,342.41925,395.75,Desktop Computer,$Whiteboard$Printer$Phone$Shredder$Google Home$Desktop Computer
567300.7,243951.73,10362.622,12903.221,3361.7114,2366.9087,4023.4077,1627.2324,3275.9685,3385.7893,3470.0322,11974.462,57300.36,44447.812,4673.242,2922.73,3691.4927,2993.7158,2851.6191,2696.93,1735.3552,1302.4409,2273.906,872.77795,3390.674,3344.2236,1229.1047,1898.7053,2177.8433,758.05524,1716.7587,304.48593,1164.5012,644.1343,715.0786,858.414,1836.5067,4343.652,2077.9636,564.2843,772.3233,497.44467,937.4022,1574.5167,882.51697,297.04208,556.3964,382.1745,575.656,493.65533,413.15405,1052.9877,542.6989,463.36218,633.6778,555.64575,645.2596,701.3085,685.91296,509.39917,455.89194,146.67058,330.90875,260.27774,325.31833,300.76175,212.1585,415.05356,442.28668,324.9231,186.38632,54.645218,165.31743,238.0582,188.30698,33.168537,198.04527,250.52228,131.36768,177.36237,242.41144,163.24164,382.51566,233.74333,39.30672,147.00291,110.73632,126.303185,141.2873,343.05627,498.17398,225.98524,364.70624,107.646675,182.08847,369.59897,199.74016,219.96242,309.3008,176.62082,539.5097,614.8458,341.40866,240.08746,676.27905,491.0194,161.80106,358.32355,236.42458,196.44423,307.77957,246.8973,113.3367,65.953835,110.0709,138.93442,226.41177,210.3206,63.57213,326.344,249.07104,90.3353,280.7432,210.93034,190.03568,224.84682,215.6154,151.35701,87.9894,79.05213,234.72664,270.66183,257.6657,671.45746,958.38696,126.74553,533.3601,265.50372,173.74722,146.13982,201.26875,120.89085,162.60385,399.25613,380.09048,215.83089,116.15501,69.887955,273.0684,325.90875,405.74774,719.71027,834.38696,304.44644,304.0039,519.8675,237.44609,62.10964,215.09073,175.50333,245.51883,180.85083,79.95513,114.195885,238.7923,334.20758,161.22787,71.26193,184.5122,82.66231,225.29272,249.70306,240.391,144.64407,107.92581,171.35124,158.63222,170.97644,171.53894,170.39784,77.196594,128.08257,128.85365,214.8369,278.40442,476.9655,275.3074,326.25198,383.2058,289.24957,164.97855,76.9576,163.12903,184.24724,238.73422,322.62537,532.831,425.67572,425.14142,516.34454,321.59744,457.19037,533.0462,385.4471,670.17303,1164.1433,825.4276,349.1668,259.99835,332.09546,123.12363,148.60358,241.71353,154.51877,306.49005,149.13675,77.52673,228.3073,322.12973,251.99886,96.84236,100.63899,76.18778,142.2487,162.9638,125.235565,133.45561,49.452633,96.38615,124.8163,91.072464,56.672073,71.351456,113.71037,213.94786,392.88657,238.54845,89.37553,83.22757,247.28882,196.0452,207.34813,191.58261,366.92874,255.4233,99.74868,233.22427,236.65761,320.84528,139.07578,178.63702,155.75981,196.2272,318.76285,165.36041,474.1168,834.125,Desktop Computer,$Whiteboard$Printer$Phone$Shredder$Google Home$Desktop Computer
568014.5,242991.6,8403.755,12931.406,3431.4749,3245.0425,3016.34,5233.1694,9545.728,4946.592,1461.4653,14208.472,58359.86,43672.035,4762.4663,2256.7944,1542.678,1340.4248,2417.2317,2869.655,1538.2634,2838.733,1197.5894,1205.1127,1194.973,2399.5525,1319.7998,1563.8323,278.85104,1045.3807,997.73334,60.351948,937.4772,658.28314,699.3355,910.30536,2400.4656,5083.5737,2042.8031,319.08987,225.35236,649.98425,889.00336,932.14496,1049.4926,1048.9,951.58856,333.5496,353.54672,520.71783,955.5857,1091.0088,916.02844,165.23845,303.521,344.60477,604.3316,355.86566,392.33597,172.2598,425.91177,834.2883,540.1107,146.80023,181.19435,210.2834,212.06126,99.55178,192.81836,524.8588,838.1807,292.42017,175.40245,369.49158,450.47302,123.733055,27.980108,252.91638,229.54474,115.64027,106.432724,107.45845,312.03583,266.28397,223.86615,313.47964,438.4392,259.9854,177.29285,320.35236,195.04909,444.15466,61.02453,101.420746,90.10922,177.64812,356.05444,146.98515,416.44055,347.71667,419.36307,664.55304,436.1463,615.5336,420.7285,230.78253,388.54602,495.58542,497.04813,270.30576,96.86483,344.4252,143.36337,70.19678,179.62857,140.6088,103.509026,195.6385,253.32451,193.9081,232.31944,183.73445,331.03186,279.04974,144.953,103.076096,93.150604,271.48462,51.680943,387.87503,265.89734,132.20927,272.4029,387.15073,850.9123,125.47247,335.59857,110.72431,132.0153,119.464226,230.04892,226.54984,86.82277,32.180195,320.39783,96.305725,239.20984,262.24167,329.79156,223.88655,320.94467,519.86285,737.59076,413.4813,307.11356,92.095375,78.35999,141.24556,66.408356,153.52068,116.51565,81.82246,300.00827,486.48474,423.64008,122.94457,115.76108,201.64265,250.84946,123.898834,141.65465,42.083485,133.6496,74.50067,358.34872,308.03577,41.366867,258.19916,177.59746,114.45045,149.00032,180.87112,225.40451,241.37816,150.20317,398.2642,300.3344,133.02849,165.63966,292.84134,297.42175,203.8838,69.5731,81.98627,112.93796,419.16165,350.79703,265.64346,285.86057,128.27333,272.0687,404.23236,653.1424,765.80133,920.28845,601.72675,398.69556,765.128,506.05383,140.2291,233.63034,237.68333,406.2638,277.39093,368.87082,284.48663,158.09291,241.13788,99.20188,189.35075,95.44481,396.04968,399.34723,130.68344,124.57325,183.34122,132.5148,87.99882,230.90405,204.37042,34.50671,9.581406,140.65617,142.0415,174.5707,91.861626,277.55792,266.20764,222.16719,221.41933,169.68445,229.68219,190.19972,221.68434,67.56296,84.42446,70.89739,235.90176,193.0692,82.15055,250.9891,240.87135,241.47371,324.9387,433.99365,517.8592,388.25,Desktop Computer,$Whiteboard$Printer$Phone$Shredder$Google Home$Desktop Computer
567679.4,243282.61,10441.492,15552.485,5895.637,2990.6333,4120.372,1147.5869,6984.6587,4030.7793,990.53687,14069.155,57989.152,45135.75,5212.7896,2919.921,1224.9885,466.65485,1324.1147,2045.5366,1099.3323,1425.6461,473.21243,1870.1599,1253.4692,1055.2528,1144.6012,1569.6985,377.4834,1122.4376,638.211,1089.0322,803.00745,977.61523,605.8604,882.61383,1667.5712,4010.3748,1802.7416,632.09937,114.58057,497.01224,1122.9293,851.6139,607.2663,223.02725,773.1636,408.2299,212.54623,1070.3269,674.2314,460.20648,1010.9975,740.7866,742.1636,1159.6433,207.5553,512.13226,553.9498,181.0216,73.30967,380.57663,671.3493,112.90897,249.28308,287.67932,590.4813,481.96658,349.54117,709.4063,256.97397,476.22284,192.36385,670.0258,420.25235,271.94568,68.75843,124.82417,169.47812,261.45343,258.74594,360.11908,205.58818,235.05623,474.99963,286.1142,505.1769,378.9708,307.04288,437.6594,181.25941,386.18805,637.5947,307.09372,306.2175,584.75073,561.3862,176.81174,475.37653,655.37665,270.61816,198.59409,271.60916,148.0133,213.51787,109.828514,162.57948,92.05224,145.4817,234.27803,449.26767,169.77472,66.30343,235.7433,167.83513,283.95468,248.5157,221.59875,107.469475,111.07307,267.1243,283.35825,75.72255,39.116497,130.3797,146.91476,124.13852,241.65698,254.03522,218.57687,449.12277,411.22885,503.83383,730.5735,1056.7777,106.82909,688.3609,415.81686,95.12643,191.18118,151.00713,226.32294,356.93402,172.55984,592.2914,682.3297,61.781796,305.02734,378.2998,342.67715,873.62964,853.1571,159.7963,417.4228,215.17249,174.37726,211.10512,217.3513,245.48344,204.1299,206.47058,186.03857,188.45195,369.5101,180.66852,245.31657,188.46614,202.93832,171.01537,29.919525,51.279175,209.97339,343.54703,337.8028,168.16885,311.05734,232.41353,200.1766,277.22037,130.61789,132.68135,173.46933,310.86575,115.17653,199.76125,349.1062,147.69067,178.80164,14.288348,278.9388,316.30896,91.56819,272.4946,538.4519,559.6434,441.676,164.04266,123.53583,193.3133,116.11759,155.13148,44.985497,375.79422,556.722,393.40308,714.6157,853.8753,80.53215,1008.3667,668.87225,605.7589,470.3854,198.87099,109.496864,64.17266,108.12027,200.14104,327.88705,240.32059,172.65489,52.96537,93.60014,305.57492,223.81638,251.51178,200.17162,226.2407,160.72092,53.998173,247.24997,106.94606,139.96889,80.3445,162.50037,81.98339,63.009464,301.88574,113.871635,90.04741,243.80844,209.88121,143.3323,94.899605,219.38805,152.74767,184.45625,148.9352,105.878075,373.2084,516.5905,268.0839,452.1977,634.1345,508.24142,540.0084,392.47427,262.03125,Desktop Computer,$Whiteboard$Printer$Phone$Shredder$Google Home$Desktop Computer
565115.25,240130.64,8901.465,8036.9453,2266.1995,4031.0085,1698.6675,3901.6045,5773.7397,1431.6879,1296.7772,10669.533,55011.03,41319.14,2245.5933,2897.2998,2317.872,445.51767,679.6222,1544.6069,1912.0052,2548.296,1600.208,695.80225,1859.8766,2943.142,1654.0481,166.29652,600.47455,1170.7441,45.145435,146.10858,773.30914,417.18225,725.72577,194.63753,1961.6018,4186.7188,2067.1394,506.763,533.6216,403.2654,836.4239,471.50446,511.3477,784.1339,527.77405,291.98914,405.06268,1042.1818,808.4289,497.71347,387.29947,395.65915,657.2837,1304.8137,1531.9471,457.46777,80.55241,128.70753,57.22719,320.95737,429.2256,240.33023,467.81558,722.5599,239.78107,119.194824,47.635975,370.33228,311.13007,297.62598,183.36797,210.38724,297.35446,320.36224,379.73575,477.35727,450.76086,392.35706,182.58133,82.9629,137.56529,586.25354,301.5906,188.1001,326.7133,186.89177,258.03018,249.97195,215.64803,680.69507,642.3095,433.53006,240.0196,637.9043,1030.0559,330.2497,330.35715,369.0931,68.30817,213.00717,255.2879,253.03596,141.86955,132.57196,163.36934,171.05774,111.42006,366.58484,95.211044,181.95265,55.062794,405.58594,497.69733,239.99434,117.12677,105.66966,46.33018,143.47903,226.79736,256.84863,115.84578,157.41624,189.6208,66.32429,192.93497,287.61523,310.8303,167.72937,218.76189,228.48749,319.24487,735.5821,1114.9265,30.814274,661.3292,414.1057,156.32246,9.444705,219.92522,119.319824,181.26439,110.027405,372.65753,369.02426,62.932953,122.248665,188.04918,328.7221,349.7545,966.7998,644.7915,356.93716,492.4785,112.12351,15.376921,142.97943,321.39944,247.61722,72.87157,77.263885,111.83243,84.24424,343.72433,238.45657,251.72566,379.35803,146.60686,279.61087,215.90912,152.33382,48.941654,190.75067,93.152794,245.73358,469.68924,311.86304,205.02687,303.05377,90.31468,380.9274,508.76456,215.22107,162.86377,277.45877,267.03412,371.6312,202.78711,189.37643,162.31808,367.04044,427.54123,244.78653,133.07509,164.73016,222.77641,275.57663,105.89117,44.99338,56.64254,146.00215,75.253105,25.295248,293.43246,416.6593,602.7653,1041.9436,219.72195,888.3354,820.3571,584.38196,348.16223,436.24374,401.47372,322.5313,407.37674,222.07317,92.11997,227.05031,166.15106,80.53283,359.91223,382.33972,223.18073,163.09251,339.30563,313.6881,196.52629,64.086975,239.594,285.83072,201.54099,279.08612,203.71451,69.76514,319.4975,506.48547,275.91394,44.821957,222.19731,101.25316,85.15499,196.29321,196.27359,174.45181,231.90767,644.70105,569.01385,125.518326,135.523,233.4368,338.2641,98.23439,24.030487,218.92827,190.25,Desktop Computer,$Whiteboard$Printer$Phone$Shredder$Google Home$Desktop Computer
568160.8,241843.78,11037.628,11621.095,2949.8677,2210.6284,3604.226,2137.325,5258.8174,5381.2065,5068.3696,8894.296,54625.1,43617.98,5598.364,2283.1943,678.7161,817.7952,1515.6821,1119.9133,1069.4403,1268.2675,767.16376,415.46106,1832.4552,1208.7445,911.2829,860.4703,685.0577,746.4903,759.6388,1216.7809,1169.1794,1143.4348,875.0377,878.5449,1596.2324,4034.291,1976.7695,721.3018,694.8374,1010.3406,603.79913,805.6355,934.0421,58.939873,201.67213,264.5641,350.98877,299.33035,442.62625,486.76605,644.25226,344.32114,673.48114,357.05444,863.1329,316.4285,362.61655,346.20712,591.8624,728.235,930.92346,790.0103,618.9316,299.2707,102.23034,233.69572,115.81396,140.67879,277.21957,548.1141,270.25357,254.16405,502.0397,327.84256,177.82732,90.65888,89.60238,115.61288,377.2702,323.3356,368.0982,351.55133,359.81543,184.36833,145.80013,240.59863,185.22726,120.854645,435.79565,644.62305,395.05246,241.46048,521.4064,687.362,797.40155,507.35757,117.51867,492.29565,229.49532,156.99464,99.400856,166.9769,72.797806,299.0705,251.15172,337.15686,241.45866,276.67807,339.35086,120.400734,362.19348,216.18488,85.87464,199.15129,132.45651,114.45988,196.64769,222.17496,284.073,301.45822,312.73505,60.481136,47.802914,182.47345,154.74428,170.55853,172.96564,206.82964,221.0293,244.84198,221.81425,648.5714,1128.3829,269.99365,333.32983,177.19455,375.07446,515.50604,304.40103,128.97525,87.09888,117.05351,131.83084,191.67859,76.94911,309.7571,307.43417,231.79085,490.97107,719.1742,356.1699,493.764,40.59999,97.961716,96.79484,89.35253,313.95285,117.49985,64.7188,141.79245,184.55498,391.9434,258.537,83.78337,163.67563,95.0289,334.83267,262.80035,71.58507,174.82138,39.196575,109.186195,106.50788,155.5382,146.17604,235.52634,126.5278,60.565598,236.93907,204.72581,37.919453,39.888756,27.652544,161.00597,200.97453,387.69623,343.99326,302.6351,189.94122,144.52805,268.7511,370.79446,397.39963,204.62991,347.18176,436.76944,315.24728,194.99472,54.88325,199.87053,213.46346,153.6775,77.867714,126.470505,638.955,912.0538,379.14154,654.32654,348.82022,272.16342,358.33344,467.4744,616.1203,496.05362,362.57968,179.20273,324.48566,78.046684,114.19848,216.28061,244.27664,211.93857,251.60562,55.59005,97.30854,253.69728,361.8283,140.63766,276.35675,251.87646,199.50597,264.5082,172.83371,146.8022,294.0837,363.43054,184.50063,144.82802,231.73048,439.86087,409.55353,338.3648,343.90088,315.7736,483.03467,558.9408,431.86392,290.37125,329.29266,330.1538,123.204605,189.51022,183.11258,313.8224,196.5625,Desktop Computer,$Whiteboard$Printer$Phone$Shredder$Google Home$Desktop Computer
569087.9,243715.81,9297.081,14387.985,2854.4675,7588.3687,4279.3066,2893.9138,5733.07,2505.9841,347.43906,10698.292,56701.527,43400.52,4434.795,3478.7727,2184.305,1151.691,1196.9592,1163.1775,672.69244,860.288,1782.5503,1200.0376,1358.1487,2950.2917,2598.569,521.55493,2113.7686,2314.4226,590.91974,212.66283,1292.2621,723.02014,684.99756,452.17862,1384.2798,3744.3057,1667.6007,559.23505,747.18677,1053.9073,437.50793,220.09773,223.13924,269.49146,388.773,511.39066,395.4296,753.4491,692.12213,745.9045,552.3501,268.58878,753.4757,1164.217,1007.2919,590.76514,565.4546,330.5163,307.41794,167.10422,112.523735,401.15372,481.54376,832.0166,299.53754,143.24678,341.52536,352.64743,316.92685,188.99115,278.59192,282.38522,417.68747,333.00967,216.15132,402.85162,315.46286,93.35194,227.87794,168.83427,115.88441,102.887375,293.97302,406.32764,317.112,323.57437,150.27722,136.4185,146.41718,89.30043,175.39894,157.52693,423.7596,452.296,509.55264,498.90475,358.34387,637.8375,360.96423,92.38208,280.74612,468.28485,143.77167,322.2767,450.13605,161.99727,99.04285,338.687,141.99524,301.59286,245.29266,213.79753,359.03784,228.56572,47.014988,220.30138,146.93108,188.74237,113.28797,203.05496,334.56128,503.54477,296.49008,118.03925,64.1953,121.46518,230.88828,185.26312,123.75638,126.67976,264.55832,777.89825,1207.4401,36.37416,566.44336,498.6047,274.5358,187.3452,176.95184,214.87785,144.99985,269.29913,550.42633,484.60022,196.28114,229.97946,359.29056,237.36058,300.94855,660.3295,710.3181,120.55769,468.6183,472.3227,283.19012,150.54982,176.84584,249.89497,15.915681,119.79902,209.21973,82.56962,160.86296,169.3068,368.63242,166.68335,292.43533,145.11252,90.3054,111.63545,59.70514,73.35727,105.07658,177.15819,137.50061,145.3035,219.4382,153.60007,169.77727,94.37674,85.512215,160.6601,280.4681,168.50398,68.04038,238.92734,236.97238,86.270004,180.0308,297.9499,171.83719,175.53609,439.09543,351.9287,156.68382,81.50984,268.10928,72.40032,195.99918,132.2274,130.91231,145.1936,341.24057,436.20447,1148.1483,1145.9303,294.0883,680.87683,441.32568,466.5166,546.905,397.95425,280.2289,218.51729,260.59537,343.77362,370.6696,363.3682,9.250035,186.84537,104.48643,102.49622,295.4198,235.97574,158.44922,113.674774,321.61877,336.61243,150.40686,240.7438,421.994,339.94922,118.58728,233.04951,304.81464,236.2674,137.6967,171.71733,290.56583,302.6425,333.11624,396.0657,179.47307,207.65912,343.64496,466.1549,264.41473,156.61629,289.40073,270.134,246.25298,337.28006,311.90173,74.42883,238.125,Desktop Computer,$Whiteboard$Printer$Phone$Shredder$Google Home$Desktop Computer
567652.06,243298.69,8680.017,15183.881,4429.779,3370.769,1247.1168,3519.2969,7350.269,5030.24,4356.469,11796.469,57565.363,46075.66,4911.14,1638.288,1001.30414,1151.2616,1970.4247,1371.2097,1746.5254,1279.9152,896.8387,1172.5479,2480.1558,3960.9639,2690.3406,1581.1562,964.9684,547.72205,537.9246,1145.797,1905.2388,982.8834,1628.3083,1106.152,2394.2334,5242.398,2560.135,987.03033,1360.2748,648.4519,493.33127,608.05695,919.7031,1364.9833,793.1304,225.09578,530.44885,950.4686,599.0364,863.6167,334.32718,381.5691,258.26703,590.8995,1518.9929,709.7488,90.386116,273.07425,466.08133,212.90306,475.8993,173.70485,240.37785,91.57871,481.38257,603.37604,745.0357,493.3296,308.05325,126.16135,302.37222,523.56195,635.2141,280.80786,56.38823,131.58606,376.28897,261.10596,20.792435,277.52487,104.247505,147.60886,285.77863,115.84096,151.29453,291.47433,414.0065,316.4759,192.16777,103.28981,258.88992,361.74545,127.8738,16.910217,468.45895,255.36992,363.21005,215.34058,276.79657,146.19579,194.60533,39.421803,160.57233,237.6313,204.71254,176.215,444.32758,537.34204,544.776,211.15886,201.18904,197.17868,136.99254,263.3614,229.13327,309.52267,81.38294,196.7882,57.154102,60.52887,240.67569,190.04762,292.84042,119.21894,240.03766,249.73604,69.736496,163.51805,348.0133,409.5966,257.25668,814.4554,1281.8921,119.42029,560.64154,344.64536,271.2785,113.3071,397.90295,478.3242,521.46564,567.0592,460.54166,361.7508,394.23206,488.09875,760.66125,814.0708,690.1841,231.73146,303.6573,514.665,266.94873,223.51205,337.59637,426.3379,573.81946,451.86423,160.1261,163.91774,199.27805,211.22836,40.65223,129.62582,132.03656,284.20056,340.88248,142.10161,221.80113,240.39307,170.00429,66.66881,264.62967,243.10793,312.23367,386.1653,288.7911,85.286514,189.7256,291.08862,334.18863,387.51804,414.43082,104.233696,281.36584,401.757,48.6955,223.51366,233.5128,311.28168,125.16794,143.42061,99.34237,126.66057,358.97296,377.80597,472.84552,281.51892,135.88538,63.260906,158.81483,312.24893,457.9141,469.71497,611.7485,326.45294,864.4884,209.53905,137.72816,124.56063,345.96878,399.8765,400.2763,530.03357,255.44214,141.04486,251.20291,334.56116,93.87001,241.81192,251.70724,156.83076,219.4264,151.1067,60.936386,196.63635,65.868286,239.3103,255.2341,169.64182,174.3634,296.51874,479.80045,477.93893,111.228745,99.3195,137.04369,177.04663,103.62592,117.93798,169.789,126.44846,82.6435,265.45248,148.53993,300.47833,632.1772,226.55492,157.75735,251.4825,198.39636,130.76613,102.41787,197.49184,320.3125,Desktop Computer,$Whiteboard$Printer$Phone$Shredder$Google Home$Desktop Computer
566703.1,241678.84,7419.347,8159.7764,2498.762,2681.4482,2991.7842,1778.0996,4780.142,2133.0952,1411.4305,14496.528,56023.81,40921.91,2953.0757,2631.4768,1651.8489,468.8581,1122.166,866.97046,1152.7885,975.6126,93.91547,791.7502,2501.8865,3266.0374,607.09375,1066.3022,232.22769,1359.6404,1007.94507,887.54895,1336.3458,1238.7202,1010.2242,827.0943,1371.7773,5074.057,2521.895,543.1554,622.1061,313.53494,367.12097,117.93264,116.37249,308.1051,383.11218,489.82172,480.6919,907.6337,1214.2583,471.9519,421.72815,585.74194,224.85522,972.9376,359.13275,1018.8884,1039.3949,737.0515,200.99408,517.06335,277.1434,282.85922,283.18054,129.57768,278.54285,233.57938,289.8102,337.0519,247.98286,4.6403656,171.0403,287.1,574.32117,148.06348,88.269844,177.7268,136.14182,349.61246,243.8719,304.10522,145.93542,203.85602,211.55344,212.79904,264.33362,385.00214,339.0702,106.43014,213.33429,130.73962,327.21332,652.82855,327.42538,84.48712,494.54865,612.4652,407.8682,359.05884,704.25854,451.988,125.07744,275.8231,54.085136,196.43901,232.59763,505.87164,387.8639,121.63492,300.0469,222.46391,90.32434,306.55524,328.05502,152.65247,385.85266,220.31953,165.36435,347.18326,106.881256,361.02005,420.31793,165.66829,194.0885,237.66522,217.79262,317.099,209.19513,252.22937,435.21024,393.11856,221.4415,447.30945,971.6557,140.7311,609.5537,336.4097,607.35297,400.21423,213.41603,267.46106,175.36993,154.81487,266.002,219.21825,81.4844,159.82741,277.83508,272.62158,405.40845,615.6202,232.25565,417.1506,154.6289,278.87424,165.33055,285.56592,579.5233,375.29254,304.44714,141.60927,160.55574,89.14051,153.5192,34.273632,117.31065,245.97235,247.68138,246.24678,102.73717,120.749275,244.43195,28.915829,117.31498,233.66443,245.55576,134.75215,65.1262,170.31929,168.67899,99.29075,323.948,216.7009,204.12451,205.50473,183.87984,212.82329,224.59329,145.76768,205.38824,210.65765,357.21106,311.74908,49.98172,262.8641,357.37784,266.8742,50.255447,244.27477,306.25937,455.9573,351.62454,590.7365,548.00415,136.99217,320.57297,710.36017,1022.6657,330.37515,180.6046,400.4112,123.66718,270.82922,57.036526,225.49763,291.6892,263.17996,258.39462,240.60574,59.79082,47.126884,247.25632,320.52832,331.02695,289.16925,131.63817,274.1624,218.88626,211.60677,270.32297,302.01205,170.53648,227.23595,301.51697,182.54,283.04956,331.17184,245.31917,347.12442,368.16168,348.0994,315.29935,368.0543,306.324,307.56406,143.74057,165.69261,156.91777,459.71826,440.863,520.07983,214.89052,181.24059,141.97086,142.43889,24.46875,Desktop Computer,$Whiteboard$Printer$Phone$Shredder$Google Home$Desktop Computer
567460.0,241379.73,8870.223,9956.601,1411.0862,2737.4963,4002.6477,1667.0487,4519.6455,1927.3539,3026.4822,14130.325,55990.8,43228.555,4068.8052,1272.7866,435.7102,822.2505,538.7267,270.714,1036.8573,955.08374,620.75616,192.04535,1580.123,2665.2583,1467.7429,154.06221,876.99066,1517.2325,612.84015,184.75047,194.08223,1012.7778,704.6182,404.81723,2304.7012,4459.4556,1516.3693,924.6991,314.01688,570.8167,711.34576,144.86876,401.8794,188.58447,508.9149,123.46312,290.4855,504.71478,450.96997,182.23112,206.26938,163.00218,924.63556,825.67456,422.06912,429.2315,204.73555,602.45337,600.1256,660.7101,717.3753,490.42035,410.68494,274.54724,404.1199,238.61458,237.5942,135.15791,421.875,303.97205,256.9643,186.71841,383.49246,192.66592,277.29395,96.76578,152.0684,258.66092,194.44412,298.43832,110.04701,277.96152,98.12064,82.50926,34.90232,381.19498,80.94234,428.01688,346.50122,297.19324,91.45304,316.3523,326.85562,147.38377,719.39124,761.8458,437.477,157.11139,248.9868,273.97144,181.66441,271.9038,229.68294,50.276302,116.03054,284.80878,412.0136,215.85716,250.79861,46.2862,52.394417,402.52286,336.56534,203.52597,135.43047,79.14305,171.911,116.58772,287.93417,203.42561,230.6841,186.59593,315.02655,63.898685,26.552103,278.12195,286.94656,386.99692,109.95102,244.40855,523.04565,1150.2931,1328.2993,416.28183,480.64648,377.8762,475.35333,130.56067,208.9062,119.51028,172.79901,310.35873,154.79277,198.67787,243.49455,215.69408,226.84656,207.36388,348.6865,872.379,806.97974,165.26987,346.53485,393.6659,79.25499,158.53978,123.71949,518.3634,172.1001,35.40259,159.47781,380.65158,403.46622,233.84462,60.141968,152.13423,211.23781,355.41724,148.42719,137.57841,165.0724,238.64217,170.75177,29.930141,258.4193,93.322945,223.45605,197.07933,120.958496,83.860214,40.72166,99.9337,105.91077,241.365,45.702194,35.36495,79.045364,170.2955,236.76538,256.93774,428.6847,448.3358,391.24487,385.12625,263.82764,340.98492,197.52835,93.87318,356.58237,322.25247,233.7971,341.1378,416.70572,523.43317,576.6785,603.9183,390.86447,971.0492,717.6225,419.58118,169.93443,227.3969,544.50916,391.74646,310.49652,104.84656,103.55418,170.58833,101.23038,87.91788,325.607,194.16124,180.46211,269.51074,141.95102,238.00963,150.43774,68.36046,224.56528,356.34857,470.16772,126.193726,226.29865,213.37543,134.08253,200.71999,115.57846,93.95869,45.131454,89.96886,76.34792,247.30075,67.5997,274.77774,518.9635,700.4089,766.4394,425.2677,246.16306,363.51013,196.90198,382.69693,254.57162,78.42988,13.75,Desktop Computer,$Whiteboard$Printer$Phone$Shredder$Google Home$Desktop Computer
569752.4,243773.55,10528.234,13756.187,5203.4185,5507.1245,3580.5176,5041.914,4768.615,2160.6743,564.5732,11398.558,56807.48,43643.027,2432.1023,1955.1809,370.7392,1802.0483,1688.0884,2067.7798,1462.3025,1358.4482,635.2697,1197.4244,2397.347,3334.5103,1975.4154,290.90228,271.7078,93.584366,1253.5361,803.1596,763.0127,1193.8297,943.27594,216.26566,1432.3882,4436.428,2496.1343,302.1285,722.81696,863.6565,1237.7007,1296.6041,670.73816,251.31393,577.12885,678.0316,824.382,1444.762,992.51495,338.8543,262.39136,205.84575,870.74677,864.5299,934.9004,761.2742,97.89944,526.6052,826.61084,635.8928,794.6817,329.93723,130.40312,438.58377,442.51758,295.7387,172.09138,278.84528,306.18793,260.44925,187.17197,214.16827,322.41516,301.00284,371.6303,369.56094,169.44913,43.983093,259.36954,248.85257,74.19736,143.9846,230.48354,495.06244,211.05519,133.77162,212.79848,482.37595,673.4711,385.2354,127.27138,349.0095,598.61273,447.09006,290.6145,483.0277,682.3474,708.4978,213.76953,152.4083,196.42656,164.24161,94.94077,37.41246,49.57741,86.07553,220.60506,491.79263,477.87283,170.52429,167.92834,416.06714,246.57988,229.6345,217.75897,67.437744,279.26404,326.8236,296.94116,286.21066,157.83319,72.16638,209.49013,163.85045,143.30667,143.55011,183.25027,383.58487,394.00262,314.6778,491.21103,823.3762,1082.2373,207.26953,281.86087,227.88342,253.85753,184.68869,45.642937,74.65714,209.0564,299.63403,293.24716,230.25224,125.270035,27.409561,51.856876,312.93542,619.19226,791.3227,547.79584,604.14795,372.397,162.37979,320.71112,259.3194,269.39404,236.39735,180.93817,178.28708,240.4194,408.85934,242.03525,265.9496,274.38113,316.37436,90.72099,288.53787,179.52399,42.67582,175.40958,281.68616,108.84163,157.93912,223.64015,294.04877,106.795975,187.26105,70.84908,58.252205,34.840874,91.887436,317.16736,593.80066,532.02734,301.9406,183.67122,210.93242,146.12627,176.97089,75.14195,222.46297,195.59119,243.61769,281.08063,236.65343,187.54752,319.24753,212.64682,159.10085,82.98691,207.68558,201.35178,123.34297,291.66043,270.66202,1017.8036,1353.3937,774.06384,352.3617,185.49623,510.13022,555.8233,490.1922,353.17938,280.21762,279.99893,110.142494,59.46,163.74054,74.56518,372.21906,367.60303,284.57773,407.61923,394.14618,177.16304,103.518936,57.593544,44.830826,100.23417,141.30347,224.22102,358.39276,318.51178,119.17147,74.44065,163.79509,276.15247,240.79678,74.47789,307.95514,190.44391,137.3416,420.37866,597.3207,210.77548,361.35382,174.66989,145.59018,157.47766,184.97182,147.38985,22.043104,107.96875,Desktop Computer,$Whiteboard$Printer$Phone$Shredder$Google Home$Desktop Computer
567473.9,240984.92,8670.313,13168.914,3914.078,2480.0784,2190.408,852.06335,2292.567,2582.0935,2481.6794,10886.658,56677.59,43265.535,3028.259,1387.2723,508.33463,1041.9852,1192.5623,562.2877,670.4753,1075.0634,1932.1384,1082.2683,1383.8988,577.58453,1193.0033,2089.189,1938.9276,1937.0793,1220.1669,1217.5378,577.6901,630.6451,333.61127,218.22794,1766.5638,4193.669,1397.5818,230.22775,540.5097,755.85376,539.668,508.72162,771.5232,495.9821,349.67984,429.89273,413.55148,899.3103,1434.8411,659.82983,521.0038,989.68884,424.5709,600.2495,945.207,320.0535,393.77966,580.59686,164.12643,1017.52075,911.83057,494.1616,344.23126,314.027,372.89215,440.26712,726.8417,343.5793,454.91373,481.41287,300.08594,327.63962,645.97797,424.2421,135.251,310.62994,317.24966,257.8357,228.89026,140.4165,218.57451,70.23016,240.48944,550.83624,96.72201,45.470936,135.16025,131.06432,174.82266,279.24884,383.4349,470.43143,149.35036,168.5073,156.71817,236.5784,180.02415,635.0569,383.82016,352.21634,676.3652,218.69652,41.451817,295.39,217.30325,117.12633,301.20737,218.09518,326.8132,503.12662,379.99588,57.596573,326.2779,208.45502,326.86435,38.47273,70.77934,270.7329,262.40784,285.42322,306.86954,125.09406,385.85132,409.69888,220.8812,30.83485,50.609646,343.20456,373.2874,456.85046,499.1196,671.18646,899.1402,191.47134,380.47534,234.11261,394.40198,282.28656,121.3275,80.55096,143.25526,319.51868,219.0006,134.17586,144.97052,186.63898,320.02768,346.01962,361.05435,381.4987,553.4382,335.85364,133.91817,264.90903,302.61374,173.54773,98.56342,234.9119,110.81374,224.66959,284.27832,291.51007,107.338295,61.672043,87.94629,369.66623,234.3748,179.75616,133.5157,501.77463,341.4142,83.39416,211.87906,73.434135,156.51851,365.26328,289.6683,182.34105,305.4489,96.32905,252.15192,60.68068,112.57698,217.1776,74.99818,232.61586,134.34846,63.001713,69.34805,212.51236,228.34175,289.32053,154.82161,103.23386,273.12125,240.6912,161.74307,66.65485,265.37833,230.38518,262.4828,309.137,368.94318,829.8353,254.3164,798.34174,721.1875,184.7823,142.24394,136.9763,190.20447,148.70316,224.8781,121.98625,331.82394,158.03094,88.00853,245.54681,183.84074,221.8827,184.49586,48.492184,339.8519,365.09894,142.12363,23.781797,246.79807,312.6259,348.44614,78.985596,75.53918,151.21724,221.6276,381.0885,207.9212,467.46866,410.86874,95.722786,102.44121,293.70508,381.17578,205.67195,351.18494,383.85986,261.59967,219.8885,462.6186,168.50237,138.09074,301.48163,269.8554,111.17196,151.19948,331.29428,236.25,Desktop Computer,$Whiteboard$Printer$Phone$Shredder$Google Home$Desktop Computer
566867.2,243011.25,7264.751,10815.636,3357.7947,489.6089,1737.791,4428.0127,5660.8037,2810.4844,2575.5115,9715.268,56184.535,44370.586,4670.622,1064.5394,1242.5504,1453.0087,1288.116,1357.2208,1502.921,1604.983,1017.6107,851.8534,1265.1366,1761.7213,891.55005,1078.089,931.2366,1161.5549,1840.7268,912.4395,1090.7666,1222.1873,581.8959,436.64978,1325.0839,3377.1824,1395.3289,725.62164,760.47723,516.8518,356.4759,163.41429,182.86778,84.11329,376.79672,633.3908,623.4161,1106.3132,819.43365,702.07715,773.58813,511.05215,253.91414,798.01764,397.59808,978.3463,510.3744,356.17664,523.56866,415.84158,812.97504,704.7085,405.5197,50.582954,316.6867,352.04822,181.13673,210.22714,398.27005,333.588,340.70782,296.711,517.6178,172.40234,310.64087,312.5311,413.70377,482.07523,85.31664,226.91553,278.9614,198.81445,179.8292,178.2151,51.55908,164.4798,16.905159,75.804955,171.50874,189.23799,266.90585,189.9332,580.6685,858.76086,501.17712,154.01865,563.75916,284.9349,83.5905,202.42719,513.92053,77.634766,223.57195,139.9681,342.11856,418.9339,434.10797,276.98416,378.9536,258.6304,495.3389,444.7842,463.8567,251.65918,90.74435,85.17981,217.13406,153.96483,317.20233,313.54474,239.04533,309.79254,311.62738,417.08362,158.23079,275.98724,213.28493,120.8682,129.87624,52.81545,139.50246,598.3294,1073.3013,224.55652,477.66928,278.45297,71.8022,211.72212,233.02512,339.3535,334.55237,99.22942,112.40491,433.08063,379.0803,541.5667,682.5616,561.2135,521.8807,186.66629,517.9841,225.4495,206.45712,209.18588,429.20602,490.5761,176.7553,285.89713,62.88232,245.88525,310.33447,378.1246,224.14159,216.03403,38.89628,311.31012,152.96196,174.91475,174.24583,57.152405,265.25632,245.70796,162.8162,227.50525,114.61714,112.05355,277.49036,129.94032,168.19984,61.391975,359.82608,175.08786,61.247147,217.69148,236.11731,179.3149,38.767406,193.43372,240.29437,297.566,236.20273,175.93732,296.06323,443.73132,340.37405,529.5082,409.66333,226.34755,243.98111,91.45375,301.22314,511.10565,146.46217,462.97897,694.628,712.9967,466.87866,568.527,395.05597,328.8093,686.76917,320.39398,292.22186,492.3728,399.6361,175.89726,53.932423,163.82024,79.956635,72.15808,29.270712,185.09534,67.962494,244.54854,276.2668,233.75319,120.06178,214.60666,115.40231,357.83398,381.13068,192.19383,220.38899,266.63004,342.37845,130.16246,305.9522,245.6734,141.97404,184.2252,334.75476,302.0644,273.8328,326.13754,212.12653,128.407,465.6957,305.4078,222.4288,300.3624,439.06567,272.27066,60.42302,444.18228,592.6875,Desktop Computer,$Whiteboard$Printer$Phone$Shredder$Google Home$Desktop Computer
566971.4,244085.73,9685.946,11251.171,3429.7612,3985.4385,3365.1958,904.9373,3248.2903,2759.7844,5465.293,11312.766,55925.984,42273.906,2557.647,2284.537,1742.6815,504.0722,473.06158,936.2674,1139.032,1638.444,1069.6382,1005.07526,3217.1565,3396.7778,1161.0295,1077.9321,955.22687,1733.3092,1045.9512,1813.595,1312.5054,731.1704,865.37317,430.837,1569.4528,3774.4922,1982.3599,1190.3834,696.01074,709.701,716.8162,692.7708,739.6604,884.9134,520.7876,517.1731,327.03345,1162.7264,793.2206,415.6752,284.13315,663.0212,991.68176,346.248,309.00613,599.5934,115.439995,417.8371,619.3433,623.55725,586.4622,388.14325,495.09744,625.61426,443.69083,513.62805,408.83752,285.67355,163.55302,365.96326,367.54956,82.33459,494.41745,602.43097,571.69727,844.65106,652.01495,381.14047,465.66385,306.23462,222.45467,268.2919,246.59248,295.76346,291.077,325.35846,327.7871,201.56152,185.00516,274.8585,230.86346,298.34692,263.8259,298.12866,452.68066,312.73068,135.5319,305.01724,465.0419,528.2232,271.24152,512.435,555.5898,336.01202,25.609917,390.3192,520.3174,657.1551,330.4444,323.79962,495.43112,66.23983,323.37057,153.47363,177.96477,57.014164,194.43718,206.3374,151.66774,163.6978,189.4192,91.62784,87.426735,156.18811,202.65878,259.54636,324.049,379.48322,274.45938,295.29776,398.17087,985.55273,1417.5227,209.03856,499.31223,163.27716,72.991264,127.883156,47.759274,116.03759,278.98535,361.32098,238.81944,183.2508,264.229,59.72532,342.7121,607.93945,700.6074,734.5085,169.59698,565.0648,485.1288,189.75482,265.22485,96.45668,342.27017,92.328476,134.3993,147.2462,75.61438,294.02884,274.67862,185.9199,173.6013,70.02442,178.78714,175.40111,83.168106,46.37013,91.00859,205.958,207.16376,122.292,98.81741,52.638874,69.75363,195.17905,229.55846,285.20865,481.2759,324.91605,210.0587,131.02686,157.51689,132.20454,151.0881,248.27893,296.5651,207.56007,135.23543,226.06526,222.76627,162.93668,62.917755,266.47482,130.26355,374.94275,564.0231,457.08466,203.09404,433.40533,627.27075,660.4273,232.85907,731.55133,544.6737,412.17108,95.722664,193.35088,400.75665,371.7815,315.76102,358.1302,253.04128,40.66907,288.8602,360.07465,334.2947,162.9803,113.51271,59.820465,99.072525,235.83842,281.5334,268.2517,204.69327,104.91256,126.113434,238.84233,191.51234,138.41121,53.894753,136.60867,99.16115,91.06466,88.92948,282.6648,218.04843,68.591255,44.279346,162.44888,258.0437,353.57568,210.30457,313.28464,233.23763,274.71402,81.88581,231.52309,118.324844,466.76834,507.21677,142.39764,29.09375,Desktop Computer,$Whiteboard$Printer$Phone$Shredder$Google Home$Desktop Computer
567096.94,241538.14,9692.561,13566.284,4921.97,2612.415,1205.0968,1339.9392,1947.1492,1609.0266,2957.31,12646.744,56753.164,43556.67,3667.7256,1145.9811,331.95316,573.7099,204.10295,654.2019,155.50682,651.86755,699.49567,561.9106,1941.7904,2715.4048,778.1093,323.7879,513.1659,892.4702,594.89435,597.523,1102.8226,576.522,688.3653,484.0165,1280.6453,4043.045,1738.402,252.11263,96.82583,536.5924,120.952446,830.39996,747.36957,625.463,375.83704,381.47226,515.71643,1415.5466,993.21564,448.61118,632.53546,183.7412,762.056,638.68024,155.86452,142.4111,367.22397,288.717,439.5639,298.55005,432.91315,250.08755,63.830544,161.61075,328.07474,121.01699,179.70663,139.78432,45.428032,248.63716,260.5113,220.9977,549.3876,370.16678,230.61346,273.09372,168.66917,71.06273,97.23624,149.78773,82.19135,235.9788,52.789177,184.65233,241.57802,140.37262,340.46402,239.47957,247.2146,210.79797,98.81628,174.9434,214.37878,292.695,398.97723,598.31244,828.1602,421.80634,441.33017,647.57184,274.5484,170.64146,308.4803,193.24538,180.71756,233.89075,250.79585,96.96761,504.8337,470.8948,341.71408,215.26587,365.864,364.50314,257.77512,47.645306,84.0416,199.39958,225.2718,220.45174,191.78502,91.78762,132.83533,81.168144,51.786808,142.07918,186.80028,115.99535,155.75063,235.84679,525.84503,842.4222,1048.9622,131.50056,484.2794,333.47913,262.15402,220.96838,127.048294,279.15073,187.0843,83.97948,155.94559,69.09641,216.68965,318.67795,289.3009,383.37994,179.85344,119.46972,514.80396,693.8472,97.46687,175.4982,479.11136,459.40472,376.14874,33.494064,113.622505,66.51736,94.03988,175.98952,18.009647,77.39725,25.914371,111.11943,135.31578,218.51253,165.71503,76.88949,103.335655,56.236557,222.04735,262.35104,264.84766,58.105404,119.7022,32.017014,91.345116,252.3815,144.23271,94.62834,109.51784,59.8934,82.4877,175.25279,240.82791,92.862434,153.29643,345.09488,182.71274,110.32323,325.537,274.85123,89.93027,354.73935,259.8624,219.8603,161.96912,159.75723,241.86778,237.22379,364.51306,276.13748,644.6724,1115.4967,635.992,506.65784,250.54991,188.35843,145.90431,162.83452,81.88513,119.34562,125.05629,165.20781,124.88185,182.56255,216.69385,66.42098,213.97989,305.09573,332.92886,257.32315,156.44054,258.62927,91.50981,384.85452,323.09796,59.83538,149.0455,121.46305,262.23315,171.11357,7.9261613,240.1819,253.69453,271.8695,182.61913,183.45773,328.34796,420.25446,215.92442,236.97917,271.21863,259.6011,36.99822,273.47208,348.31323,510.06216,261.28885,135.45903,39.03816,194.43369,202.6875,Desktop Computer,$Whiteboard$Printer$Phone$Shredder$Google Home$Desktop Computer
567018.6,239879.4,8361.312,10367.599,1493.479,4093.7944,4642.7217,1487.8737,4096.4893,2021.85,1885.4386,13680.213,58442.2,43870.125,2579.5486,1832.1388,1896.9202,1486.1222,1472.9226,1283.8939,751.3771,1448.7788,362.7701,375.74167,1872.9061,2616.5015,1033.2539,1207.0026,376.66953,631.7314,532.48755,487.22952,452.76904,511.24286,464.1494,290.97296,2015.8849,4276.5894,1759.0438,710.32733,129.88004,402.80963,760.6207,552.5146,808.9041,550.7538,511.6523,484.1106,122.44472,1414.9113,1259.9651,375.49298,339.74738,483.2162,1039.3645,537.5559,268.082,176.83035,295.30655,121.31828,184.33522,830.42804,844.0409,553.495,44.378338,177.49812,307.10117,250.34555,289.98196,129.86064,166.20146,140.06319,249.79279,536.92993,652.25543,208.48102,266.09555,213.4455,514.73663,281.85846,25.544767,283.71133,17.140516,33.43576,160.27278,113.721115,281.31235,179.1992,241.02644,59.88342,122.245834,82.365005,181.73878,100.4218,145.00044,57.90919,121.87888,433.63342,782.3651,393.33652,498.54578,431.82642,390.29962,56.16736,146.67107,105.25716,174.62297,215.34883,494.46423,382.8186,315.96432,291.87427,311.9931,281.48483,151.44733,22.690449,65.69991,123.82332,98.80357,80.731895,68.255714,166.8946,262.7312,195.71025,279.8775,191.3711,139.88399,86.22028,265.13742,300.42624,339.80563,399.5087,568.8815,611.1375,853.9251,86.909874,349.4843,235.00583,216.8571,59.582447,57.49429,253.72081,240.03447,178.83952,185.10094,96.861694,132.20935,299.61343,173.65532,142.89224,329.44727,572.64294,836.9292,119.28787,464.03345,406.80994,344.39728,112.86637,265.27335,22.0984,99.14448,103.3911,291.3744,126.205475,156.05753,121.10961,90.0666,122.737366,247.90634,356.7367,391.94675,265.70584,199.1966,93.66324,186.95786,288.49994,70.03824,151.80019,211.35754,85.98157,164.25656,131.85222,94.39039,93.796814,158.1195,181.29468,260.62076,321.0401,87.99756,182.25269,216.15808,114.108765,188.94858,100.53865,288.67462,51.355988,237.95377,122.17207,150.60815,48.45501,159.60812,119.04771,143.95813,68.4441,258.07013,561.9018,1305.2858,383.48987,682.8096,376.66733,114.89942,71.97307,237.1823,537.77936,318.8664,175.0865,81.53113,42.69965,237.23106,315.7982,170.73117,175.01608,224.72783,344.7409,328.2055,170.60527,140.53085,104.38283,206.19215,407.6535,174.10623,239.73537,285.53156,228.76175,60.167763,32.699963,14.396416,45.760853,150.48206,67.48955,218.465,196.84656,50.754013,107.86952,171.98643,132.67838,197.06718,212.81732,252.523,309.73016,532.5027,224.15807,495.73074,333.41763,210.23279,276.96036,276.28125,Desktop Computer,$Whiteboard$Printer$Phone$Shredder$Google Home$Desktop Computer
568586.3,242748.44,7725.606,8225.15,3233.0027,4296.637,2446.7075,1178.0426,4032.282,4747.2344,3966.112,7682.6396,55381.188,43091.047,1817.2101,2975.1501,1740.3654,1027.311,593.32635,1457.1594,1972.7931,2493.494,1443.2023,1041.1718,1991.5232,2934.332,1353.2451,1375.2744,1762.7115,875.87415,595.1909,366.17828,357.40625,528.51996,706.978,667.0113,2516.2131,5101.267,2495.8252,415.91086,506.23022,284.62875,117.85663,451.1507,273.15848,339.34885,98.252045,196.08154,346.2966,582.5578,390.0913,572.50867,674.8808,925.13684,630.0931,693.4519,614.97925,326.66034,373.5459,500.60086,741.8054,324.69296,169.06429,50.412216,355.06067,252.40608,104.946915,139.49753,499.96918,436.34503,259.35083,230.69089,277.8073,85.22376,853.5987,627.34454,169.58104,407.8519,173.98257,283.0615,97.02903,301.07962,334.946,181.49532,115.53055,310.4182,293.30466,22.084637,146.96371,228.19832,92.3748,152.9294,310.01453,122.73924,92.31656,166.7727,158.45105,179.72511,1034.1383,1139.9279,512.0982,412.3933,385.72653,301.63043,201.63234,137.48938,179.49925,167.16246,279.48816,318.62506,172.01823,257.5696,66.35241,102.38307,75.3294,202.54144,204.03761,90.90401,243.07365,324.62692,243.08174,48.497013,27.528728,175.2525,190.2613,108.18176,69.82623,313.10654,368.7928,297.96155,253.62625,244.91202,251.37292,636.4951,1162.449,352.68457,406.1699,372.28494,357.2812,183.61082,156.92159,75.19698,108.3992,93.30183,106.7374,175.79652,113.97328,286.57855,190.31818,161.27144,289.15283,680.79663,826.7699,504.30698,577.04126,151.52933,273.2247,354.83878,293.98004,147.59677,68.443985,255.68893,399.2244,226.97678,142.89693,135.40605,209.08392,148.08278,64.905876,50.558727,138.25076,70.414215,295.84915,466.18573,254.23474,141.60439,202.86969,190.09978,153.81429,124.58712,249.8938,411.6116,336.80542,293.2998,213.72192,160.6718,123.6142,126.62024,106.22899,228.87537,355.30527,221.71396,196.27692,434.95636,440.34354,277.47064,87.529594,154.11258,188.19313,355.43372,305.178,225.35423,524.012,560.5585,401.5286,571.2676,107.8403,879.6503,546.1535,790.6362,465.51868,178.32692,109.2129,228.71231,111.02754,110.27094,322.85443,304.88763,102.816605,150.9907,242.97893,168.23083,158.4265,292.01276,27.277605,164.76018,119.86491,45.976696,153.72401,312.93552,199.41357,271.22073,134.08513,204.30432,273.19073,113.55853,117.69436,161.75871,188.65192,293.2783,401.8726,373.61694,297.26648,268.71365,145.2859,170.6741,79.74042,37.2483,102.015465,289.46338,520.18256,215.92046,214.61336,99.166504,235.26785,166.70323,4.8125,Desktop Computer,$Whiteboard$Printer$Phone$Shredder$Google Home$Desktop Computer
568658.1,242742.02,6499.2456,10324.652,5174.134,6906.923,4674.2993,3384.9863,4860.3247,2383.0503,694.47266,12095.945,57436.023,45065.008,4880.1045,218.64023,713.3784,566.32385,2561.9941,1815.6853,386.75797,1799.2485,3194.7273,1529.2317,2200.2874,771.86456,1314.8142,1279.0472,358.97067,1236.2638,1063.9656,776.1746,620.85754,290.50537,505.03305,626.3244,1787.6981,4804.1914,2255.884,893.25195,935.3731,803.4815,375.59006,313.8432,564.1868,303.3397,809.5987,505.38324,443.97595,998.59644,754.45795,222.65259,737.87573,584.1508,1215.0302,393.23517,798.6215,871.7542,530.85785,620.69543,891.0114,739.72015,491.55447,640.6924,279.61127,188.24734,70.8805,259.36633,232.37949,140.72896,126.43517,348.5827,121.237656,472.2512,739.1955,256.31433,144.03113,257.82306,173.5041,186.08772,291.6042,128.8113,109.63835,31.2056,38.59698,80.96873,446.37442,275.404,416.68933,362.3081,267.187,365.19125,480.93036,384.6274,366.08228,347.12668,340.45944,600.93445,837.8832,243.32393,202.77893,214.7417,105.638855,348.2309,374.49628,463.08142,322.8267,138.95836,340.615,70.13949,531.21906,456.09567,283.0814,204.57578,284.62546,352.46643,423.9112,212.42273,130.92165,475.84058,148.21803,134.7497,102.980576,143.03842,172.393,161.67114,177.86356,438.43484,620.23724,508.59293,211.43639,157.33374,277.30786,814.9998,1049.023,228.49228,578.0502,320.49832,148.03413,295.9294,275.33047,23.185825,157.69162,204.19702,102.614815,61.771267,390.26874,430.1912,249.38309,192.3965,136.02142,707.69354,1074.7859,308.8776,392.3847,394.24234,292.45056,160.90329,60.05855,20.405325,231.86328,304.2172,81.29851,19.716757,254.01189,246.13571,94.86831,139.51076,193.96349,208.98842,225.82564,239.85309,117.800934,251.93733,284.79276,88.86023,166.83353,213.15308,286.93253,246.47588,343.416,100.420105,183.38252,119.9054,197.17812,241.09914,135.73843,258.1749,224.83044,115.514755,81.70756,186.19983,316.525,267.2177,153.69104,287.60565,380.80466,298.62982,247.6493,191.74002,461.42355,316.0431,77.96498,73.98538,279.06918,620.29834,1105.3643,149.41177,1076.7706,1078.6267,369.08075,212.70377,204.6103,232.22269,257.93805,329.1458,59.23903,91.60057,45.381477,164.04439,136.51006,290.69785,252.81308,68.42431,447.98544,287.09457,201.29547,82.09237,146.77393,169.86665,217.65933,137.34555,205.79703,75.25587,117.65013,217.15924,240.87947,130.11807,161.42879,125.79091,206.56984,213.45868,151.4159,194.93188,312.67075,211.24727,117.040855,43.190865,224.54181,549.49475,557.2913,65.255875,374.80405,153.29552,229.97203,144.54704,28.25,Desktop Computer,$Whiteboard$Printer$Phone$Shredder$Google Home$Desktop Computer
568343.5,243312.31,9981.313,13651.162,3762.8503,3322.2703,3475.6885,3700.402,4814.088,1892.0723,2911.85,11722.461,56455.742,43057.062,3614.6394,1411.7891,2490.877,3341.7583,1460.817,1835.0171,2011.1532,193.63597,1472.0585,978.32513,685.47833,2550.43,1814.4865,421.3613,233.5915,772.7834,570.4461,880.4326,458.27774,1058.5834,956.25214,801.0747,1572.6671,3905.0493,2127.4966,666.77844,881.8782,596.48285,668.827,1018.8737,319.0173,193.30789,615.5209,117.063995,166.58434,603.50464,679.0705,335.8802,329.27567,585.2893,1106.0791,54.97767,537.6537,515.82916,205.95149,450.33932,249.40686,680.03687,674.6584,655.37103,448.07245,60.20649,415.87894,414.14548,520.2633,460.95627,515.4086,479.87598,495.7952,697.9988,387.32965,257.6831,353.96927,444.92197,246.17729,191.76265,60.552814,330.00717,512.1134,372.71277,161.57509,256.15692,248.2607,77.29526,214.65028,211.18344,72.934296,238.60052,388.60254,224.07684,289.607,355.39362,587.4366,800.439,234.33446,213.54636,67.70374,190.0971,359.77252,179.8399,139.40193,87.00241,37.03682,167.91232,221.046,503.09158,377.6262,69.543945,169.28156,199.88942,167.7521,133.89905,223.75261,167.90007,249.04922,30.323189,90.0717,191.08186,165.50253,247.02982,182.51717,300.67902,332.71387,289.95325,305.44247,232.52231,240.40169,437.96704,423.9676,644.3311,1124.2341,86.520836,668.0034,463.00345,357.52112,334.50458,477.97046,377.78314,225.01642,84.439674,15.845366,163.69116,363.6023,118.75711,336.0991,401.20285,565.748,764.94464,225.73834,556.9836,93.43966,145.40144,127.41583,241.16841,230.2573,237.45985,117.0548,16.221806,132.82825,36.465897,259.32947,277.97708,143.228,221.06398,221.82181,224.33484,235.61662,247.32106,193.55345,170.36647,188.70482,215.63025,111.8195,223.64227,65.71813,114.63015,191.87474,56.076405,109.847,183.04628,168.3958,393.37872,285.42532,68.576645,148.73882,42.207703,108.303474,306.74866,394.30435,510.98755,509.06442,396.03552,299.6574,402.8172,501.9457,516.5262,166.93817,146.23099,230.07709,399.00854,336.20584,432.02408,602.73676,827.4529,471.4953,284.28705,483.34427,173.59013,203.16702,206.8986,113.76124,115.08631,353.8669,212.42535,221.46126,200.15668,147.26259,267.5603,281.03595,472.9551,604.1636,257.29025,344.05664,275.27615,98.56669,251.43703,338.14816,15.979101,241.10039,169.03534,288.8301,280.9929,296.1956,373.2579,170.90709,172.53438,282.0828,141.53249,13.347753,19.56753,255.6173,286.02856,505.31693,309.53336,233.56165,404.20874,266.25186,371.03268,664.5499,291.26947,367.97852,311.3947,166.03125,Desktop Computer,$Whiteboard$Printer$Phone$Shredder$Google Home$Desktop Computer
565857.9,242229.05,7429.131,11212.286,1140.3297,2107.8135,2163.4692,858.3152,4672.486,2448.961,1369.8114,12717.205,56918.484,43776.152,3810.5117,406.37207,674.9264,1208.7664,1871.244,2111.2637,650.62555,1403.2083,856.80444,356.88156,1952.3992,2421.1365,718.9579,618.3066,93.807396,924.5742,494.41785,780.72504,1135.9377,789.1943,735.98035,733.85126,2090.42,4385.8726,2291.91,779.6253,385.666,257.69913,299.51382,689.495,443.08157,308.82117,373.80893,181.25388,598.2212,1011.21234,699.27893,309.3927,500.36978,282.8669,957.0049,619.0794,201.36037,243.15056,158.92542,94.872894,248.55244,405.5406,616.5225,65.07285,208.19936,130.60555,181.77614,98.59395,360.28363,504.21945,98.1069,238.88623,449.69522,321.6915,248.23184,159.41203,214.09787,126.91507,312.9213,217.54938,70.10517,33.017708,278.8342,494.51663,268.40744,135.2402,425.98096,370.01648,476.4933,340.39658,125.24425,241.97859,199.08484,280.4176,442.67657,488.5128,698.1171,651.7562,119.1043,311.91385,518.2875,222.39603,387.5273,203.54688,124.02172,230.07216,193.58385,400.53897,400.35507,435.43005,176.84004,72.03701,137.119,303.5655,132.0404,143.678,438.89798,366.4615,185.62814,144.02719,92.339226,199.83682,146.13853,91.22724,161.98466,236.20348,174.18001,146.07204,269.2761,152.5202,129.48965,308.42603,684.0338,1008.3603,1199.6381,157.43556,643.6796,287.45996,184.4232,106.13875,187.52043,191.67397,82.1392,85.77422,274.50122,347.27808,135.06857,284.38147,508.81253,456.90497,464.1638,605.8487,97.20923,323.3471,334.40854,224.93517,189.12,258.1637,119.34577,425.47195,333.70984,231.12901,158.73393,115.4907,160.23436,129.46863,327.0954,263.7861,196.40825,129.39642,177.10684,140.30232,158.2433,177.38702,179.33958,407.28195,290.71207,102.67766,109.41377,140.3788,202.7396,284.07584,409.09653,460.19882,393.38092,217.90279,218.44693,212.34421,20.994738,65.938126,74.06274,147.90523,51.72076,320.55508,328.13074,285.81763,454.0038,444.2516,430.33307,570.27844,463.1179,166.18535,124.71645,330.44653,96.47882,853.23047,287.74115,460.88284,268.0724,268.1433,257.3928,368.3761,257.67102,114.70613,53.749176,139.16101,216.50858,362.2843,194.37302,85.586845,165.45297,212.05661,86.92402,136.66849,157.54552,82.34674,161.42545,189.9698,224.20143,91.31583,273.604,242.43295,237.56259,46.295357,134.23602,57.10114,293.11084,287.64252,104.21297,200.8029,109.10954,192.09288,217.8297,138.27037,191.8455,226.98885,60.600674,194.06946,339.2794,209.52267,172.89412,206.14848,428.20004,570.4409,252.04648,442.82355,295.5,Desktop Computer,$Whiteboard$Printer$Phone$Shredder$Google Home$Desktop Computer
567670.0,241874.47,8205.388,10791.313,2796.1655,2169.0352,2455.371,2000.1415,3347.2512,1843.7815,3046.5872,14051.762,55939.492,41422.016,3448.8826,1488.6075,1819.8629,1341.9911,347.77286,1829.8231,1233.5759,1224.509,521.02057,587.4221,1417.3666,2907.0984,1009.09125,225.36078,1053.0961,920.17163,1220.4135,533.0822,1121.9867,513.5597,692.82874,682.1284,1016.08514,3765.7795,2149.9414,1194.7047,512.66296,368.5311,633.83826,444.64062,106.772156,593.7343,412.35892,116.95347,203.50699,288.4484,146.09572,128.24672,285.77994,559.70807,494.3123,693.64514,275.3622,202.23752,738.58154,380.05188,491.87302,746.499,686.7116,127.31589,69.06614,317.85214,234.75536,420.1877,470.39554,105.864555,291.34094,230.82341,270.41803,68.21609,597.07513,781.6044,509.3465,106.76406,162.37434,223.94295,384.24747,300.1946,236.04825,208.78845,316.84573,307.75055,346.28464,173.8171,271.42453,267.8842,285.73038,298.0913,240.3291,101.91821,308.84558,707.6336,626.0141,245.74406,379.90198,332.4313,161.7977,182.03796,376.1961,500.6493,120.856026,377.45355,207.41513,309.86124,345.66376,212.59138,308.6894,140.53436,244.6089,232.27794,92.999695,129.91621,417.25644,406.89966,269.56992,168.1789,418.78857,356.8143,287.5477,244.73378,114.644424,144.74382,198.30882,298.16193,256.49487,241.12439,259.89062,43.49351,217.31575,662.5866,872.3457,246.01207,653.7893,199.9714,217.62944,264.9578,313.38583,140.8409,174.7731,238.39871,341.06866,349.34164,248.74423,266.55524,55.970135,506.202,809.802,790.18787,269.59814,555.8241,608.4021,275.08206,292.28442,360.0281,171.59207,117.511986,86.32333,143.97221,297.79675,389.34283,195.66545,233.51758,114.89419,237.56355,160.70473,49.17198,102.0102,41.906197,95.23071,234.69104,240.77202,48.427494,176.23611,318.75732,64.1707,141.25891,224.14297,251.40688,188.5439,112.85721,186.59915,226.8518,196.65778,114.4363,188.51575,219.34828,11.042256,271.8805,379.20493,167.09616,331.1171,358.28622,175.7744,161.58757,234.15953,155.38745,235.31418,121.34389,264.20618,351.42734,394.3204,858.546,553.1785,811.4861,974.9853,798.0507,244.73462,166.44182,539.9977,395.3933,252.59088,394.17474,440.99823,147.81767,213.80159,397.64548,397.60092,559.2222,375.85593,289.08414,281.64075,261.00928,84.9168,235.25017,141.7209,347.98938,451.70728,489.95547,362.66022,387.39426,288.0001,281.17905,10.469028,90.29624,344.3941,410.9047,247.84218,60.393917,126.60018,63.602512,353.1977,494.63617,237.36104,65.54219,214.98692,466.11914,403.59576,432.1826,530.14874,87.20454,175.31284,313.37836,478.375,Desktop Computer,$Whiteboard$Printer$Phone$Shredder$Google Home$Desktop Computer
568116.9,242023.67,10401.925,14078.867,5158.348,657.84,1562.9912,849.70337,2760.3447,3281.3096,1366.916,11543.409,54645.812,43083.895,3111.4905,3152.7532,3232.8677,2905.3987,2876.0754,1553.301,1030.4741,2100.9895,1463.6453,2368.42,1995.953,1052.2656,1353.0259,425.84033,1088.0532,765.7419,521.8565,1318.0345,1462.0839,41.294518,1343.1105,1043.9846,2032.9741,3456.1035,1575.3923,220.34193,481.5879,483.23087,849.0201,423.3834,885.025,1018.96967,948.78973,1213.6948,959.446,1296.119,1031.752,514.0124,310.7793,362.41727,359.57895,553.2412,849.5838,300.52264,505.30722,622.00354,792.8648,172.20888,537.938,545.0852,552.2836,314.3067,48.503044,101.284035,82.76128,170.02296,318.08997,456.5905,453.81967,591.5168,365.58643,467.90723,267.37338,334.5488,315.8885,147.16678,224.59305,390.06387,245.7313,626.6828,555.3883,102.86022,451.94305,264.42484,28.099075,241.47792,359.4167,200.18668,323.51913,520.6555,204.32097,248.30954,111.127396,906.4744,808.0445,636.3498,409.46106,70.23714,342.37796,218.03586,164.73607,337.92465,119.461914,133.96146,133.18755,203.1671,447.33353,421.67453,408.4741,74.64894,105.80809,125.30416,26.925917,242.40768,93.32419,241.12885,241.79578,183.58484,251.75786,280.617,309.54333,392.80783,331.07608,371.37213,167.38275,288.1526,401.76868,432.15692,303.5451,556.42267,947.6632,171.61981,785.9595,432.3717,236.77737,154.97739,252.68033,92.52753,114.751884,141.33467,77.41053,93.31716,305.17303,334.878,277.53806,215.33955,312.38986,799.0079,626.20325,225.88287,149.14986,407.52692,428.7859,399.59473,139.48933,234.09988,318.46405,350.7043,463.69455,279.90158,407.28146,389.29807,124.96497,250.74161,268.7024,276.3909,197.54503,237.43721,86.584984,155.5276,368.0628,297.88892,30.738464,184.36772,62.73345,135.46999,103.96005,157.02989,205.98338,96.8899,142.86295,250.03596,219.43518,169.64107,172.53247,151.58376,94.85438,95.4815,227.96349,252.19223,157.34464,100.00837,212.39912,494.92117,296.80066,115.06828,216.89568,258.84583,197.02995,229.72328,544.3687,1004.5732,360.85794,771.9479,566.4274,524.6082,391.9389,236.39679,103.47538,225.30832,133.71045,216.72311,274.05167,113.59194,303.03668,123.26511,101.08343,205.42322,155.83994,140.73064,121.316414,239.0518,291.46033,310.4354,300.04572,114.87278,200.36743,239.17178,205.67505,138.17487,63.317375,139.38377,331.50775,302.3733,192.00938,97.1279,231.06856,119.25437,229.42793,447.99628,106.51207,256.32394,192.98586,212.44818,78.58161,293.6123,414.42236,660.65967,345.49115,209.30959,300.2277,358.60724,405.03125,Desktop Computer,$Whiteboard$Printer$Phone$Shredder$Google Home$Desktop Computer
566470.3,241932.67,10669.347,12146.932,4698.8066,2571.9053,1435.1394,2569.501,2598.9956,2294.2378,2427.3384,11197.763,56520.277,42850.42,2032.4885,2009.3386,1118.3401,564.75256,224.0924,1069.9009,764.49445,990.5685,884.9274,705.41864,590.29535,1978.0624,521.4654,742.8328,540.6821,1060.3386,748.93494,919.02985,1111.1272,723.93445,943.09753,705.66003,1358.5156,3818.7668,1748.2224,156.46732,505.237,436.4547,549.1141,1016.25854,953.76935,627.2674,574.9236,102.28166,144.73338,598.7805,379.18286,351.73532,379.6828,699.2177,1290.774,967.303,194.87997,310.6076,447.82742,231.41634,426.89508,827.8395,866.912,462.1381,339.31592,423.58588,90.21657,28.937674,14.786165,121.509,306.60226,377.339,103.48577,306.51294,192.95094,207.17476,129.28714,5.6293716,226.21597,270.81104,374.8894,131.4672,110.67356,271.19095,229.39769,221.86171,180.02509,241.96452,250.43204,172.82547,146.61165,152.9115,25.656593,405.14954,432.6147,316.66812,205.0868,786.12366,826.7418,332.05664,346.8208,316.7347,313.9232,205.64954,150.13618,236.8568,277.86276,156.54845,458.53482,344.36588,83.48391,232.53288,336.83765,104.6062,66.42213,56.246723,179.76231,332.3766,410.98,280.83005,149.8325,169.0486,89.68131,188.565,231.1197,96.38802,64.090065,69.60149,330.00604,236.75993,56.50487,173.7658,427.54712,811.12177,1084.748,236.0076,640.0891,379.3417,293.87518,154.6812,89.96829,195.42485,243.81111,265.7216,130.67114,188.04704,80.97579,79.95674,81.5756,66.74039,202.10178,614.84033,907.37244,575.9403,104.00308,386.03223,207.83527,182.02539,124.05701,94.01845,174.8565,265.6013,167.0843,127.222725,328.62006,304.52374,211.691,238.08871,302.85367,259.46716,165.7772,168.89091,240.7972,215.97018,172.66414,150.87073,225.36484,305.17017,205.08478,237.27315,186.12952,124.300896,164.4319,194.97389,224.27922,261.32547,308.88538,298.21512,380.21155,298.79984,280.66202,116.76871,176.39203,141.05215,75.40358,328.52094,502.69485,324.8585,163.58162,243.12997,419.22568,231.10315,120.633255,158.87206,227.09793,638.74457,1048.8665,294.61154,552.43713,685.292,539.8883,156.42348,178.80763,262.39285,154.58208,132.75595,170.18959,363.28055,197.37308,126.09181,244.90456,188.27158,38.507233,47.90648,42.41079,101.28515,271.4169,189.62968,172.98546,282.908,271.78186,341.32263,242.5498,44.218895,119.82648,199.79048,290.3835,165.20198,109.27235,144.6096,36.162586,263.16797,356.95624,124.84204,274.21683,538.6497,509.57925,217.81967,287.06937,444.44754,587.75226,313.83286,433.91324,216.28812,233.6249,129.61218,346.3125,Desktop Computer,$Whiteboard$Printer$Phone$Shredder$Google Home$Desktop Computer
568551.4,242772.78,7179.447,11838.278,3279.5085,4048.519,2877.6172,761.1756,2607.1868,3830.3816,4037.8108,9484.55,56662.324,44128.863,3927.3076,2243.9666,1464.7593,1764.896,836.69354,536.8633,442.7951,963.812,53.904537,679.34735,2108.7312,2272.5605,990.2427,466.82703,511.24106,505.4251,399.0493,19.897171,463.6787,292.37378,276.11868,520.9318,1973.5771,4264.578,1611.9218,147.25047,167.43039,426.40747,432.95663,421.3771,536.5982,223.0309,527.5312,372.12897,428.66046,1023.4025,784.0664,344.20764,270.2124,966.84644,1232.3256,166.15186,485.92514,154.11641,662.60846,281.64966,122.91275,559.8713,813.60254,380.5219,175.80078,219.80383,292.91345,121.27808,103.93555,239.82076,131.89336,256.67163,142.58635,424.11813,537.9146,306.00064,144.88937,393.88864,153.44545,141.85518,241.83018,210.1708,222.08252,75.49212,98.83118,302.10968,195.32005,303.3435,150.82004,100.79649,154.43489,325.7003,207.19504,229.85277,188.98804,157.14517,203.11899,576.68463,512.5259,550.08527,810.92175,487.48907,322.15396,122.25659,193.98407,164.96733,124.14907,421.70914,538.2353,165.3803,277.50803,181.70541,148.61716,75.603935,120.71229,76.69896,60.81039,15.241908,146.34662,87.78312,100.4402,74.25503,97.31637,96.068306,61.80766,173.50046,67.98942,127.15624,422.3319,306.84973,134.74426,222.4636,417.56345,821.4954,1129.4926,267.5972,426.0202,185.49297,320.25262,188.48898,234.89677,339.57275,125.1111,222.99336,432.94058,420.16418,150.43582,140.24817,247.1071,236.02739,326.61884,674.09906,797.991,494.14035,335.49887,140.5756,41.36676,183.88344,109.13321,88.83167,172.29327,174.09088,144.34119,238.6478,212.11517,86.29976,133.11003,160.29622,227.65906,160.38557,248.5344,212.188,133.58426,95.627335,171.36781,228.62587,32.000217,146.66515,154.01125,93.0674,84.90806,118.03707,176.46368,105.348175,166.39497,223.93065,180.48999,98.182106,178.9257,204.55986,129.9483,195.00119,174.9893,249.88223,243.29192,102.94911,141.79474,370.6947,174.81169,268.23026,324.63144,379.54596,267.9586,283.7872,457.34863,672.1642,161.66959,939.0759,560.9976,328.93494,321.41885,214.5076,55.302265,107.59854,294.79056,142.20348,162.84218,298.03333,341.94583,168.48112,243.74304,267.42838,80.13886,121.91271,204.7764,167.72273,114.60196,203.09721,358.0389,207.50394,186.81068,93.83018,134.30022,113.54545,208.32497,216.1006,73.54079,21.884125,70.22866,63.48777,24.804752,142.46825,191.25989,183.92577,115.62258,41.971336,133.11414,59.77397,205.11311,133.12526,384.81317,577.5717,152.64116,181.73055,75.951515,159.22063,84.625,Desktop Computer,$Whiteboard$Printer$Phone$Shredder$Google Home$Desktop Computer
568170.2,243267.31,7945.7007,11918.834,4174.5312,4778.88,2617.4866,2483.4084,5408.178,2833.0862,3115.6086,12814.222,57111.953,43620.773,3482.2344,2182.707,1166.838,1019.8796,798.1049,1174.4188,867.49725,587.4619,1030.9797,280.48065,2201.1875,2196.8708,842.12683,129.2735,530.4601,159.82916,434.6075,966.3719,162.3279,591.12317,892.4856,381.31805,1354.2732,3698.9504,2027.9847,44.816765,125.30889,89.18712,635.72845,705.80774,138.29329,659.2678,593.5984,225.35248,85.39915,466.1781,554.94934,404.79922,815.32635,1008.3651,821.2791,585.7988,705.30383,939.38763,367.65533,182.68985,249.38069,829.2547,1006.87036,415.44144,111.682755,374.6591,681.61444,294.06528,367.78973,405.13846,142.8763,183.64427,310.4248,238.8938,582.5889,396.01044,213.48778,166.74553,180.30492,273.46088,177.36517,263.0153,60.40864,203.12262,258.15158,195.39354,161.95206,203.01875,62.248867,171.70065,252.32634,487.02512,416.0645,194.51552,274.3834,269.3932,531.93353,258.05527,408.08865,865.81335,451.2594,22.573027,199.47072,130.62755,354.93893,116.077286,202.39574,412.5692,395.59753,450.6612,608.70624,319.09448,161.72914,210.51067,231.07735,212.41286,229.45386,45.9161,342.7069,446.5748,254.353,75.93437,243.29012,148.08235,125.17496,131.41136,155.53705,180.89775,296.9949,261.1712,289.40695,225.20381,311.9668,928.765,1320.7164,360.9859,278.16592,161.92691,153.07755,76.15826,298.68542,319.91684,162.68486,176.67998,74.691505,141.96053,48.29276,192.9141,174.7363,183.33812,49.871407,478.70493,950.117,554.3047,156.20303,435.52954,203.13403,326.6639,181.03093,155.38031,44.513847,227.50208,280.24875,48.68269,356.40393,274.6657,263.5565,318.55005,222.637,323.55447,334.8127,62.27621,304.10846,303.0189,105.51971,202.84317,90.31538,246.6733,73.39432,148.5756,136.8525,137.88028,114.6106,167.358,201.7717,138.5068,464.8589,388.10196,277.35403,216.45612,234.9959,193.07506,303.54758,135.85208,257.22525,397.1958,317.0364,205.91849,270.81168,201.7131,292.31454,653.251,258.70123,344.91898,363.58173,541.5145,179.87714,842.76697,918.8853,392.28632,286.13208,209.55519,124.85841,120.95629,322.39734,140.72838,310.86917,492.48947,295.93546,196.08167,136.64407,139.99432,144.94563,152.28432,205.33438,193.49767,161.784,159.95499,176.23787,143.27438,100.7853,170.87724,228.44698,324.10632,136.44365,30.554176,191.47119,216.53831,273.17908,193.99974,133.70395,157.79918,137.49074,239.29266,183.77565,194.74535,187.71422,284.38916,270.39117,77.01145,248.45334,420.5086,343.35574,217.01305,382.43524,106.47727,299.0,Desktop Computer,$Whiteboard$Printer$Phone$Shredder$Google Home$Desktop Computer
566188.06,242359.8,7451.502,9728.788,1685.7255,3666.4111,5364.7373,4433.042,7274.5396,2328.2686,1109.6017,12614.382,57262.344,43517.97,2374.9277,1639.5354,937.6659,1502.5997,868.26154,2228.6584,1717.7825,1946.051,1320.751,433.34097,876.9206,2082.8044,1114.1769,840.7797,1054.0201,894.8645,1019.39215,869.02637,600.5369,618.4695,366.7355,573.40326,1158.8911,3505.9563,1232.6581,645.6028,602.3793,282.64597,66.74294,677.4149,736.9913,924.4549,796.8646,759.16077,722.4108,1061.5204,715.43036,199.23154,1448.4044,1059.7407,297.91788,344.86795,493.8265,250.84563,109.624855,401.844,447.08087,709.211,1062.321,596.93805,487.25342,550.2943,409.6449,214.54443,279.96118,71.18353,279.13367,413.25543,402.28833,123.48923,410.0929,222.98097,93.414055,64.90544,206.2313,417.0082,309.45547,162.90831,294.49686,312.16864,76.85435,213.75685,144.75552,143.613,112.00851,182.3471,131.16518,356.9298,86.83197,103.00059,38.042835,114.00589,382.0999,502.37418,337.31223,473.81802,230.35736,504.3561,663.6964,575.9101,667.29816,668.2377,67.02827,316.8397,397.3988,83.534966,207.38652,121.146935,133.19586,109.40185,161.95677,56.707233,132.09941,146.78636,235.9738,377.79636,30.341106,282.56256,201.3913,80.87235,108.145096,105.61458,189.49377,89.9567,105.04727,152.19688,276.1869,248.2424,138.08937,347.1653,1074.9766,321.14432,391.438,285.54907,194.1276,327.51038,449.69388,384.96542,441.23227,352.7171,77.27063,107.86021,38.35028,92.34358,77.97985,192.53017,150.61888,336.0033,373.92737,701.16315,440.2644,494.41132,237.73784,369.98914,364.15054,326.967,153.1761,169.93184,252.62592,140.30473,225.56671,265.98587,362.1678,263.1132,88.07303,165.87737,220.76122,54.061474,198.82101,151.13707,94.179184,178.36322,83.57961,193.01602,226.68546,134.35182,83.745964,87.549866,116.19384,206.21057,320.5627,217.78131,72.63326,33.084927,133.40834,204.8027,349.22592,149.34131,303.85892,219.39331,182.23114,142.76881,138.43608,74.767715,208.6848,141.75087,107.79877,351.9768,119.132484,523.4411,884.2409,112.84954,1004.46533,841.3452,519.8053,194.41315,112.71899,253.04599,167.73495,73.471085,66.31,102.84419,319.45752,114.62008,130.84886,148.01976,232.27469,285.47388,251.00064,351.25165,377.69412,324.09595,217.34233,120.35427,31.158218,156.2311,196.22758,275.1812,70.88887,99.41118,365.86722,280.17096,77.267525,105.17796,173.99655,172.12657,18.705502,114.72417,132.02817,35.37459,38.260136,85.12085,79.59651,268.98,102.632515,97.84674,75.677536,220.41748,350.57028,618.5051,573.053,560.54083,754.5625,Desktop Computer,$Whiteboard$Printer$Phone$Shredder$Google Home$Desktop Computer
568287.5,243047.78,8203.758,11395.635,3930.43,4305.3633,4517.9683,3717.9016,4443.152,728.2823,1887.9454,14917.484,59089.164,45553.363,4687.0527,1163.1829,941.3566,391.45084,1423.5631,844.2638,1072.3542,1110.3727,1348.3439,1165.5305,2796.1123,3705.9927,137.46164,702.86316,770.5081,771.75195,643.6459,426.38858,739.0624,945.2691,803.61865,196.4727,1518.8097,3982.4385,1645.3306,88.669014,291.6471,454.19894,137.21082,215.54187,289.90903,712.12573,201.17593,666.6887,476.2221,794.9039,960.1222,846.56805,1269.4795,190.89272,587.9774,572.11334,656.4564,614.194,341.54767,399.64673,279.0019,14.004031,198.60701,540.90155,460.25574,348.12442,153.01398,315.04233,246.88333,296.40686,208.8229,107.14494,200.67831,188.10632,421.86377,287.88867,128.14229,183.88777,292.8809,212.18195,377.9584,266.66672,214.36453,768.18713,564.4765,258.23993,283.9908,36.411804,231.79791,251.77155,163.45316,522.57916,247.59927,168.9626,229.91335,213.8724,363.8586,425.89963,210.94228,542.37024,547.4678,480.9832,372.2536,88.06056,23.688442,187.5895,509.96454,349.25052,572.652,419.19608,378.08127,236.90462,170.61308,135.45415,120.09984,131.33563,134.5596,255.14957,160.13312,306.50464,293.46844,192.65157,171.5863,223.58484,94.05917,59.9886,265.53073,181.31908,98.85197,250.5148,488.80634,408.92703,442.2989,644.1912,1027.7927,209.6451,584.3805,229.73575,159.50067,133.1901,166.45644,59.61701,69.39033,139.69176,205.23775,117.67617,72.82076,193.57222,172.90227,449.80838,382.07584,333.77536,334.18793,820.42334,299.0355,216.27267,114.71746,201.87357,246.4069,165.18947,132.0543,266.6132,205.57132,329.92377,381.43127,226.06242,316.74384,280.97543,252.4972,148.2224,69.081245,40.65376,48.162254,195.47406,110.76885,117.05064,160.21423,199.60516,143.63176,149.81094,196.48964,135.6819,111.24552,198.54198,206.48659,85.11385,213.58942,335.06747,441.69214,250.00052,451.76874,427.9941,285.4689,215.24065,73.65647,24.237284,157.08128,193.69652,159.19283,148.42601,291.95734,339.7016,415.48953,411.73547,387.5486,883.4784,647.5076,821.0832,630.73395,403.89615,55.77119,260.99075,341.49017,372.9925,312.05673,410.22992,228.53076,293.04947,144.2718,106.00396,59.541306,201.1928,165.80824,234.32886,86.942894,144.99713,218.7433,341.28604,272.0715,190.29091,247.47029,227.10866,205.33423,127.358894,186.71579,289.59528,165.64696,261.63287,264.75897,140.57062,57.125114,206.43501,260.26077,370.5832,285.78067,310.21967,289.085,344.2974,387.3569,214.57579,151.51697,53.542213,192.02368,275.22577,256.7204,322.95,266.90625,Desktop Computer,$Whiteboard$Printer$Phone$Shredder$Google Home$Desktop Computer
566899.25,240680.28,9655.98,13742.819,3417.2046,1556.1788,1904.6223,1417.0905,3317.7405,2023.1646,2578.1377,13840.71,57043.44,43372.664,3572.5215,1570.1469,1153.1747,700.7932,2071.7358,1273.3889,1094.0336,1005.1791,349.77417,585.75507,2274.6409,2985.172,310.3315,776.6341,436.97852,376.04196,586.09814,101.10388,629.3676,641.67456,453.08087,188.83899,2752.2664,4322.8906,1615.258,785.3831,357.8436,204.61893,443.593,570.8291,738.8443,290.56778,653.331,586.5599,451.68335,1183.3865,860.5931,413.61823,509.37106,1159.6887,623.9523,200.95673,257.03162,565.7994,39.152397,117.8429,253.83638,650.09576,695.44275,324.86908,91.59404,53.15923,5.6915035,428.5939,129.28381,199.1443,180.42546,294.3423,102.200905,222.51508,566.10925,177.2946,178.17732,348.77933,145.42108,100.207855,352.12115,138.49261,97.25301,235.38031,206.87648,166.98859,179.5417,372.7709,158.1177,298.23367,299.02432,250.79408,206.80734,321.01407,184.64833,249.26987,178.36212,260.45074,623.44464,353.0624,456.453,712.1191,320.94733,241.36826,179.4824,163.8096,442.93762,195.13133,58.39844,215.66013,134.5524,135.66005,260.83798,305.59897,187.45103,17.357004,183.12602,43.810387,21.48253,154.63174,244.90169,9.317664,326.00037,255.7292,9.775183,147.09926,348.58185,417.11655,323.3567,206.22263,225.88533,115.057945,412.07944,804.7698,950.88556,306.45157,583.51874,176.54083,199.13239,84.71274,243.57156,472.57657,450.92096,242.31862,33.14323,365.6594,445.16296,443.29443,292.53647,272.30725,230.27272,526.999,438.2871,289.77267,529.9032,274.94635,200.61113,335.8765,281.31497,175.45665,99.737495,66.97663,53.379593,165.30232,303.36285,229.91512,125.710335,113.887886,95.144,123.86809,57.143623,105.684074,156.83008,77.958244,124.77543,86.530174,73.24396,166.703,80.40429,100.66998,350.15982,253.68109,90.636055,53.835995,100.305984,200.95476,74.447784,160.59653,78.32227,146.89552,58.891037,141.8092,69.725555,317.14444,347.71942,225.47568,67.86081,164.27974,191.19897,611.7874,460.68872,283.3997,88.73715,204.89427,558.3933,607.37085,534.41956,1186.6816,507.95728,225.0669,237.63422,237.44307,373.37704,106.78643,181.9568,438.40347,409.79346,70.893326,81.76842,73.64355,285.05048,266.37936,234.01604,142.93262,108.59668,103.32575,230.78595,38.11052,206.84637,193.42548,196.76859,204.81744,27.135117,409.39462,330.22858,206.99931,271.96942,73.611824,234.08571,124.98625,173.69933,308.5546,200.59018,87.04387,132.41267,357.38605,441.15985,112.833374,190.08556,127.22296,21.163126,237.90257,732.08344,447.0584,129.84572,255.5561,151.0,Desktop Computer,$Whiteboard$Printer$Phone$Shredder$Google Home$Desktop Computer
567563.1,242463.77,9909.408,11413.322,6059.739,1512.7703,2575.6833,149.56982,2690.5945,3362.6492,2706.5862,9470.619,55796.723,42698.902,2266.3223,1918.6707,1095.6494,1454.6918,1129.884,1740.2094,1647.4701,1149.5851,735.5231,1208.6995,1159.8938,2078.4878,453.79596,634.84875,455.96558,430.97287,1213.7849,799.3409,631.65247,676.26263,483.62164,1146.5063,1074.6003,3544.0603,1501.8383,697.82837,394.74683,366.90363,399.96457,674.2745,819.52893,308.3137,557.65686,452.7954,518.2517,940.60925,950.18066,293.73764,343.4113,569.1175,1255.8788,1199.8718,537.2915,579.6899,379.02914,340.7763,289.20813,350.51205,448.5433,148.23726,220.8669,415.67126,362.64896,446.33432,308.2312,471.05457,386.96136,412.23972,347.86203,643.56793,832.45874,574.2315,130.95247,129.59329,146.86894,247.09795,314.89417,404.60556,430.6372,219.42679,143.22571,88.41628,27.96571,311.29172,471.77682,491.15994,311.4419,308.08347,26.742521,164.23178,40.1676,257.50955,292.95752,323.66052,759.0806,474.42276,247.03085,377.15607,184.57191,95.72182,372.48993,619.9297,708.3781,455.51068,85.64736,346.70395,322.5184,228.22115,297.91058,287.01355,413.42264,229.28159,276.62897,226.72275,251.05197,113.74683,204.38414,48.034443,362.57153,326.41406,90.360176,89.43891,93.08541,140.39117,295.57986,262.1378,197.40498,398.164,420.83102,821.2453,1216.5135,268.89618,796.4902,464.45807,212.02534,269.14087,156.23122,82.52096,334.00977,693.00397,649.6461,526.4495,487.24393,200.81033,303.39148,208.2984,28.199902,47.271355,475.07108,562.2731,252.06177,367.45786,183.5796,198.24878,314.7753,210.72682,249.45586,340.99924,314.16556,146.2696,153.94363,18.196009,88.39998,270.35318,226.74448,121.47809,195.79002,167.1864,107.55919,81.88889,125.04959,29.645975,147.24579,252.97066,84.00144,94.6321,218.58936,242.41072,118.68417,94.58198,109.24988,124.935936,61.51193,129.11508,224.6856,238.87155,342.8035,186.42596,121.728546,188.33835,290.83493,156.70749,107.25667,159.93059,378.4359,230.19391,142.68947,411.40814,631.8877,534.8858,371.94162,256.65335,701.0122,1056.182,228.04181,165.31859,236.29855,156.72572,289.40396,288.26135,210.89474,296.99353,368.4088,285.19406,323.07483,304.35214,154.00879,363.2258,424.60458,303.18085,305.44077,161.40514,189.09085,139.28917,138.51,182.09018,134.26047,92.29022,121.933624,220.37718,243.32938,180.4059,135.03278,137.25531,136.81764,205.06499,117.626686,170.51476,192.71176,155.38943,108.73881,318.2071,307.40652,64.6419,93.04342,190.86743,388.80658,548.5288,284.5547,367.73553,538.87897,345.4094,193.0625,Desktop Computer,$Whiteboard$Printer$Phone$Shredder$Google Home$Desktop Computer
568194.44,242776.89,6055.912,7521.703,1392.2677,5361.1255,4232.5977,1418.5337,4003.062,2994.467,3280.6904,9440.601,57027.734,46129.07,5073.021,1289.2747,637.3938,1795.4944,110.830284,1142.3911,1260.4231,600.85736,676.093,394.3568,2120.2175,1767.3396,1020.7011,491.987,877.8518,1086.5487,1072.5216,376.8724,1165.545,788.60345,867.3707,887.9274,1319.3303,4085.9504,1673.1094,399.4738,293.96848,248.19725,78.648125,658.1097,514.6394,247.57326,219.50041,187.89445,238.58833,1050.6459,388.19702,416.45398,589.90186,624.32336,652.5404,265.9166,424.34525,445.83347,304.10495,465.88132,545.3394,212.1572,657.9773,563.3525,329.0894,237.34955,497.51648,172.86354,411.03604,486.36554,415.87082,265.798,404.95947,223.52727,201.41899,81.50573,116.74539,88.740524,191.2304,187.67273,294.00858,139.00685,46.20274,389.1078,161.04776,146.3898,149.73581,174.17607,314.49326,108.57304,418.66,311.94073,347.81696,350.34125,269.3322,371.61615,450.73068,798.8751,805.9461,92.26805,72.52431,175.68846,251.15686,43.125523,457.95868,403.5506,337.5707,301.33572,218.30225,249.2199,344.91693,233.55835,453.57562,388.64648,478.18723,260.68613,240.71214,127.84641,193.5243,67.979836,28.44148,318.27405,302.45563,278.5784,137.79945,235.38152,178.138,218.05247,242.58076,255.73474,152.95718,212.24507,329.84976,849.8046,1474.282,450.7914,566.7823,241.6064,151.30846,505.06937,480.24548,184.59782,94.110825,321.0986,176.54019,287.33417,246.38896,206.93008,396.43747,222.87712,258.11685,599.77655,524.9976,181.6984,217.19232,125.28078,28.797071,136.13809,85.8635,138.76706,103.399826,190.45158,197.68753,84.61787,203.18896,72.60903,70.992516,68.88883,160.49678,142.32695,35.959526,233.59169,214.64357,150.00725,224.09377,221.60817,151.09497,213.70042,197.02472,65.5652,113.63407,162.55727,182.66782,312.7447,97.72837,133.39087,203.20781,214.04494,103.80196,210.71974,98.64425,30.123049,65.08048,121.79849,143.6609,311.10962,406.98404,250.42722,154.82281,124.90779,177.66364,300.818,506.89047,174.5746,316.90515,527.33594,379.63647,463.7964,287.37317,484.13672,545.5939,481.2042,214.28967,136.36458,266.91965,66.71969,53.781162,54.97673,83.45517,103.12142,210.88374,156.60384,159.32765,132.86938,419.84973,477.03638,336.77762,71.62414,116.465775,63.883747,205.07288,34.270725,37.634865,26.495289,45.833992,27.949226,162.68443,67.05752,185.86443,220.08873,379.14023,146.17139,117.147064,241.67401,170.29066,455.00977,272.2989,14.269361,267.4953,452.52917,424.41812,116.493324,242.57089,65.191536,128.06279,203.81178,419.9375,Desktop Computer,$Whiteboard$Printer$Phone$Shredder$Google Home$Desktop Computer
568364.25,243804.0,5584.52,10786.15,3277.4749,5680.903,4846.965,3963.0461,5089.6157,2165.8176,1951.4761,14280.2,58326.508,43413.79,2672.8704,2280.6692,1049.7229,1115.3322,856.8076,702.0437,1000.3958,1257.6888,1149.0547,604.1792,1328.953,1955.6246,1646.848,1078.0258,599.4518,238.61461,513.1599,536.6482,249.1158,254.3826,178.46732,826.20233,1269.9469,4223.4893,2799.8823,1145.3536,707.78876,354.9136,358.56332,478.72482,295.9482,435.34415,593.70215,623.22253,384.7694,1039.7516,966.4516,808.9287,626.12537,760.8143,174.10092,489.67383,481.1718,843.5679,476.919,466.507,306.69986,744.5231,1076.1793,450.3151,224.31712,89.807785,512.3012,363.6712,5.911652,356.84598,91.4067,172.86447,147.10507,230.95482,493.41388,305.88083,62.569202,116.47284,224.2617,185.82568,193.74231,163.22314,401.04965,397.6289,214.36162,216.3809,85.64437,243.20071,188.99336,232.53853,318.58774,317.33044,100.78275,69.931,94.58102,180.96806,512.60864,941.73914,899.30756,562.81445,202.23894,262.04904,173.54054,174.05907,149.76343,168.4078,456.3181,858.1817,740.7608,540.0026,124.586365,184.73102,44.285046,206.15524,178.99199,238.01456,113.25839,71.3176,224.02036,72.79856,123.59603,74.75585,78.68374,49.53124,147.87885,244.5104,341.88748,368.16556,308.53537,236.57498,196.06721,156.07413,210.19443,756.74854,1196.5598,335.14682,692.3094,286.3891,182.32059,334.6751,337.4056,111.06369,204.52296,129.20966,15.16715,317.03156,484.27185,335.61594,12.539791,205.7791,330.45233,571.77325,503.62888,687.5159,483.7304,186.67738,52.168022,65.35639,137.68234,103.87962,230.6502,37.201355,143.37225,181.20483,205.27943,275.54315,188.73816,241.38277,173.65776,183.50404,141.7598,301.7947,206.98215,94.98626,257.20184,178.26588,205.25215,160.11154,84.500275,140.7504,97.1788,75.933914,97.16578,21.57412,100.96716,133.55484,116.416115,116.27886,55.264965,82.34347,139.42905,91.38562,20.300314,63.85283,149.41995,298.8802,235.49222,111.03727,345.15375,441.62833,220.19565,127.36934,251.03043,307.8327,66.91041,716.99994,953.4804,551.0979,286.37848,347.68854,106.298965,111.551575,73.18485,274.5445,205.78899,99.31052,226.52472,276.26053,121.22673,153.92639,256.5958,206.29166,304.1682,203.22667,222.71275,180.60936,186.48354,114.70882,162.54547,150.80765,130.32832,262.7981,363.0435,355.13715,238.38232,242.74365,199.55617,110.25919,46.565865,131.73277,122.33618,253.85394,287.666,311.84415,324.76437,369.27548,210.28784,93.057655,175.77904,171.46317,374.20734,376.601,167.63719,280.253,488.90173,673.69525,444.15625,Desktop Computer,$Whiteboard$Printer$Phone$Shredder$Google Home$Desktop Computer
567065.4,243831.84,7820.1763,9801.533,375.83173,2630.067,3906.0452,3259.8828,5707.6187,1994.9025,476.36508,12911.899,56236.3,43319.99,2650.073,2886.9246,2971.5598,2617.0234,1214.6459,1403.9696,1481.352,2310.2427,1972.5168,1597.5947,314.85608,249.81064,927.95856,359.2054,721.9271,888.9346,1189.9803,800.0316,845.25793,1074.3837,512.3335,225.83229,1742.6436,4188.249,1851.6624,536.6746,150.43265,231.15721,295.64963,461.82553,412.25864,104.726456,203.08827,343.2716,642.299,1350.2034,1229.4751,894.75195,543.2195,388.78958,1021.7615,743.8708,772.93896,784.34106,547.4692,325.17737,341.596,903.1064,720.9992,424.68365,145.44426,439.7189,258.2555,127.62853,89.69821,254.6269,176.22453,50.32685,223.25888,485.63788,725.1854,437.28775,282.08472,299.34897,141.66808,158.44057,333.36685,218.96356,150.35269,27.533297,229.60367,253.4078,248.33942,260.63278,495.55106,552.99274,669.9361,520.86475,142.19887,365.74048,532.9663,242.4436,240.61018,105.70081,228.20915,644.2095,285.83835,217.87837,338.69995,368.67096,156.4024,154.02379,586.4125,880.2101,286.1541,477.11053,529.47943,550.3457,361.6281,267.34305,44.12776,311.2795,354.61874,446.5063,255.02194,160.30609,75.312485,161.28648,203.11598,47.244476,92.107155,284.6184,408.37793,258.24838,221.13028,155.03827,170.00444,393.66312,498.8311,927.33484,1134.8689,336.30316,584.29553,80.4724,42.848145,53.82749,50.20409,206.16075,241.47809,247.37502,121.716774,96.18102,299.83783,268.11386,336.07495,483.0494,379.73575,230.50365,347.1355,396.34448,179.90428,563.9064,271.1348,321.65347,437.541,378.80887,187.59326,279.54324,108.9658,46.503006,71.81531,31.341446,38.78878,107.13836,295.38843,259.40762,87.14982,426.16602,352.3012,119.17998,188.71906,89.46631,219.1882,86.584404,70.74435,186.2791,30.181316,152.31609,156.04941,167.0205,100.33265,86.26148,114.5141,147.7114,81.74002,118.85508,234.68309,335.4945,284.96133,234.73688,177.29742,196.38269,123.611435,95.43892,90.891846,199.3222,270.40625,635.5908,434.47443,298.92654,771.054,236.65314,97.22893,715.1665,220.0975,119.04196,157.83739,68.163506,62.5102,73.91113,129.1763,151.99397,270.00055,48.08942,208.44897,201.68483,327.24918,516.4131,518.3744,212.41223,79.40775,106.18672,89.002686,165.23788,164.50992,231.32495,139.53235,224.9475,308.9241,16.946651,94.27489,69.90473,10.686081,15.277554,125.28563,187.89142,328.78156,196.73073,151.71964,245.38817,341.81238,149.69168,306.60382,456.43518,317.16797,262.68826,193.40237,241.90164,47.687153,197.61674,63.35455,518.41986,808.59375,Desktop Computer,$Whiteboard$Printer$Phone$Shredder$Google Home$Desktop Computer
567787.25,241994.48,7124.904,10567.067,2845.718,2287.2422,3046.9111,2595.7546,3884.1292,2093.8801,3525.4524,13728.367,57403.297,42633.31,2671.9585,1104.4082,1434.0836,2274.4526,335.33603,683.5694,975.0685,822.7586,335.50635,522.718,1204.5142,2139.6995,411.81827,737.58545,1185.5122,502.15784,338.93268,1525.6567,1130.6987,193.20755,897.2072,994.36804,1503.8069,4228.192,2206.0042,583.73486,253.74231,761.4494,794.64343,19.73654,346.49655,820.0024,258.13492,429.6567,655.9496,542.26044,543.50446,446.41733,1436.1603,860.79266,287.8282,752.73083,311.3899,422.99054,349.90558,505.55258,900.08344,338.88553,782.8882,763.14777,285.1648,179.30478,336.82904,258.45392,301.5791,42.46767,284.9406,436.96686,230.32959,385.59125,728.785,374.1647,259.0055,419.79932,406.07843,365.53143,330.39886,172.04706,297.40372,329.02502,408.0678,261.37854,191.99138,345.18723,196.87724,181.63853,69.906456,146.13155,243.92635,212.76108,119.09544,254.90714,112.40144,339.3441,661.63885,287.2811,775.3002,622.9676,354.98767,75.57733,250.50108,318.55588,443.5059,409.1006,236.73009,399.124,309.21777,337.82346,395.61594,324.83487,86.81453,107.75763,207.30843,248.08932,228.936,207.86618,331.21637,210.52046,97.51041,175.99898,213.2377,201.27437,324.58658,141.84134,319.05457,114.63736,326.28802,170.99478,118.07888,380.72632,1066.0977,720.28186,288.5244,229.70975,241.67201,33.12305,79.30148,99.828415,91.728165,59.331078,258.7057,104.60999,291.33804,250.60434,124.08421,175.96597,309.14676,539.186,1120.4125,1031.8873,467.44748,314.4589,82.387695,98.47711,113.891335,320.78723,22.359411,155.61057,259.33243,94.33711,162.33498,192.94563,188.04051,76.058685,207.76549,162.4495,229.70012,131.09576,324.01926,81.02267,229.35268,250.98672,175.87427,123.07476,301.77908,444.89413,196.4505,227.04099,369.7532,98.207275,122.61813,278.73126,193.48334,72.42591,170.0709,237.20903,246.36281,401.01135,169.31659,98.331764,255.37299,171.66145,112.53941,216.82298,197.64496,34.098755,229.88893,370.13736,274.21588,55.634632,753.90765,544.9477,437.83255,1090.4686,702.321,278.92957,257.28693,385.99762,469.38324,455.68564,420.08322,305.17575,408.25644,25.818272,106.355644,57.710075,223.57895,288.60333,294.44016,209.24182,265.85855,92.64852,27.44568,93.1513,94.462685,260.72726,103.31664,75.96226,171.1137,48.610542,82.93575,138.96753,255.54544,223.2366,101.474304,448.7706,566.9972,343.43784,164.06204,176.31007,206.05035,178.03137,251.55116,234.4407,254.3748,262.9642,233.60829,195.58835,701.83685,609.6958,363.81693,134.02571,221.84375,Desktop Computer,$Whiteboard$Printer$Phone$Shredder$Google Home$Desktop Computer
568286.4,242689.5,9123.671,10630.154,760.9542,4367.8647,3449.62,2777.9482,4926.5835,4500.1113,1694.3489,10002.067,55972.543,43672.703,2629.6082,1663.4661,1219.0221,901.59625,1971.7886,1038.1954,2281.5808,2036.4629,762.5809,1128.8077,2942.18,2983.069,544.12524,1051.1632,596.47845,1237.9238,536.7889,243.33878,1298.8605,762.83167,1058.1111,1232.2789,1645.5841,4133.08,2094.303,596.1795,407.2053,413.16647,467.2343,627.80383,413.83765,500.81052,540.7052,89.480064,758.8246,628.2575,835.75006,683.9755,109.01504,384.41895,720.568,766.4014,10.713474,306.3168,781.8949,309.93573,291.5445,762.4072,641.38025,714.84753,590.43024,202.1741,157.47838,375.95316,383.29428,241.61873,299.80737,431.00632,396.61545,263.25665,889.07104,823.13635,263.1246,190.99791,587.47906,444.44467,390.11823,294.1593,379.70663,320.60956,304.82144,124.86712,120.9466,162.64133,243.32106,299.8539,194.08327,261.24286,174.60226,200.19757,35.270725,47.882214,348.09634,199.25243,166.60559,318.71338,675.2947,474.94064,355.09055,206.73611,422.0964,493.64868,451.7964,308.3213,292.04037,425.383,254.61699,151.5502,259.39517,339.3062,23.550102,277.05905,505.3874,195.19626,224.96841,172.93555,124.229355,29.788794,200.67285,120.60023,130.22287,82.71114,188.65442,249.39612,356.9803,580.5744,361.37207,186.69368,139.78806,782.9576,1039.524,177.02986,522.54315,269.3464,356.9868,297.47272,343.20282,273.94235,144.25139,110.371155,119.083694,312.23007,423.07654,313.54803,117.12171,214.5604,186.03441,412.11026,330.85278,752.4784,325.0927,149.30365,362.68524,343.6067,398.61896,278.59357,154.29688,76.39727,100.67112,118.92348,228.47935,138.00668,201.54,221.52948,88.95508,275.07022,98.97126,117.419395,64.914696,195.28241,117.805756,53.977936,192.99489,173.26239,104.1062,80.62783,92.9164,262.36038,374.191,236.0753,332.34805,135.20984,143.14494,265.96655,169.18832,13.941281,72.930466,147.74152,50.920006,233.4095,116.9885,132.26047,256.84244,360.20706,309.63254,67.34926,173.12515,155.65356,603.24,1073.2661,914.79755,183.68098,526.1555,58.267166,574.80743,504.178,626.47766,490.15787,319.8135,59.563717,202.32571,192.93645,353.78885,59.31948,233.66768,142.69908,80.69562,249.55656,197.02481,55.224545,246.46613,323.74207,93.82154,169.24258,238.79785,195.99329,254.57985,246.86554,339.71124,165.61916,54.85958,142.51553,170.19092,112.87418,269.39893,423.49298,125.987076,163.3969,289.28833,165.9776,214.40982,161.24059,84.49249,159.47672,104.53445,363.67148,321.10782,344.0966,152.53624,483.71414,391.22058,183.29497,301.625,Desktop Computer,$Whiteboard$Printer$Phone$Shredder$Google Home$Desktop Computer
567168.7,241924.67,7948.5684,8902.693,2078.2527,4035.1006,4826.6763,1244.0454,3048.9158,1768.186,3328.548,9993.535,58175.43,44778.207,3240.5295,1912.1053,2617.469,1074.4799,1786.2491,3433.4907,1672.4265,763.4224,1958.4269,1186.2715,1158.8279,1949.1489,1002.0349,197.28616,155.22018,573.42926,556.4096,683.50604,151.58647,492.82065,853.7751,92.6944,1853.3073,3878.5242,1440.9768,609.5508,745.2553,567.5101,514.2217,457.94226,354.99597,261.95416,607.045,419.7432,192.27429,660.6964,275.572,303.8099,199.92102,456.73032,808.6067,458.69373,714.5268,375.52316,623.8004,646.87195,250.23831,160.92322,387.83963,165.98497,88.4428,211.55481,114.58872,102.59472,105.44393,106.97524,197.37682,34.83433,118.277695,265.92828,428.0444,163.49654,385.64624,670.1625,556.04,376.48145,320.09848,430.4883,347.71582,287.23676,183.15132,165.59167,71.18607,212.26881,373.1957,288.82294,116.16436,387.33386,245.13649,165.4315,11.319794,23.687788,251.11285,109.99873,386.59302,375.36142,272.32,154.56717,300.9087,414.90372,505.01492,325.60956,188.63766,19.008701,78.63173,213.29659,512.5495,340.08414,106.79431,266.19412,198.82779,152.03479,144.47658,188.13425,216.75786,16.666931,173.63351,266.00665,224.7518,339.33743,285.0308,267.9232,103.15717,196.39464,182.51607,165.71217,275.02078,131.44267,96.909706,829.65375,1408.4386,195.71979,569.50446,417.21143,346.68542,550.7805,582.6687,213.00893,243.32161,318.61896,189.88773,583.9899,399.36374,293.17505,386.1521,604.2803,533.1033,80.87938,392.70996,135.107,136.37384,138.99504,193.43135,244.60155,284.9161,259.6499,225.64005,272.42838,331.22263,405.41464,219.92245,148.25652,191.99826,206.39357,292.64066,30.31852,153.19258,218.50272,78.207726,69.88436,81.97928,212.11766,382.88394,272.50183,166.60791,179.83409,109.25381,127.04463,330.16278,258.58316,55.58479,120.92248,87.94234,148.91965,150.41483,43.42477,182.11624,156.6149,129.48566,199.081,313.7208,175.97237,91.69544,49.323067,130.1378,248.12878,313.062,543.4694,677.87994,323.7936,524.7518,166.48633,770.0766,411.0731,408.07245,399.9157,273.53473,104.0657,305.52618,432.24106,363.22272,324.27826,144.60666,330.47275,37.903545,96.542,193.56464,322.41302,91.435745,46.539402,139.45068,24.544754,123.81258,126.038734,85.372475,302.9746,213.1724,233.90022,192.65805,116.1376,165.51564,29.999687,74.43496,181.2836,126.28115,110.53108,44.679565,219.94235,181.9441,151.59811,262.53494,84.10561,12.830861,278.55466,254.12628,316.4845,190.49956,161.48125,274.96408,239.62395,380.6158,188.55878,252.5625,Desktop Computer,$Whiteboard$Printer$Phone$Shredder$Google Home$Desktop Computer
567687.5,241691.78,7753.6284,12785.587,4521.4014,1596.3951,533.1176,293.40558,4183.033,4865.182,1496.5138,11948.955,58389.516,46138.74,5453.7656,933.9421,2240.746,1706.6705,1440.819,2974.3376,772.88293,696.3604,677.63574,1055.4933,1457.1713,1770.1644,1146.5444,283.41913,938.8043,873.45734,374.54584,988.0862,926.3616,859.7956,418.65903,1077.7155,2092.352,4100.352,1656.8184,203.80942,753.45776,579.3457,312.5262,522.21326,294.04297,376.96063,742.59656,547.1377,158.73845,1061.3037,786.46,683.6539,625.5772,817.6498,956.10236,672.71027,271.71066,592.0716,707.63165,223.88686,186.85411,415.72397,842.5307,409.6725,497.85086,604.3435,342.73514,366.8257,222.00595,298.34988,409.99344,317.44815,502.34842,548.88275,781.1862,294.4271,160.46182,221.12003,238.4466,127.70543,44.82835,267.08865,379.9756,358.93594,134.44774,208.22841,352.1657,115.33567,427.2883,471.5578,168.48918,366.07358,495.99118,474.4034,255.53564,102.91803,384.41592,342.83115,455.39697,270.78503,175.86948,347.2158,627.5537,211.45584,207.98878,321.20764,126.5992,192.35046,46.911438,199.49545,222.97124,205.28593,349.59335,334.567,94.42635,123.70531,194.5738,124.18995,73.21906,221.5035,222.47592,154.47008,256.77722,193.50467,289.2315,152.54651,93.19884,211.50308,113.127106,300.07877,429.73657,244.53856,325.1244,853.2839,1293.2688,273.58063,494.6088,239.68683,154.46042,118.1506,246.79396,229.05577,340.15262,480.04944,464.80588,569.86786,451.34573,291.46133,453.9389,177.34756,227.70825,775.57935,389.21494,226.24696,146.64383,372.5542,243.9981,65.02817,131.7868,462.26584,213.86392,63.996223,322.16962,404.3687,147.70555,189.0157,236.75732,153.7319,202.67337,209.24501,193.75235,129.12854,347.3926,439.72766,165.1101,179.16739,209.00818,433.2564,251.2311,96.55777,368.3423,303.00897,169.89183,148.73912,124.46191,71.0702,153.28021,285.5436,370.24472,317.2173,247.21132,214.47614,308.69458,151.47105,172.71788,190.07605,118.30895,131.17691,247.06287,218.35283,219.33719,114.11046,84.6659,249.45805,380.80432,998.1969,378.85684,480.01486,265.4412,253.28598,269.79727,69.119576,256.68686,232.20357,174.89368,425.4695,512.1424,337.14456,197.18652,89.15172,183.75513,238.24454,199.15556,177.88141,107.97564,72.65141,128.27428,131.64828,153.14415,44.91257,73.949295,124.8422,201.44446,27.35469,185.15697,240.33047,55.594646,76.21555,99.84352,82.43532,49.36816,123.99309,227.77168,262.85376,270.0862,194.94041,361.87766,336.0415,371.22412,612.1619,562.5029,208.36807,167.16257,321.766,129.43526,342.2601,316.625,Desktop Computer,$Whiteboard$Printer$Phone$Shredder$Google Home$Desktop Computer
566766.6,242000.53,8171.556,9602.348,1855.1694,3560.633,3451.6907,769.45447,3700.2402,1615.9436,2707.8057,13285.492,57004.117,43593.56,4101.0566,713.3916,1064.3977,1000.64734,660.02045,599.50287,786.2683,695.7011,249.38464,318.4271,1799.8248,2157.0757,798.4156,541.20215,746.759,493.01233,1256.2617,498.84732,546.0399,504.333,923.3703,670.8286,1467.6255,3750.4563,1810.8451,409.46628,362.90033,608.9102,459.8024,146.32854,336.18427,576.36237,462.0657,148.6009,477.1554,766.69714,621.98987,279.9895,709.9042,488.48926,296.14963,119.29147,72.27491,513.3041,586.5697,476.78284,378.02615,774.5423,764.91406,442.83334,386.02786,280.87292,65.17369,97.621826,56.14953,241.41374,238.35687,307.54126,421.02237,313.78897,423.7525,124.22124,105.32535,232.686,397.85675,173.85156,54.860435,257.0822,369.48883,445.85626,334.95886,494.26538,225.20631,212.7765,58.755096,142.90305,370.91498,341.99045,142.28253,293.5124,181.21841,208.29547,105.34372,212.85487,275.82855,300.05493,435.02905,292.12802,232.31723,284.64575,248.7037,378.44556,251.30629,135.87903,551.13165,496.56024,250.27565,45.258133,240.65356,356.7443,97.52029,431.32764,395.01022,257.25906,159.67221,260.29135,267.78525,182.34666,176.51752,101.32724,208.046,281.8115,205.40955,97.084656,73.8254,254.91821,193.54657,362.3762,471.8914,667.35986,863.1154,105.84035,635.7432,493.6807,373.58835,247.28003,412.80093,174.1818,179.08556,234.2073,227.2744,155.3808,271.19745,227.33453,76.631386,255.11134,674.9397,1037.382,530.16437,256.09717,113.69189,264.8232,317.34875,359.579,414.86392,256.3472,279.2887,233.71227,160.37865,26.111712,120.72463,139.4055,40.749775,146.70605,152.47711,108.01626,209.22295,173.89261,251.42252,112.36225,30.3772,57.55796,238.52646,358.1464,201.70456,54.560997,133.48889,50.982628,100.1882,169.74484,223.19371,237.0271,156.03314,39.614033,206.32187,232.72078,126.98969,53.581806,71.492905,101.648384,31.683775,196.60016,256.03568,263.2474,218.17819,300.1164,142.77428,215.56528,43.888187,834.54596,1011.71454,219.85481,866.3035,650.3445,506.89246,359.72534,516.10944,534.978,518.60486,222.47563,104.11127,233.8181,413.35022,399.52667,369.827,284.95734,65.26307,185.77832,379.77496,190.98982,176.8232,237.49963,228.34302,125.6309,20.610695,26.972317,39.412888,146.64053,239.84308,58.810535,159.37485,271.16544,531.8832,422.8561,340.09137,264.53345,157.40726,146.18465,150.32838,65.663315,88.66985,144.92258,147.54214,196.47826,180.08461,279.24188,141.59184,442.767,381.58292,254.94069,265.45422,259.61746,419.25,Desktop Computer,$Whiteboard$Printer$Phone$Shredder$Google Home$Desktop Computer
566702.6,242380.94,6069.205,7859.049,417.93362,4024.539,2966.9993,2408.72,3614.805,1498.4778,607.30176,11863.33,56233.99,42861.426,2787.022,555.287,949.1614,1653.2734,1156.2432,1817.3042,617.4355,1336.7078,1067.3152,785.39276,1009.2978,1912.7959,627.52094,337.94345,398.78494,379.64545,60.802193,172.09435,378.51254,368.0379,291.57947,195.1056,1670.9525,4060.418,1785.3418,128.1448,175.7554,422.1146,217.96762,229.02104,285.9616,211.2818,319.19998,351.59195,331.50613,913.953,934.0007,524.739,251.32333,926.42914,854.1191,414.2517,122.05927,119.53841,249.91238,131.39885,318.17572,758.6663,1179.7955,534.8523,236.71175,154.7501,107.59699,140.62183,53.4598,40.945927,163.73485,139.36606,45.40619,194.70702,239.31602,72.56146,215.27104,39.126427,57.713978,118.83742,32.568913,124.06269,101.87605,33.32751,119.59626,112.7536,244.10857,306.86118,225.29092,134.18292,62.767662,71.55886,35.301647,284.4182,222.59772,63.170097,157.80019,360.99072,315.99643,329.766,568.9671,348.8699,624.2569,410.6843,323.103,452.639,440.3879,443.9315,206.2533,543.57007,437.56876,426.7548,121.04228,140.03183,149.33429,106.10243,139.77654,103.86996,172.90186,109.6655,216.27881,337.3616,193.78731,129.83902,190.99269,132.11005,90.75475,39.656376,139.10123,230.52032,130.61328,284.86526,553.6833,884.7418,1322.3134,237.81158,460.54672,328.47418,288.86133,184.07672,279.78256,95.503525,58.9144,25.464336,309.89322,273.3438,187.9655,121.43619,284.57486,316.0766,541.8893,590.1092,759.73663,592.07684,184.097,107.97052,86.71861,94.62405,79.32663,118.742905,152.72221,205.32559,209.98308,321.18448,284.62228,108.068886,54.436996,61.54301,42.668877,25.405376,178.06313,310.4126,383.82477,373.43585,235.90088,55.64836,232.57152,237.06474,134.21896,87.311775,119.18607,236.05411,223.746,128.1577,195.94516,148.27194,132.03354,148.25223,249.69072,327.5327,411.10034,346.31573,158.34592,84.516556,168.01166,273.94977,143.75807,208.04297,459.99603,495.24985,235.37375,158.86058,254.094,171.0836,1044.0576,978.9055,151.74571,206.22385,306.68878,284.79758,580.2138,459.97836,303.50714,280.71674,247.3856,231.86336,232.97324,211.87462,175.33041,110.691986,91.419716,140.82498,16.252928,136.27245,39.978405,76.1016,56.80755,121.17242,154.385,157.31967,188.58359,225.07619,223.4874,78.37402,85.24323,109.26182,210.045,244.8684,139.86517,118.39646,274.65833,188.7312,8.874144,165.15952,178.64108,291.89987,156.90776,60.248913,59.893333,110.11848,161.60121,263.50113,167.02242,272.2445,481.3788,511.08545,23.84375,Desktop Computer,$Whiteboard$Printer$Phone$Shredder$Google Home$Desktop Computer
566815.5,241057.38,8049.6377,10655.547,3927.7437,3368.75,3661.5815,1495.9305,2184.6116,1266.8857,1853.8447,13050.2295,57997.473,44319.402,3966.1548,1735.3302,1527.0603,1279.6082,487.70163,466.98672,1396.1854,268.2579,577.8597,176.56258,1382.2029,2497.3513,181.36496,410.42865,393.4905,971.8012,402.25162,425.45743,84.97354,422.68414,345.88965,267.52872,1761.8914,3916.1924,1714.146,142.31026,141.33542,325.0218,730.12054,203.56558,162.45174,366.17456,476.90768,372.4994,294.50452,980.4449,970.0578,720.35223,1319.3788,430.86432,580.4331,778.5866,348.51398,572.1932,358.39206,235.33308,494.59543,288.56717,637.0364,245.17647,175.76804,297.9656,102.97616,181.32613,97.41818,154.83528,336.12808,289.01865,43.58085,311.50595,413.99622,451.2314,84.211044,40.379013,62.53086,177.79573,163.03679,299.27673,115.90577,187.80238,64.04519,171.92644,407.13028,596.2658,430.56775,102.982475,78.716095,285.00107,417.98956,192.62868,380.78098,192.93336,392.22745,215.88078,60.899185,521.29987,730.248,507.6675,422.9604,360.98877,287.65112,130.56943,128.59409,395.11816,78.45543,257.59238,241.30681,237.12094,292.8294,162.44414,114.12821,141.10349,165.22069,284.61298,403.8643,300.73904,200.81415,214.17757,205.17772,232.17995,143.59122,205.4591,101.37286,313.75305,313.67908,410.56216,305.10675,186.67111,429.1195,703.91516,1217.4081,410.6705,718.9218,396.33884,109.65197,177.20998,120.18774,36.66968,155.7552,188.92435,234.8282,99.57592,186.3813,61.481316,165.85374,170.91017,326.35303,818.89636,623.54254,88.07416,363.66342,245.74487,160.47461,486.7762,540.2079,304.98077,109.90542,129.4754,80.85918,108.091255,262.68893,256.61795,318.64987,306.29794,378.74152,170.127,66.71816,277.4753,173.55647,337.63052,240.10199,117.7653,73.58668,168.3292,110.70944,156.19171,75.38578,198.37698,236.27805,351.96082,190.20253,183.94193,121.61628,191.2081,147.38187,39.362427,22.505651,76.90301,320.07837,186.93997,28.808296,132.7561,203.09328,200.19412,100.68746,113.28931,75.57471,53.85771,320.45633,903.66785,897.6562,303.37616,415.63086,408.24115,553.4496,775.1435,717.0998,336.18295,238.66434,245.13571,141.95172,122.4492,122.257706,291.66953,281.16794,258.89465,163.98828,73.30387,68.939835,187.45204,68.713,161.57413,233.11903,131.37663,120.387436,196.40076,145.68396,106.90386,196.9621,335.5472,206.18085,193.43202,113.52331,149.36485,92.37595,81.50902,115.67357,38.802746,137.95697,77.4386,106.0304,113.049835,189.91525,369.71893,385.71857,353.93933,155.94678,379.13666,542.9873,390.38293,245.43945,324.23392,692.5,Desktop Computer,$Whiteboard$Printer$Phone$Shredder$Google Home$Desktop Computer
568825.0,242260.05,7274.6704,9817.667,2125.082,5448.5522,4190.082,745.95575,2955.0322,3096.123,1669.1909,10468.229,58233.68,46577.273,5795.343,754.2594,1071.894,1611.6521,1470.8,194.24051,1039.8865,254.81679,964.83234,267.1948,2192.6892,3173.5793,1121.2712,45.992798,350.68765,198.34337,241.92165,308.74106,312.26566,216.07996,753.9169,229.86165,1208.878,3180.6511,1552.5952,524.55115,576.5523,528.76935,660.4718,94.440926,700.5328,564.9938,322.0201,390.60373,247.10223,963.14764,793.3659,1104.9825,1185.0538,274.90945,297.096,230.27742,222.22931,298.64523,273.92947,109.39321,486.6385,605.7151,532.1322,300.12155,411.3249,252.78954,169.21066,288.04095,348.79834,82.81045,377.5525,366.01694,330.47498,365.03766,403.80823,162.43219,228.81061,191.39557,198.64375,314.16177,305.15814,160.98317,159.78023,196.9715,168.33795,319.82758,211.8719,271.27365,303.3068,328.97424,378.53738,391.2629,196.14938,123.26665,277.7143,106.37813,147.78964,155.27449,125.978714,94.331726,428.9169,596.7773,418.20197,632.7308,344.0555,230.08624,169.99866,196.68282,340.72183,273.46072,148.71033,262.07648,356.71564,86.64936,38.023067,157.8315,129.5575,248.15308,257.37665,126.720276,176.85526,328.49506,221.30048,319.02798,217.49663,79.41864,29.284695,139.85036,153.41502,88.12121,294.86124,242.29889,456.28482,550.60693,725.24457,468.12335,676.15784,226.03606,99.94116,36.518723,294.86203,284.4211,212.57256,143.22478,250.72678,183.00557,52.732605,149.11049,316.07632,15.583711,327.85382,346.6551,850.0287,562.3065,233.89003,155.9056,361.7864,118.58628,425.8209,321.94302,78.659256,93.4766,261.05444,208.08607,61.034744,205.3899,213.96196,134.7532,129.52728,157.83894,44.058887,59.004307,150.88443,131.41661,93.455185,87.658775,50.446022,152.97426,113.88473,27.024845,36.58504,74.90834,78.78853,133.18892,79.55114,75.47955,101.89728,205.2924,185.73662,190.71603,43.61431,201.8101,284.76593,139.55086,171.82721,115.43549,152.40413,149.49501,232.58055,295.94016,360.73248,432.35855,479.796,823.0868,943.96893,217.2528,700.4922,459.73648,345.39664,161.99153,217.37271,248.24316,366.13696,265.6782,289.40894,160.94115,122.12926,39.68452,121.73284,78.3381,233.12135,364.61298,194.72066,50.38854,118.96026,145.1905,227.36792,296.13718,252.80424,160.69777,111.825,124.189766,133.8679,173.75189,92.06279,142.19539,176.58495,165.80415,134.19539,211.05069,145.41167,140.28757,215.88428,283.31842,273.17896,204.64742,187.51439,332.95074,368.87265,269.07874,275.4076,197.29245,402.19196,312.7363,277.34024,478.77838,495.6875,Desktop Computer,$Whiteboard$Printer$Phone$Shredder$Google Home$Desktop Computer
567500.9,240739.2,5142.0205,8669.28,3232.7812,2072.9597,4153.053,3069.2295,1205.5912,2001.7577,2866.3594,11324.089,58823.41,44438.973,4355.9727,1879.7706,1395.5496,1869.6754,669.94604,571.7071,395.82956,607.3259,681.123,297.46497,2149.458,2477.3713,734.783,167.09755,265.2607,544.4193,386.84622,144.68414,306.29916,872.12317,888.6949,479.68054,1222.796,3590.7007,1778.0206,403.03934,531.302,470.866,488.2607,164.14749,372.68195,518.76794,568.3298,214.18347,167.70917,515.481,744.428,414.7095,1023.8577,909.06866,325.12302,541.44324,534.7553,369.2688,486.9439,158.47113,200.51343,409.8084,744.79517,423.3665,377.71594,136.11624,122.949104,117.33096,235.81737,226.35988,150.12082,100.562584,221.42271,212.2979,438.30304,60.37324,241.11517,305.7755,277.9475,205.97906,315.47565,274.62265,239.25975,83.84509,99.50231,250.1069,282.7886,205.46635,182.34651,167.79276,202.18765,60.135895,134.30052,326.9622,256.89133,380.26797,132.91635,88.69158,395.14944,730.6231,498.82602,350.6958,202.02385,25.910767,136.73059,198.92326,370.3403,447.4125,420.5494,381.3463,402.95148,211.29575,356.85928,309.34634,81.9105,206.29141,332.05118,327.2245,277.17947,147.03455,146.36252,278.26654,200.36281,241.35501,183.49469,90.546,102.779655,248.8492,215.24797,283.08438,258.7378,441.40826,388.47122,654.88116,762.7514,258.53046,768.40704,506.0955,401.40878,392.1116,414.5369,101.52142,130.54904,171.93175,114.495995,107.90609,176.58473,80.71798,355.1406,679.2891,670.0457,694.3325,831.7902,242.05473,373.3,290.2131,210.69603,176.26685,106.31107,291.37787,170.18338,94.03132,120.77775,127.95619,84.728065,204.44397,315.57327,142.63565,68.312805,127.66071,76.86545,122.321556,114.29989,177.94304,149.50974,99.29493,151.92345,193.84094,131.31128,61.048077,185.41261,169.5013,37.254684,213.28615,225.86575,121.28137,200.3434,287.10352,192.58385,161.1298,213.5826,122.44999,127.597664,52.694347,151.29813,137.54317,39.32779,128.5765,208.73369,209.22862,226.51852,332.87192,384.37784,349.69168,619.53937,196.18895,838.4087,479.09515,384.0415,492.0157,565.6403,497.34195,523.1295,527.06506,333.33154,336.06076,408.39572,132.161,321.91583,290.3862,349.55402,331.7697,243.09444,314.6753,325.46024,134.00552,211.75308,55.276997,113.95352,149.1754,231.68289,87.52058,87.57671,53.677155,54.763687,233.38577,304.1357,148.0661,83.71134,128.00198,50.10308,66.51745,198.57448,272.57822,213.0306,311.2134,247.49327,132.34119,266.49536,497.68237,497.7302,470.5978,214.3522,600.6575,396.1432,240.96848,321.0,Desktop Computer,$Whiteboard$Printer$Phone$Shredder$Google Home$Desktop Computer
567443.6,241388.5,7863.37,9106.968,2412.2913,2437.3604,701.85516,1469.1737,2813.9084,3575.647,1565.0768,12132.385,57917.32,45374.26,4584.736,1284.3363,1098.4788,310.1996,812.20886,1278.7709,657.1037,585.7562,1007.61957,1144.0304,871.72284,2019.6808,1013.5809,317.3937,122.00091,643.1628,215.7204,551.5976,422.11206,427.87457,134.31915,247.58131,1809.4233,4076.1194,1632.7656,56.96268,569.56494,130.02475,471.58972,194.6597,504.2681,122.40822,139.83069,557.56305,274.0702,766.10706,361.04865,315.6164,908.9751,863.7294,433.37845,66.18259,140.784,463.60748,111.2462,172.29753,293.7883,567.39166,1000.63464,259.51767,112.05114,283.25327,108.78581,82.72886,204.41364,184.02081,219.6096,143.91437,247.26263,126.7354,616.6234,298.10663,110.34393,152.7797,124.70951,33.265358,134.11275,211.70935,262.9867,194.16644,151.67183,187.91129,180.52162,146.63614,208.78583,118.896225,144.93523,47.275597,31.48476,108.43034,270.0572,349.88882,377.86456,48.29763,152.94751,346.62018,706.78424,526.91833,204.24701,103.17136,229.7501,222.53195,518.54065,357.1017,249.72235,145.15799,276.298,71.05659,183.16882,249.0049,250.16634,369.8876,204.67776,302.95242,76.898544,140.4611,86.538506,28.806473,252.60127,167.18378,226.38408,337.70016,381.2305,494.23407,295.1066,191.57497,147.16403,392.3456,633.0611,973.48645,1321.9421,517.5986,318.8603,241.23958,188.67953,222.55417,133.74503,107.94561,90.855835,126.38089,43.16565,30.597847,223.47215,172.02824,142.23083,408.33575,423.9761,367.74094,773.71826,727.9669,191.60632,198.52104,270.60873,362.4032,154.88284,15.944815,157.51314,262.8559,463.93668,302.5153,151.39514,110.70397,204.70595,138.72083,69.75391,106.45327,52.682102,112.49134,103.00554,247.12581,370.09528,207.12137,57.186855,97.29954,90.35422,139.13907,193.23294,335.3077,76.593796,51.239574,111.436134,230.97513,311.23224,379.37857,99.48944,163.3339,219.61981,192.16794,27.042896,131.57436,194.33755,301.22318,346.9881,91.53653,16.453842,181.10738,288.0973,210.64343,384.8477,494.36142,601.9979,773.8244,905.15094,880.1388,345.5692,402.0975,475.8922,370.92188,181.63313,224.0056,133.64293,245.14333,52.943874,380.89328,357.14133,315.2749,261.38138,91.01247,113.0496,310.36487,266.6243,189.29854,126.31965,304.82855,281.54715,119.57885,327.3839,157.19954,160.76067,150.7205,106.84695,60.25963,158.96994,184.96265,153.82622,128.89278,83.742744,194.49059,200.24045,97.49609,104.894264,46.453625,189.30974,481.48935,432.3505,359.78775,332.32147,215.14888,440.84628,620.36237,723.5649,281.16504,288.75,Desktop Computer,$Whiteboard$Printer$Phone$Shredder$Google Home$Desktop Computer
566514.1,241350.45,6922.417,9044.358,989.8131,3156.799,3053.659,493.7211,1361.6377,1957.7915,2100.69,13123.282,57690.04,44650.832,4513.118,1473.0021,571.1289,634.712,952.2614,805.2067,151.69713,1147.908,364.8232,982.95197,3149.7556,2455.252,198.00577,482.15765,328.70245,539.43787,333.20038,447.07657,828.47424,172.2357,856.868,1040.4341,2078.1077,4699.9224,2077.6936,391.39737,500.6612,112.28979,298.12988,269.8822,578.1267,432.1204,414.1233,283.10492,653.8345,1256.9647,1003.7898,542.77814,564.88367,243.02673,419.61084,549.0839,732.78766,460.89734,146.96805,342.08588,66.86705,634.8198,727.30695,340.12808,424.47314,215.72333,98.18775,125.528114,187.78236,304.18906,68.33581,302.13605,515.43665,305.63013,529.4028,196.04929,297.22955,237.09068,175.17747,50.17702,102.947624,71.03017,170.79507,141.78568,137.20891,56.014137,144.21117,141.95154,226.60437,161.97713,202.28302,111.257484,45.58842,127.631096,201.87238,181.88359,336.328,164.40106,100.9636,379.55405,432.067,521.719,502.65488,507.29712,397.5625,57.467724,204.33119,280.6788,420.01694,409.70544,56.395844,126.11395,129.18715,166.14326,240.22824,225.24242,244.02017,178.13084,78.59134,225.92705,212.54842,186.98317,82.938675,123.59284,102.57851,224.383,140.15976,188.94797,178.26857,74.543755,203.25131,263.43158,530.4037,859.69135,1161.1266,78.88407,474.466,240.84344,103.72548,177.95508,299.02158,429.8405,380.9699,126.88662,45.589268,100.04455,25.475334,281.83194,346.0141,64.2857,376.95642,68.18011,314.94806,672.76605,217.16263,398.66327,292.54303,63.291744,122.62377,135.78394,226.55673,368.42786,72.64571,226.7757,226.86708,85.17141,390.55624,401.55588,199.70749,61.811306,118.867035,134.53,139.25848,123.15643,145.19362,82.52378,256.34067,291.60873,259.78436,166.5408,219.27301,121.06842,87.67186,175.96263,171.04561,156.7398,269.79614,309.48474,281.68982,187.44714,149.90527,184.0637,269.6021,443.93643,501.54852,229.85568,276.43527,215.55634,163.96538,326.09177,308.97656,421.21008,195.07207,207.72672,411.3842,551.5652,500.0611,274.62302,439.02576,834.69226,584.8429,212.48964,145.97546,152.45114,116.11284,299.20547,191.81021,202.64418,148.09644,52.70686,208.161,188.4246,87.00231,129.3202,354.12445,257.92636,77.467285,67.53572,220.71765,280.1049,279.45688,206.02353,54.3231,184.62741,209.0435,242.2931,72.524506,127.39758,51.037556,132.75203,186.47446,139.95773,107.29769,35.62801,105.697426,86.806854,86.93966,157.48805,305.0729,150.1641,160.24878,348.9921,176.46759,159.50803,341.38275,317.2761,371.875,Desktop Computer,$Whiteboard$Printer$Phone$Shredder$Google Home$Desktop Computer
567465.5,242714.0,7391.5723,10571.834,2276.853,1557.5664,3396.605,2569.2449,5102.4146,2511.767,1095.1461,13866.102,57578.234,42567.977,2123.3132,4044.0974,3984.354,1980.3611,2128.8765,1073.7942,630.7642,952.5914,1257.8774,929.18805,970.5431,2041.7001,440.77887,368.99927,112.01771,723.8935,431.09946,525.9373,370.98114,166.97833,138.92943,419.39716,1754.17,4670.8086,2098.4922,454.9522,625.4883,379.67123,282.94147,315.44336,465.11017,267.2257,285.6731,706.8702,784.0023,469.4666,415.7864,202.74379,806.3748,1438.8076,693.95,126.13206,286.6826,278.5908,403.298,429.8195,59.405277,630.11664,918.0238,396.9135,553.1271,476.28067,560.8424,496.24222,389.28525,175.30388,218.12259,280.15768,252.04012,531.1756,524.26324,456.57245,254.37128,213.93384,258.61798,314.92975,283.3635,184.03896,222.82016,65.16884,218.25166,349.3674,271.43488,297.4763,311.7586,168.4958,103.10338,40.091637,141.67307,199.30391,269.05594,267.2304,185.87077,376.13058,834.53784,867.12854,352.2082,363.20602,313.5533,486.62692,306.94403,338.2964,389.10443,119.53564,417.2325,434.63696,149.51367,108.60275,30.1937,86.24357,297.40363,306.9972,215.56801,149.91629,101.30311,262.804,206.669,149.76115,105.860794,210.14717,176.26442,42.596436,239.0119,126.912544,218.47762,337.57617,489.9379,485.33533,528.04895,819.3287,1142.461,167.53743,736.6619,232.21916,123.96441,113.45595,114.97156,60.500977,97.521774,79.74889,86.66099,251.01183,178.76257,114.042465,132.95999,165.60783,208.95026,388.23645,454.47415,190.81068,500.1157,128.03134,263.18497,317.5225,299.05045,299.28665,147.00821,143.60362,106.08355,211.2004,374.1474,257.3491,136.27138,47.653526,120.79263,86.3245,59.553036,127.76921,45.639618,137.28851,213.05148,246.06198,202.33786,192.60199,202.57726,77.05148,248.14906,173.50517,164.67879,73.95699,82.978455,30.604818,161.3189,413.16824,459.45468,382.5862,242.96808,168.99959,147.70679,127.99653,113.39617,79.09026,301.78183,64.357834,129.85352,321.7071,200.85147,239.7997,460.43655,371.04883,640.5419,649.3878,352.94113,873.2524,111.71877,577.2697,474.8196,164.38968,92.6744,271.71588,258.39655,383.13397,417.65164,178.70454,137.19872,93.24102,66.54658,138.28839,133.32031,129.46873,226.79,99.79773,45.07338,71.47731,143.46805,87.5622,93.94794,119.50602,94.23957,311.6432,413.03366,402.81662,373.33362,453.76044,236.14143,131.69173,152.83353,162.74326,246.42152,195.23488,161.28806,120.683014,206.89069,46.483772,172.03877,228.48645,282.4521,210.38129,300.8382,81.09644,290.8758,488.5459,341.96875,Desktop Computer,$Whiteboard$Printer$Phone$Shredder$Google Home$Desktop Computer
567926.25,242433.64,6596.7056,9670.688,2502.7075,1990.5387,2777.8782,2183.4968,5296.7188,2868.7507,2216.4058,12083.528,57070.46,44060.26,3684.3394,1497.432,653.7479,633.6806,538.7245,1440.7465,1107.3035,556.45026,1027.747,1230.9158,1305.8007,1895.827,404.708,461.11078,570.93243,659.6745,1332.908,1364.6117,722.5423,999.0376,918.8479,581.723,1584.6519,3918.621,2172.6665,326.83102,319.98602,865.06244,188.60478,405.8485,356.00635,189.21301,338.31125,493.36432,515.4247,1255.087,1024.3104,724.1688,441.43793,817.3078,1173.7549,361.7676,144.80132,491.67462,236.44656,232.12158,356.61047,144.45845,447.93167,331.88986,294.7018,64.43693,67.60299,255.89441,156.48972,487.63528,271.28223,176.7162,287.12573,267.42087,163.35112,104.4708,85.63524,361.98413,244.44583,123.03291,160.07658,220.68398,218.8929,161.38979,160.5304,214.67892,85.38327,197.20964,293.77158,246.4225,147.3944,117.56859,155.70245,258.1043,182.68669,181.84656,462.81412,621.2241,989.5248,603.6537,131.79976,127.96038,479.51895,535.4687,151.83885,385.98337,322.37442,263.39255,179.96642,126.01296,130.87416,178.14984,88.62221,253.50307,231.33092,142.48831,379.70157,302.20233,77.640205,107.295395,205.70071,71.813095,254.43271,309.1058,347.68146,408.90506,524.45636,397.0667,82.08818,180.94528,221.15869,330.67017,264.29297,701.8479,1250.0052,355.3847,855.136,444.5946,204.55159,137.86604,218.29567,29.183277,83.73456,98.119255,338.88892,301.41257,346.29358,303.4415,219.35571,205.71634,504.8431,716.06415,891.2903,338.41522,70.68233,242.96353,309.00052,144.52892,300.86386,515.7275,293.7229,72.593704,141.0793,287.94415,284.20868,88.626526,216.00012,199.92937,158.9504,107.33845,256.7566,160.10342,48.92605,80.70003,56.53605,69.51255,194.54646,248.78888,312.00537,179.22263,198.15312,99.40285,86.99743,149.68456,129.61752,139.1094,122.96741,12.224558,40.50592,133.186,288.2133,186.32477,88.778725,303.3912,355.9278,263.53333,195.70958,160.97215,113.81479,113.33279,273.00082,538.0578,457.8393,138.93434,557.39874,939.66235,929.7774,303.76566,615.7538,533.39685,563.4353,260.8062,29.712074,153.65619,235.02234,198.45639,65.840256,93.36818,223.87508,216.80446,289.78595,373.59387,369.471,231.85085,161.18016,202.9469,72.24237,159.71286,163.04681,268.66116,176.81297,12.315315,211.0776,148.23082,107.14314,176.62291,27.600489,273.5116,167.30113,157.31003,26.61304,231.55898,160.75064,353.71643,98.7401,126.09996,181.63329,533.6167,566.26575,404.3658,263.14996,269.47943,133.50775,81.51555,298.21243,483.95404,140.0,Desktop Computer,$Whiteboard$Printer$Phone$Shredder$Google Home$Desktop Computer
566534.5,240983.17,6368.947,6173.5186,1864.584,2029.216,899.6343,3459.64,3353.5212,1550.0667,452.5012,11544.636,57658.7,43608.348,3330.3047,1608.567,1701.5396,1988.7573,1058.4446,791.6573,1257.9698,918.59534,661.4085,666.6474,2155.11,2234.3843,413.0202,475.44263,671.11847,710.7855,371.89493,855.7151,925.3122,709.62256,526.90924,455.97034,1675.7054,4064.3574,1954.8501,472.8847,158.28331,397.1704,721.975,94.95481,277.35773,520.1613,358.64066,247.2407,61.44328,864.4451,1000.4258,601.18256,552.79376,985.47095,744.98474,304.25735,201.24449,157.14172,217.33997,105.18651,230.36842,264.14685,355.60126,58.294838,477.56522,376.45776,67.41477,86.28688,306.38242,278.28683,358.9181,330.1513,171.25955,111.891495,48.04706,192.12744,75.7121,123.07717,347.60977,132.53322,192.85222,108.26517,44.185017,316.3916,184.25668,142.14816,325.30228,324.30685,217.24948,120.065506,313.31366,356.4442,296.5596,244.56606,535.9192,423.61505,273.8271,403.89676,323.25577,678.1271,267.68274,141.48799,410.4129,551.4822,100.526825,44.88919,385.94492,323.68,343.68842,279.72977,336.34222,261.05243,183.24461,228.23532,164.4131,147.84772,352.16852,372.99872,195.05914,169.06773,278.87497,98.627396,105.44884,52.922134,266.91516,223.7647,261.45715,89.68483,120.4699,232.0263,162.5337,343.00537,460.31525,836.45624,915.4942,314.01913,719.98737,233.02235,53.107056,139.76694,226.00552,136.67682,217.65202,249.46603,329.2007,299.5019,254.49194,27.468273,234.86891,486.10284,718.274,423.6291,825.5909,734.84534,222.5255,215.03285,327.28192,312.04584,211.24828,80.83629,148.06029,89.94116,144.50659,165.04242,110.87602,94.88779,31.546133,237.78018,119.67403,97.54445,206.1666,100.38677,107.246895,109.246056,56.28043,58.03208,158.56638,177.05342,281.55536,197.83894,152.93839,182.43335,195.07063,251.72218,201.29224,29.269064,125.87611,86.24005,170.25311,243.75626,441.33878,355.20395,165.73068,228.98238,308.3826,494.10538,301.24435,122.13847,341.85416,428.485,382.1508,359.15765,542.4134,389.9898,342.36115,177.15027,341.4581,637.2748,687.2387,588.5206,412.01834,185.73596,150.48912,270.16446,264.4896,81.77399,70.96793,45.7613,156.9225,152.22252,93.950745,44.56422,207.30193,162.22742,149.10669,264.00195,327.045,206.8587,114.39351,70.57534,130.35826,115.58502,159.94162,125.1285,86.4908,242.30891,276.15955,101.85115,95.53437,268.4681,269.6509,197.45981,144.8691,241.71744,247.9588,92.65051,136.52145,63.82663,287.1461,304.44583,384.18716,459.17236,323.65308,77.21452,237.04242,282.31378,340.0,Desktop Computer,$Whiteboard$Printer$Phone$Shredder$Google Home$Desktop Computer
569328.4,243627.16,8017.579,10487.059,5122.936,2463.3005,3894.476,1076.5336,1979.6473,2915.991,3895.1309,9532.264,56439.797,44558.508,3541.314,1230.0726,1843.0498,1428.8307,612.4337,1799.9524,476.9799,920.3183,635.21844,1011.6074,686.5149,1445.4703,597.7848,731.1526,909.5447,552.1274,767.89374,416.32977,489.4101,621.8076,589.76355,447.6271,1132.2891,4243.5713,1625.3865,637.63116,264.70782,220.1606,201.69069,219.49161,421.12512,206.39717,388.77817,164.69829,552.9176,957.4256,952.9114,464.16312,662.7931,1327.5365,859.7312,392.42792,565.6896,488.69708,471.10654,457.37595,207.94255,619.32214,484.78836,226.47015,283.10968,366.18686,538.50323,353.42432,253.0215,177.69348,202.16283,109.53499,249.43913,163.80511,213.54152,141.03271,233.39832,243.49051,403.7327,368.7066,54.632545,84.55967,232.15993,174.61163,91.73713,117.18973,363.88806,316.54636,262.86508,304.9337,434.75037,345.11026,333.19736,239.08531,242.60236,358.6959,433.35696,602.483,606.0656,818.9919,320.45837,467.7935,302.79227,275.95325,177.1895,187.73251,446.732,365.57477,379.76724,237.7911,180.2625,270.94098,300.20508,142.78387,143.90617,144.46944,130.93042,234.56018,337.1123,475.76868,247.31914,85.11217,135.36665,91.31297,110.99577,57.323013,95.29405,214.6523,386.18542,342.78674,364.83792,492.31558,495.10245,678.078,1170.1359,200.01068,479.23517,218.05048,207.90596,51.54236,153.40558,208.36441,71.28066,33.18811,138.37071,207.63202,73.9438,88.50235,155.02344,142.72046,341.44833,637.7701,851.2699,579.0862,357.02838,337.23373,86.330345,435.33395,323.00482,84.02768,168.35971,331.06284,398.52332,359.63727,342.2192,405.46512,326.76416,214.82043,60.950417,90.28815,76.942505,227.47314,278.42102,96.48703,81.379906,68.74298,131.31451,110.8238,96.54435,80.92813,82.88028,88.81841,118.325096,135.52971,120.68833,168.04976,166.2729,174.28128,387.9207,370.51306,111.17474,133.4721,91.35629,273.20135,268.47696,161.70331,372.18887,260.1481,306.49707,221.27603,437.91174,287.258,94.86985,297.97327,209.92776,1074.9026,895.4811,249.05598,431.22446,469.79883,485.95612,278.29968,163.82413,175.11671,69.32767,278.3942,149.9785,123.4783,128.12337,108.68578,61.95048,148.6528,164.44643,201.37549,63.722725,296.36203,237.59604,87.83421,52.39164,132.04488,202.93074,333.04053,137.97284,66.767136,187.9407,140.66673,41.749016,58.53467,55.822594,93.34123,253.60545,385.15842,239.28654,117.078896,51.690834,320.71313,360.42365,210.51007,325.1863,485.9825,310.96902,294.62155,125.345726,361.90646,396.60248,54.371338,342.75,Desktop Computer,$Whiteboard$Printer$Phone$Shredder$Google Home$Desktop Computer
567933.5,242210.88,7431.0293,12976.891,6750.925,2713.248,2859.0972,3719.4338,3705.5562,2934.3354,1164.8314,13833.024,57850.406,44655.445,4105.352,1461.7866,836.9469,2637.9028,2167.7676,1465.7917,1449.131,849.3364,1142.4004,377.96832,1918.4928,1482.4537,892.6191,754.36926,1459.3893,272.06277,683.7113,1234.9175,1394.6757,976.3465,421.46484,1503.3392,2192.5884,4656.1455,2508.8313,286.0746,904.65393,519.2517,380.78354,18.4688,422.60355,269.17984,127.45724,504.95404,613.26495,900.9395,611.9424,893.5929,1277.7936,1115.3151,333.50555,805.023,969.9973,543.669,448.3984,326.63593,490.9007,606.75775,806.1987,236.772,135.40518,124.755684,11.116589,202.89075,170.97546,413.6282,613.91815,664.0436,163.33757,206.33304,349.6412,235.28745,422.03116,259.8813,234.04668,234.27338,208.10051,182.39517,195.44444,101.47644,310.8541,297.2745,121.26519,376.82257,326.6371,385.29517,553.73157,265.3008,27.096815,319.51822,511.69244,152.59116,199.88707,110.808395,168.54596,461.43942,875.63727,810.0877,374.93372,315.5428,197.97531,72.422844,323.06943,677.9008,181.54184,165.2315,73.05657,327.9227,383.27536,498.28766,325.70407,375.41946,220.47044,179.34633,170.87054,117.29478,35.94553,135.44662,231.43747,202.91084,293.02454,316.71216,217.04683,101.70723,463.17563,354.43036,370.40952,339.5424,414.16498,788.4891,920.83496,178.83646,559.6084,133.59877,172.47432,210.41125,93.256546,165.89581,119.55344,100.078026,396.45636,330.0236,224.73425,235.22243,188.75368,52.463406,697.29846,633.0112,443.25507,288.4054,241.04955,417.30444,201.78993,196.07216,222.71806,504.1604,498.9871,204.16774,107.773506,202.68745,116.99615,252.19489,229.41484,164.05685,323.96085,355.3082,409.30432,197.87576,20.74786,208.88098,356.93097,479.8516,169.56819,237.67506,214.63191,95.81142,100.76214,156.51202,23.890247,27.204973,41.104443,168.97768,266.2936,37.972862,155.32626,301.33466,201.68266,380.5541,404.4683,248.83139,342.1267,316.37967,224.28915,17.56249,74.062836,71.223595,198.51624,495.54794,322.41418,27.447956,811.6129,969.6906,226.19414,641.07477,783.73914,679.4914,535.2112,351.3877,267.86453,208.10614,402.21384,226.05646,272.49408,175.16888,70.0323,131.98306,202.66289,85.72614,129.29643,226.03401,158.3585,151.31763,199.61847,234.09729,181.14066,261.3125,216.00421,184.5944,47.394657,167.48834,107.61247,164.7294,209.33202,253.62381,311.60254,127.09473,117.78309,72.53503,98.46233,18.090752,154.57506,236.18669,216.75471,172.46878,248.31543,393.26584,334.59296,456.47443,410.7791,542.9602,207.8906,521.4512,51.78125,Desktop Computer,$Whiteboard$Printer$Phone$Shredder$Google Home$Desktop Computer
566288.25,242923.48,8006.2856,9370.385,750.5476,1213.3975,1205.7708,1181.5448,2611.624,1045.7198,3590.1914,15084.89,57774.113,43179.53,2945.1863,1457.2355,1934.2627,946.73663,870.0846,1494.9597,1859.7053,1167.5251,577.6882,829.482,1688.4186,1837.0745,771.55634,51.810333,285.1845,405.03052,627.3485,706.0427,1016.681,262.10315,946.58997,778.58704,1866.6852,4107.95,1608.1996,233.03825,411.17102,422.2015,394.27304,275.66342,293.84998,599.762,501.02194,140.02448,673.1633,1030.6711,722.09235,343.0035,890.26434,1541.0154,928.4273,448.04184,731.2878,507.36722,473.90643,294.16626,310.16144,394.47278,670.65717,578.7576,637.08496,444.005,292.4774,417.6854,238.79636,185.84592,121.433716,254.46577,226.19193,324.0935,439.15558,324.77924,294.82452,222.18004,246.17786,169.22655,174.30893,258.37473,375.00565,152.85524,399.37488,231.19025,101.520454,121.92114,74.586105,286.0033,234.16045,301.9936,100.914154,355.57642,23.78682,310.624,270.92712,311.88498,329.72736,285.349,432.7257,252.41988,267.37088,389.49832,309.04254,235.33606,622.5564,533.4237,168.54382,282.09793,404.8156,243.06766,483.2393,128.36436,215.33879,83.7824,340.77084,410.63998,423.8228,197.35803,188.26253,204.81488,234.65083,150.51189,135.5104,186.40785,198.44424,179.2195,108.13232,198.02083,164.36488,180.00896,115.24323,591.13104,1129.9357,539.1546,512.1171,523.41724,279.20724,115.05203,83.822914,59.34762,216.5588,316.25845,170.7444,417.53156,362.87155,539.7108,386.34366,323.7058,638.5495,379.63635,302.94153,431.8866,194.16847,194.73306,201.5524,97.209335,21.748877,282.64816,166.01807,144.26848,304.2967,353.1462,261.07306,386.93387,462.90866,316.08698,334.54535,361.99234,240.2945,221.01068,70.22699,151.47002,55.948658,263.55453,261.4063,231.61797,176.19519,288.7124,260.8449,111.66157,160.04482,248.55975,241.36296,242.53734,151.91539,306.38202,86.107994,161.25775,122.31775,112.08061,176.8834,351.36887,222.9124,72.058365,46.10687,144.39696,260.05038,396.63144,394.3928,248.81964,644.19745,1086.0764,835.42487,315.29028,306.78143,536.0196,770.4859,224.20815,225.65622,345.95557,283.45377,305.79596,513.2088,425.72983,169.792,129.41072,165.26353,136.05687,144.52863,73.61125,98.65436,79.33135,99.05856,337.127,254.34456,148.4974,103.7953,222.73973,165.10687,73.65875,33.39266,201.02292,268.38077,252.62321,237.12163,162.28311,428.1242,323.9952,161.24391,115.60356,164.51611,172.584,104.46975,22.163715,126.888115,111.01796,137.6293,82.3776,113.224174,410.3851,275.6755,294.35364,303.7115,339.036,736.84375,Desktop Computer,$Whiteboard$Printer$Phone$Shredder$Google Home$Desktop Computer
568176.5,244639.4,6097.6753,6577.5425,952.63947,1730.2122,1638.6425,1949.5465,2144.8132,1669.6149,1057.7466,12699.035,57290.754,44073.812,3418.9077,847.4816,1552.1105,1451.0057,1245.5262,191.48618,433.33298,136.71725,829.9268,585.35046,2159.9058,3188.2402,785.1204,215.23624,284.23862,327.02466,141.56242,473.87317,264.1932,108.00853,242.23267,151.34366,1334.6459,4194.9956,2093.658,188.29759,552.9369,500.32983,206.47017,65.36127,212.83044,107.005806,180.1779,440.16895,394.76727,868.4189,594.8162,442.53104,744.42645,1044.1755,385.63165,235.06508,254.40918,276.13895,87.14255,203.33928,305.05017,233.90721,355.08905,261.07474,45.614082,177.84961,191.01599,140.43983,100.17448,376.41254,184.82755,107.393,59.977478,209.42825,371.95126,298.63354,95.91773,34.884766,91.12251,180.41005,174.41986,153.31479,130.89613,287.73633,421.04053,252.53363,83.13905,220.15117,232.24527,130.1161,252.1009,207.74724,27.80101,89.1697,280.62347,157.09592,52.064632,125.125565,294.66638,639.5778,843.33356,360.53815,342.35217,417.08017,387.6866,555.344,119.99261,367.15158,369.35883,298.1863,151.53963,208.85675,259.29834,160.47658,319.0024,114.80418,216.94678,122.35491,170.81679,179.49493,44.74848,25.979712,171.62645,258.58804,189.83984,139.1991,210.16835,221.80452,176.2356,62.379204,150.05495,322.84506,384.51617,843.0262,1030.6226,74.39978,266.42752,231.03767,239.06021,132.99348,22.585678,176.03261,201.56058,316.38852,129.63164,55.55276,123.607315,336.6158,41.434437,307.94583,218.64684,228.58923,789.73724,798.725,209.81252,364.33582,225.02216,303.11234,491.21902,289.22845,211.30943,332.47913,287.01855,121.56005,112.130745,151.99841,121.70467,11.22301,125.86045,172.4616,110.404854,261.254,245.58318,35.52176,310.958,78.391846,161.23235,261.334,220.50609,136.96599,45.92704,250.34918,277.95523,86.466156,56.3773,127.87329,278.18497,59.912853,98.84689,303.05695,239.21603,54.579235,90.71036,118.56447,124.01576,88.52282,217.79904,357.64822,373.9803,562.13257,345.76376,482.73953,260.25833,246.91385,650.6208,898.8292,183.5147,852.4409,891.67505,507.6979,281.8167,178.76682,212.11302,182.34438,249.63747,365.49506,9.378026,86.704025,124.482216,115.43601,76.82236,207.10901,134.62373,165.62671,305.19003,128.72672,179.24911,275.36548,157.34207,165.26526,182.30244,254.1502,176.4582,163.67792,80.171165,126.48468,116.885506,211.0871,147.2588,202.83046,215.80525,97.65819,111.54662,89.734,119.37848,200.40103,95.90262,71.53986,64.28644,356.54224,396.0759,681.16376,703.60675,295.48642,182.4626,167.75613,119.53125,Desktop Computer,$Whiteboard$Printer$Phone$Shredder$Google Home$Desktop Computer
566930.06,240868.0,5116.2905,7661.0103,2572.9788,1440.8395,2062.1924,2321.6328,4273.617,2507.9485,3237.983,12046.542,57844.207,45214.16,4841.123,2108.7966,1006.7572,959.9704,782.7498,1077.06,895.6596,1408.809,962.5575,381.36774,1161.9684,2077.3477,627.2412,385.68863,502.60422,457.67,707.7549,404.1218,311.63748,291.29044,469.78754,467.92303,1871.0582,3735.5002,1470.9252,1088.1558,635.90247,281.71915,393.8615,416.42303,557.76697,540.72955,135.81693,157.8264,133.74268,704.3498,609.4617,71.09231,411.6618,1199.8606,1033.612,229.07172,172.02405,173.8319,142.16504,191.90263,209.80788,357.83994,415.0316,151.74472,330.79074,279.5056,331.75763,229.50429,347.93048,125.087845,318.39023,316.94968,332.0729,197.73315,564.0311,319.50613,174.27386,116.731895,260.20294,446.98718,327.18582,222.66403,240.80853,164.5167,65.55578,254.59727,98.03919,196.47615,257.67352,162.57112,100.81046,368.76456,292.40668,217.51581,317.95053,526.4355,348.30502,302.43167,523.7097,422.4881,711.3989,215.36967,141.20605,199.62158,256.41174,39.08837,118.901474,477.4838,177.73236,132.93492,292.83817,468.00208,491.5408,210.49976,125.76295,289.41498,141.51735,193.35681,192.16208,110.37343,185.6301,169.96179,90.8622,122.76587,137.91887,182.41118,269.71722,304.2834,85.74312,90.839264,83.54486,154.69994,260.8393,459.57004,983.17487,354.6135,541.4938,306.66663,136.60646,93.65333,105.04759,126.66914,129.67456,91.35717,96.07332,60.997974,229.5411,123.02715,136.85199,312.94894,594.8853,969.7029,559.2488,487.6344,546.5733,74.2647,183.71724,104.93196,201.31282,260.45026,181.81421,471.3459,81.06224,45.714607,187.29938,173.19151,193.15703,90.394966,144.6452,241.36069,411.89362,331.99188,162.07698,343.37155,60.996296,228.5094,140.18481,87.778534,92.36319,232.58557,288.20126,193.57971,161.4431,294.4528,244.22484,95.39958,126.32623,121.82519,261.37885,462.86816,332.976,201.6416,184.05293,235.70201,134.33179,56.642742,268.7507,293.58893,392.14368,383.92993,384.05228,511.6143,564.6386,368.61502,728.36163,1050.6538,245.56937,962.4258,672.3566,441.93845,370.23914,403.70218,333.26974,372.48026,433.45578,261.891,233.04741,176.13908,384.31354,480.9007,407.22482,395.81046,52.68974,105.447205,22.384783,79.73322,89.02386,164.65788,212.69623,234.90573,100.08556,208.2869,292.975,125.86802,37.30608,207.97516,185.51532,159.14076,221.98163,265.65268,238.04274,307.55185,256.746,293.94733,279.3211,315.83356,415.61475,337.58148,323.9338,153.74657,256.63397,479.49985,473.38104,332.6398,386.0816,354.4631,165.6875,Desktop Computer,$Whiteboard$Printer$Phone$Shredder$Google Home$Desktop Computer
567553.0,241411.02,4306.1675,5287.33,2525.3328,2045.3413,444.38132,4156.241,4788.016,2164.9365,716.3702,11022.438,57703.125,44199.6,3113.0261,2360.951,1706.756,414.4841,762.4799,1815.9489,1014.8737,452.49268,806.0011,261.86118,2262.6902,3094.9934,1118.3923,686.10675,768.2958,784.90393,374.9362,259.38364,769.7234,578.3139,196.79837,187.61885,1648.3761,3962.6436,1541.4575,220.58359,144.52559,352.2456,178.72003,115.59525,265.76007,61.77085,164.54376,181.24283,59.694244,653.4762,929.02905,508.5061,505.38574,940.5722,235.27438,267.27304,260.2986,229.01941,318.40698,198.66345,336.10425,799.54175,828.55176,262.27344,55.41804,180.34732,206.71255,218.91913,214.90288,406.163,517.7322,465.9944,352.78537,186.22174,402.42606,145.73853,147.35126,136.1796,152.29874,174.0127,264.50827,267.72418,196.84692,80.31126,117.540855,95.909454,200.34785,131.4802,92.41017,253.85909,91.98829,195.3458,105.50491,109.71099,100.184296,153.01648,200.61911,400.57202,918.22314,753.2669,448.65863,231.31546,178.455,270.106,308.41885,283.97925,349.65472,169.16817,210.49928,208.58443,115.17507,203.75685,193.86745,203.34273,106.91827,189.10594,291.40558,116.52375,31.470793,71.2052,59.460995,172.01028,265.26218,260.85245,233.56358,241.61844,112.71663,119.6889,271.96033,174.88188,65.23215,179.46872,436.02432,938.0567,1149.9755,179.08913,557.1384,323.1781,167.87515,200.3935,238.3311,105.248695,178.39026,217.69139,325.849,323.07413,283.49203,339.71298,274.3892,321.3143,341.23257,683.49774,490.44733,251.25327,55.930996,132.04439,323.05743,492.71793,493.6946,172.39278,244.35744,155.54991,261.4809,295.41077,223.86249,436.73495,300.72092,185.29431,196.98676,54.165287,223.98885,114.354706,232.49016,136.86609,104.864006,90.924126,83.48952,9.778044,78.36327,103.94635,102.60026,65.82127,94.20867,42.930954,73.60615,89.36542,249.46326,249.4709,276.0238,399.99084,125.97637,258.0604,180.92139,65.71028,131.62968,328.67233,310.90982,148.77686,138.44238,162.39346,173.94243,238.80057,223.51694,608.5584,1012.15735,507.95056,722.04285,197.65747,143.6835,748.14935,793.9117,798.6924,554.7119,363.76752,518.5223,497.64587,308.52655,265.80115,162.90117,333.8425,354.69464,312.32794,173.35889,125.35332,53.876606,32.224464,116.21324,177.26392,100.2866,73.64772,36.621666,40.1057,157.2228,257.68533,457.8959,485.0556,264.41513,174.25108,97.97068,148.67973,152.79749,49.94194,164.59079,290.83792,217.25273,113.98381,153.44624,409.17282,371.2218,485.95523,520.7971,136.66687,145.17812,199.16772,47.33343,113.429886,105.84375,Desktop Computer,$Whiteboard$Printer$Phone$Shredder$Google Home$Desktop Computer
567339.3,241735.97,4262.3296,5685.9614,3890.7273,2433.748,2942.3115,1186.9562,2006.2853,2087.2158,2147.6946,11304.032,57071.277,44018.566,4052.9368,2467.7002,2275.5796,919.8623,956.07916,352.508,1621.5923,1168.3936,761.1756,584.4695,2784.8357,2872.0059,1104.1466,798.2116,374.87143,866.54816,1099.5839,811.3295,180.80035,381.1621,527.411,703.0174,2064.3123,4458.338,1885.8806,138.35178,245.72652,150.99289,251.77158,331.361,284.11115,144.3886,309.0748,287.4717,127.639145,62.800858,190.76822,939.84204,1182.8181,301.53357,476.87332,414.67413,486.66904,463.98102,352.42078,504.7432,228.06964,834.04645,937.5214,651.41943,191.66376,302.62247,126.67255,313.924,71.44425,168.71164,141.8663,134.4997,69.254524,184.02332,410.91986,399.9188,257.99014,297.55557,325.6477,96.02648,100.359795,42.080395,132.99763,150.76764,169.845,86.5993,135.47813,150.40826,261.69556,240.63124,153.5319,425.62836,281.84814,98.591835,70.05186,410.9244,375.503,185.99709,180.9701,530.5152,781.2153,615.9044,279.7999,98.65356,144.09706,411.85663,559.86206,254.79062,161.70874,161.086,262.8972,218.58034,32.132187,240.85858,257.1523,285.0963,79.759605,117.11117,248.08597,315.85492,106.500496,53.949604,78.493416,129.79326,241.68045,87.751595,221.50496,83.91344,252.03506,327.09375,258.85138,119.510506,175.10338,654.70776,1201.2222,347.1535,490.7478,364.25378,116.76465,132.8257,212.33911,329.2344,185.65646,26.629915,182.24188,224.60588,22.244032,76.69768,111.514824,62.17446,175.87982,255.53207,553.4049,179.15868,687.9388,707.2441,249.97197,162.06592,222.06268,122.7299,281.8373,327.19617,303.20087,160.6058,68.83519,88.94375,78.09518,187.7185,176.78682,368.9258,193.82262,164.90817,112.98835,105.57455,232.8862,153.08118,140.06258,78.332405,82.276634,105.400604,146.24539,88.39844,65.279144,237.0464,239.92609,327.4166,309.63492,131.02228,110.81546,120.63154,209.03102,225.3437,122.344986,22.871204,44.428795,98.89446,184.80461,253.24144,338.21387,468.86017,535.07025,628.54816,524.9349,508.52957,323.5997,959.44006,1191.9297,526.23175,361.69217,643.0378,326.1167,254.06026,26.85514,168.44508,290.53445,342.87497,434.85968,343.28348,159.09712,165.4965,228.28479,223.71367,114.7111,97.31651,129.78712,180.15178,23.532341,82.26439,151.08344,97.57193,74.4552,294.61627,249.94048,179.79224,125.07747,199.62839,93.92231,219.59271,196.24449,46.250137,68.131516,149.26765,140.80603,97.90774,169.79881,217.59637,281.4771,119.42041,195.00034,391.2702,227.90456,289.8841,486.2522,237.80432,281.63953,585.1139,497.4375,Desktop Computer,$Whiteboard$Printer$Phone$Shredder$Google Home$Desktop Computer
566940.5,241987.02,4201.3037,6471.0957,4000.7996,1617.4196,1045.4669,763.1049,1254.8192,1209.9569,649.9885,10771.383,56277.973,43966.87,4752.8013,2010.2617,1008.8854,2248.184,577.70764,1572.5824,994.58124,480.17462,313.40384,915.52484,1533.4083,1963.6746,1190.7593,408.98444,533.9192,1102.1841,211.41621,300.51675,464.2832,563.6445,228.42072,547.4494,1653.2202,3889.2068,2019.6228,479.50696,310.7544,290.14755,579.08057,94.19439,283.1343,692.031,202.04192,359.1067,544.1863,662.1505,535.87024,789.2377,1238.9753,1047.6774,335.17105,325.5607,281.9496,395.0532,407.9099,102.16461,292.42133,294.87527,608.2315,316.84006,386.3802,287.40833,76.55485,308.0241,167.44809,116.55257,269.5294,105.97986,166.2684,136.8354,280.82666,146.88734,236.10567,210.27681,316.24728,228.1228,109.67318,148.56577,217.70119,41.078915,317.48386,299.70837,111.620384,197.18074,134.11945,124.849655,59.7082,117.46459,263.92847,42.912827,239.652,418.58054,212.36299,206.26556,90.30169,508.46582,577.274,325.51038,249.49515,388.3275,116.884514,341.022,276.28113,92.89702,131.9851,189.04108,252.50615,148.62393,278.2872,199.32285,205.46504,76.134514,139.94592,38.234894,76.79799,126.79325,206.46352,145.40053,128.64165,258.40903,114.26372,243.45601,444.2348,319.58987,157.76067,155.39272,347.92004,504.84305,400.55246,545.46484,985.8465,158.60963,312.5059,83.30975,30.17034,131.59425,325.1502,350.00134,89.41079,157.4945,587.5652,469.69772,215.61398,257.0173,327.23837,343.85785,359.73737,491.3764,871.23645,284.1838,284.26276,366.37137,263.66324,138.37451,357.4153,268.98312,134.03792,72.37871,145.94418,100.8111,332.86606,234.00575,158.38896,151.5831,187.08229,215.98196,185.85178,89.2817,162.88799,159.50035,157.45337,165.09007,208.73097,67.13404,88.102745,46.000214,123.203026,262.1657,264.97562,218.77641,166.66084,233.88353,149.53862,101.6698,116.4462,202.77039,84.91941,69.70206,59.74959,68.32206,202.19084,295.6303,378.31842,171.37569,86.06588,97.52097,192.00519,442.53778,694.1702,599.7306,815.05066,1045.5809,240.95818,602.9866,720.4633,730.2281,151.71773,53.799725,256.01837,223.29527,162.80319,315.2072,297.42456,308.2878,24.786966,121.46353,183.63762,283.87302,212.00197,278.9334,186.37224,215.00343,88.82174,240.3676,194.90758,194.63695,44.67786,98.703125,116.885574,213.56013,103.23415,193.98183,243.62994,230.71411,136.66826,89.94696,103.95383,112.09569,33.77261,168.91753,157.02362,150.52344,284.0936,134.20467,311.45248,456.31076,334.60748,466.19745,424.69006,467.4175,257.8083,437.54593,262.0,Desktop Computer,$Whiteboard$Printer$Phone$Shredder$Google Home$Desktop Computer
567190.0,243123.7,4639.82,5762.345,2005.4111,1866.773,1953.8387,1847.693,2584.0515,1305.9941,2650.6865,13506.763,59155.78,44912.49,4386.2563,2814.404,1556.8217,1395.1659,882.1524,985.8006,1131.1046,496.8131,879.9513,1017.06836,2010.4303,2794.6614,614.5885,513.23395,240.01709,634.94763,183.01546,380.11014,254.65457,378.9535,61.61246,527.0001,1676.4144,4304.22,1908.6852,149.93506,25.733654,427.73755,235.37976,124.49001,246.50984,208.71916,646.52014,511.24,396.56705,1290.0132,1215.4518,842.928,1276.9518,765.6442,743.613,563.60596,327.2205,437.09726,340.57605,189.43564,173.55583,634.51917,721.80316,423.7155,359.16934,270.5782,127.45467,401.59653,429.2987,235.68094,230.25761,109.92377,121.3324,224.66483,505.2412,246.35793,134.13837,141.94504,235.5136,202.68103,204.17198,303.7153,178.4724,136.783,265.8089,287.29572,281.5757,258.0226,275.41812,98.893684,70.280106,11.445033,23.178875,257.87613,365.2066,578.478,565.94904,248.20726,259.9368,352.55487,771.4318,382.50705,380.1729,402.7702,354.43307,225.64618,358.73138,336.57977,196.37416,84.19691,120.01518,134.7726,129.0472,273.10748,235.30693,67.57578,127.4309,260.9207,273.7267,117.19992,141.4705,331.81525,288.63525,34.373478,202.43771,124.684586,53.77284,152.08647,89.165665,197.89078,354.23386,301.9933,423.38986,709.0048,910.5911,316.9969,445.94778,195.2759,90.5326,39.661213,283.624,140.2144,92.42288,280.5707,252.47395,24.028112,340.6684,286.38092,189.85217,349.98218,244.6085,295.40652,451.6831,277.99585,901.50214,732.25354,473.7157,309.6083,310.7223,331.64505,193.16159,154.42863,93.093216,223.18874,372.43335,257.6363,176.30037,270.10202,366.24942,338.125,130.84755,304.5465,108.53019,149.10309,142.89223,120.2316,193.2871,136.44815,33.01384,98.313805,203.68306,277.91873,327.5004,298.16632,176.066,211.24019,109.67675,185.26039,113.81641,231.9935,283.30646,194.9847,214.73766,236.68504,159.64778,56.38017,161.89099,270.42712,325.79642,250.53358,94.59373,317.24954,329.50897,592.8118,587.99316,869.1061,1663.1974,971.861,605.0386,287.39215,307.59796,227.21301,166.6814,70.0368,235.60446,324.05948,134.09735,198.62158,198.7873,193.19225,282.0507,259.3296,165.44336,157.25401,221.89551,191.32124,74.49326,120.85915,158.14906,216.05054,149.31569,165.75938,210.78992,108.98295,104.26266,48.93542,141.73755,149.94894,27.502161,90.699104,105.06847,217.39293,287.48392,390.70566,194.54408,75.7008,116.39106,156.15654,192.51715,66.15429,30.624285,150.63795,515.98804,269.9631,265.3651,374.95956,578.25,Desktop Computer,$Whiteboard$Printer$Phone$Shredder$Google Home$Desktop Computer
568927.75,243801.45,5451.788,8432.254,4491.9775,4220.4834,1106.0056,1928.329,527.15717,2342.2583,1917.9536,13284.193,58702.676,45323.586,4507.5312,1764.1741,1389.6106,1297.2109,340.04706,64.53313,935.3515,725.2576,1081.421,655.6426,1479.5438,2400.479,323.38925,160.64896,605.4878,624.1774,287.40173,519.8753,485.68304,251.22885,469.23242,703.3268,991.0393,3910.7324,1543.6251,432.2835,261.7512,126.06686,550.961,263.9452,614.17755,533.3655,488.52664,584.1644,476.94073,601.4616,410.0716,520.3876,925.13416,664.78265,436.74527,174.04169,251.77837,265.0682,201.95613,355.31134,449.2542,550.3202,685.94055,325.4949,123.35556,223.47028,192.67557,417.79,152.82387,72.33315,287.70755,411.1204,97.16702,374.77307,509.45483,157.04189,61.040775,26.168364,120.88026,219.31448,140.37321,337.13815,377.46863,300.7911,163.87918,138.80554,123.47383,537.266,278.75934,149.60692,133.2234,244.70009,239.27776,113.18237,175.61798,188.22552,79.58603,365.74207,628.4337,427.39178,892.86694,227.86478,152.57057,43.481182,278.00165,469.09045,208.38327,418.87268,231.54639,299.11505,221.65652,148.7992,256.51633,348.05444,236.89433,73.59998,122.27739,153.48265,132.02948,333.40787,209.23607,312.43182,175.00757,176.05127,145.27148,141.07738,249.3795,195.69296,275.21616,316.10455,254.9957,430.16443,524.88464,965.8379,1065.4454,225.86732,459.06406,213.69287,366.32642,455.39734,338.5683,194.27182,293.31747,147.16545,247.77649,227.51727,308.42053,164.54858,261.6275,68.039154,49.42816,133.00192,612.48804,553.0481,133.89641,95.53359,230.69127,151.78714,183.03615,103.170845,249.49475,216.80542,193.80411,158.52374,54.50781,129.8843,180.6018,150.60266,82.86957,131.02658,205.16522,433.76233,56.9804,115.43877,139.11595,163.79433,272.3703,309.90564,353.12378,341.64328,164.39594,15.595355,110.960144,105.67707,423.02066,285.9657,244.71313,334.38675,489.36734,310.50665,371.883,534.18994,564.90796,316.2735,137.27399,132.75175,107.05248,123.6123,166.87868,146.965,327.95996,98.73692,110.18411,233.24611,385.96692,624.15283,148.1486,927.8954,327.1453,175.76468,63.851456,237.52565,292.6651,396.17563,218.24791,307.065,321.23413,194.1853,240.98898,238.44128,157.40692,76.5153,168.25328,181.85094,71.43574,286.30487,236.79227,175.67552,190.12486,20.365517,155.01797,18.815138,114.27188,36.726715,46.127777,172.66292,166.91527,121.21699,209.81961,206.79634,225.23592,172.59424,190.77695,344.24146,256.77182,106.613266,127.70086,336.82666,279.53152,239.57794,366.34866,378.95883,470.82043,739.292,174.37967,248.99364,390.25,Desktop Computer,$Whiteboard$Printer$Phone$Shredder$Google Home$Desktop Computer
567737.4,241314.33,6599.334,9771.13,2759.192,2091.8916,3716.958,1630.9387,2890.7322,2698.3313,2627.393,12099.144,56826.793,43925.164,5036.467,1967.7762,1034.7919,864.1581,126.35411,1943.5487,1038.7833,893.67,1236.7693,594.0806,1182.191,2556.9504,716.4659,541.15076,695.4752,810.54834,541.88446,601.9782,893.19507,368.3611,699.24976,60.524216,2036.0972,3303.6848,1485.3326,113.258736,831.3546,256.44333,706.78925,43.131195,677.88,881.6492,251.65685,66.775154,723.3416,1385.5616,538.85,474.5044,580.19507,777.87427,398.20044,399.8537,236.61803,152.4898,241.87476,341.8305,365.98096,300.55206,246.53648,31.99334,191.75194,292.92206,97.799164,99.446434,171.80411,556.73425,316.90717,230.16702,479.0435,152.02596,293.50082,154.005,180.70999,215.68166,333.6998,86.39758,234.53107,168.65468,262.2358,204.70265,282.1828,351.43076,491.9901,321.1128,102.77894,361.70053,237.97702,171.36931,168.49799,474.92593,210.18275,192.16232,453.40927,370.92435,143.45354,701.6889,317.53058,460.48773,96.44953,300.90744,36.9596,435.78833,677.7578,218.68556,152.38863,86.66404,153.16283,242.70984,374.06345,112.664055,364.5259,397.51276,198.38438,307.4555,383.9985,90.75016,332.65375,152.8442,194.7897,340.98224,48.8252,385.73184,428.44153,455.6176,219.18405,293.4879,227.21733,258.38226,87.534256,700.4471,1335.4569,319.25858,531.1508,248.12,177.48244,187.76752,379.28082,434.20825,144.85863,145.84155,140.94754,93.781494,204.06706,201.53412,189.61662,140.50471,320.10516,567.88837,919.58575,264.35202,715.65076,331.05957,349.32877,554.72284,470.14438,211.63463,330.45654,169.36327,166.68637,81.02737,242.7978,283.10593,220.03111,99.282814,171.36525,188.52596,190.07715,133.48314,224.31862,174.27338,104.14815,61.383385,168.47836,301.84476,135.87375,54.981388,129.79366,175.23466,61.203667,205.36433,47.24862,285.30798,373.69614,357.31012,157.1651,170.6632,97.88728,308.4835,178.21565,256.1889,328.112,313.91202,170.35928,308.03046,267.65927,72.44718,378.21902,142.33815,316.73535,761.36163,963.1412,790.46893,453.55896,734.39124,211.49059,135.74399,281.7136,322.80075,373.9298,444.21918,242.36935,134.50641,178.23405,186.98349,289.294,309.4027,47.203922,85.96828,125.05069,207.34686,88.11663,123.56223,202.22168,93.15371,124.5852,306.21463,133.2256,70.14561,126.14191,85.708786,290.94736,378.24454,382.42722,287.22934,220.8671,25.314257,192.70096,277.11475,138.59837,225.40158,49.059258,163.01385,31.27685,111.50854,243.69135,377.73502,271.0642,182.07909,507.34512,527.62146,413.3479,494.09412,495.625,Desktop Computer,$Whiteboard$Printer$Phone$Shredder$Google Home$Desktop Computer
567632.06,242524.42,6390.1904,7317.899,2260.4878,3191.3472,1945.0266,3089.5532,2949.8984,2231.822,1879.1737,10929.491,56782.38,43462.523,3477.9412,1577.9117,1137.6595,803.22406,387.78186,1558.6871,1020.3572,1367.2258,880.68866,825.1975,1846.7186,1977.2611,757.18207,809.58966,440.56866,543.64075,408.59323,448.37332,738.53754,601.8256,314.2033,288.0852,1205.402,3249.6528,1784.4742,169.6562,579.0486,866.8481,935.1498,274.05655,328.29373,459.39862,285.92075,431.60355,200.15634,838.33154,773.8305,110.495346,528.5447,983.8766,557.716,210.18568,128.83177,186.52228,239.25424,419.935,156.26303,488.60226,587.34937,96.40383,151.04572,195.95888,359.7733,379.46387,120.64567,84.23573,94.50598,196.54204,195.01706,299.4309,529.9353,328.1448,84.79182,327.23926,88.25807,151.82478,346.02786,161.83621,194.89561,119.40439,26.744375,141.24898,224.42513,146.65134,255.59436,256.99347,101.99253,189.68918,236.75012,175.63728,260.61023,194.47913,147.4325,311.46393,108.44643,395.55847,592.3602,184.90962,346.11914,185.68327,100.911194,507.62256,515.92114,354.05978,342.34958,295.45706,284.65472,280.32657,347.44318,287.99377,350.81964,213.35571,228.25797,208.1953,74.836815,249.48105,102.38124,73.09658,108.23323,152.50594,128.65895,280.4428,328.62698,313.7598,200.51965,279.60263,296.3782,332.99213,570.04486,1057.849,1006.6282,117.28822,538.19135,349.23514,264.2172,302.24768,207.32387,85.14936,228.12898,205.14752,179.94028,122.41486,50.749027,126.19431,247.98083,165.47003,172.06612,248.03738,988.4659,596.5078,400.96835,546.63043,177.17618,274.21295,142.22664,349.12982,298.9102,122.9252,139.59843,166.60217,126.678505,275.85486,121.09457,350.56494,273.67926,149.45322,256.514,269.0761,362.27075,430.28174,186.81508,141.52692,94.636604,100.1417,112.65436,60.80375,256.72708,193.25566,120.820786,199.79984,124.7258,112.90559,143.06676,170.10112,165.03935,256.75232,196.34396,96.6507,156.54308,152.53639,115.26164,209.53468,178.80878,51.784985,87.54531,172.40465,103.6289,326.01175,88.388176,85.549286,525.5787,1178.1205,185.80363,814.22754,724.7611,484.3226,379.72363,311.60303,207.62991,268.10535,108.33109,79.247116,330.98178,249.22787,117.89119,251.33614,239.14055,103.44924,207.9104,319.51642,206.90375,202.08514,181.87556,113.5284,123.97286,187.33727,304.3069,248.6155,242.07314,236.77992,122.9052,124.285545,39.588306,90.48251,26.497293,187.19089,182.8766,315.05582,204.14548,74.27806,185.82974,217.98872,233.98029,242.2054,316.8351,410.1082,189.63187,84.89522,370.81573,392.45926,331.41153,252.96426,104.1875,Desktop Computer,$Whiteboard$Printer$Phone$Shredder$Google Home$Desktop Computer
565962.25,241215.56,7192.8066,8030.275,4372.27,4204.5938,3170.1897,1330.7667,2300.602,2317.4849,2904.8213,11466.736,57637.176,45640.605,4079.4927,2435.076,1706.8958,924.60516,1136.4191,284.46613,362.1195,612.848,655.0463,351.61462,2338.994,2545.2808,829.4445,491.25864,212.92137,508.55365,286.13058,252.07083,273.11887,508.58615,352.15863,431.56354,1546.4419,4099.9937,1701.359,263.72537,226.7247,485.80215,302.83932,377.0085,295.0387,339.65033,277.47852,210.0894,227.15285,680.79944,914.64453,925.796,220.60408,319.06546,199.32347,217.31169,215.30257,249.27,221.74623,185.39323,182.64027,392.20752,433.13788,301.84787,146.63844,121.839554,131.2018,201.11215,79.097015,186.8033,185.3268,306.76462,375.2935,146.46678,344.98947,405.73206,203.64366,408.8162,325.42444,283.96588,146.9202,122.226395,265.16177,169.9635,250.18192,209.02808,345.25516,292.86148,60.823563,89.96764,102.67954,249.89774,467.47513,442.5987,425.10663,176.97885,336.07666,228.8432,334.49786,349.02335,338.3192,339.1698,610.6038,442.61264,476.7146,124.285995,277.4372,263.5528,263.62378,139.53052,84.25887,142.27388,284.46008,415.29102,171.67609,61.421646,167.46388,305.87836,293.05148,300.90903,28.7174,139.84984,79.168655,67.36533,191.78316,125.38977,24.473335,110.50181,55.56167,189.85431,122.141045,256.9711,317.97647,525.5367,945.42346,340.73523,285.79865,79.950165,63.816128,225.15971,93.49378,61.22471,190.86665,182.18633,136.66121,97.08838,61.40192,313.91733,424.42276,392.88507,174.7577,508.10577,855.91583,318.51892,496.6234,494.23486,518.8672,435.91333,137.46237,85.12637,101.30181,184.89581,220.9774,62.40152,79.258766,197.66756,98.56979,171.4184,198.13654,165.93045,260.43784,174.13925,136.8714,177.13252,287.1683,270.99063,31.77256,126.59585,173.75766,56.283455,67.216705,58.047153,300.93893,339.8149,161.8547,221.84914,269.04797,220.87619,105.298584,95.22828,125.10994,185.2853,95.911964,44.408134,192.78595,290.1379,234.40895,71.61449,145.75024,170.29005,167.20605,408.05762,290.3736,249.30809,512.3207,861.4405,791.8726,339.18707,213.35648,233.98782,122.851135,241.45474,243.13446,316.05807,370.10544,476.55225,325.7,288.9971,246.87381,356.98477,301.51276,235.42859,157.80836,187.75159,41.542564,225.65244,182.63304,95.219925,63.560577,242.25592,104.45262,68.9646,157.95134,249.74109,199.43155,154.28511,145.34177,105.834915,129.03737,252.46648,179.95903,88.61953,155.46632,124.5409,261.89093,291.8817,274.5898,112.7377,143.77509,273.83496,256.57846,319.6415,111.993484,280.1491,399.4405,306.98004,274.0,Desktop Computer,$Whiteboard$Printer$Phone$Shredder$Google Home$Desktop Computer
565925.0,239809.62,3605.1191,7963.942,5910.6367,3129.019,3327.8806,3497.8723,7457.9585,6755.2417,2231.7021,13752.615,64588.29,49729.72,5194.156,795.6591,978.4465,1750.0021,906.9435,1343.0508,782.82495,431.887,450.90024,718.56573,1895.8632,2676.1206,511.15942,884.5911,1018.3497,684.1193,432.36,773.92285,1166.4364,435.80536,274.30676,133.9558,1931.0515,4221.7544,2133.9077,347.13806,507.06073,88.05119,85.47634,85.266266,188.03767,66.848076,273.1368,155.92163,83.46324,499.31934,794.2474,242.76823,745.7833,1241.3467,563.40063,599.77704,110.30785,235.98984,96.907104,169.0159,108.94842,188.69243,226.37384,296.64905,178.09244,348.6475,213.69644,201.646,331.93805,136.25313,402.69012,380.60886,324.85828,103.198494,421.3265,147.65349,100.81829,240.20952,316.1128,234.00835,229.7643,289.76718,309.48087,411.20663,215.12277,154.99216,48.80905,116.35189,117.61119,116.5062,382.13116,237.03014,148.71342,240.44055,286.19284,582.7673,253.89848,418.5896,532.14514,534.1696,394.64185,374.26663,105.17032,252.82149,297.06683,305.70364,257.25415,287.2097,232.965,68.45684,266.35794,47.05259,124.16581,317.6274,450.83878,257.40414,75.902954,67.09617,47.85515,136.42664,184.82631,150.51894,261.7219,55.65005,187.55745,218.35744,58.926384,221.99464,432.934,316.78247,346.24966,238.04129,45.982674,514.78094,1192.0187,278.2991,625.48456,433.79288,170.61577,87.17433,76.94783,231.28876,86.34971,206.77054,273.72943,322.04822,93.33097,101.21547,328.9757,313.6546,329.5075,901.8956,449.0702,286.01184,669.74554,302.5912,374.63965,314.10272,299.4511,228.1388,227.67732,167.07434,242.0507,258.5807,272.7461,63.178947,79.86073,114.26998,70.14648,127.11332,222.49287,282.73035,317.9508,188.61023,325.19736,148.13818,156.55702,182.82613,117.179855,288.25467,62.766224,192.82565,107.807755,21.555952,107.42853,242.30649,287.95764,124.36362,154.28282,54.698536,136.06387,355.04056,463.1027,382.23846,199.71217,178.54962,348.5603,278.08252,329.5415,242.76717,96.17807,42.330296,142.80179,644.1947,1397.5406,716.803,509.7229,866.4094,250.92194,492.1107,300.497,417.73422,620.63904,544.8097,335.2113,285.14612,315.978,371.9328,50.25435,157.15373,80.63337,116.39471,114.23107,103.14327,153.47986,77.64382,229.6335,356.52832,151.08386,145.97382,76.727425,244.75044,203.10194,227.26833,242.56013,74.35392,103.043655,108.22934,109.670456,50.135654,212.65154,215.55785,439.46478,356.04037,62.514763,142.38708,298.23398,351.9086,200.50768,75.995544,222.60068,208.79584,152.7819,156.49353,267.33032,548.7584,439.5,Desktop Computer,$Whiteboard$Printer$Phone$Shredder$Google Home$Desktop Computer
568517.25,245175.75,5453.5557,8036.8975,6901.5864,4651.2544,2137.0938,4900.0967,7186.698,1277.8387,5635.1665,17493.021,65080.82,50453.25,5958.9766,674.6158,502.66837,1381.097,836.0142,515.23334,2080.143,1947.6216,1356.5289,525.53986,2476.6953,2918.861,316.1754,124.85537,585.02704,872.0517,448.49,341.05948,1380.6543,511.1371,179.03416,344.31097,1535.2976,4200.5654,1886.446,503.45108,166.25711,109.590614,218.83328,24.509817,189.44958,223.49648,230.37262,222.20445,134.55571,1060.7513,756.9195,171.96628,337.06454,746.975,1010.0263,641.5894,14.24486,287.7091,392.7418,246.31302,204.0972,174.86287,304.57678,42.868256,190.29086,111.95984,414.21503,501.5044,270.33374,166.93692,171.81917,149.91734,134.20496,232.93604,491.2387,281.35638,44.495922,127.665115,171.28136,339.9315,299.55453,157.41249,218.41202,408.51743,413.46136,328.11453,242.35684,297.1082,239.82051,79.716965,100.89284,35.312645,86.212234,178.91075,219.47389,323.8039,527.26105,670.6661,653.4809,792.4911,133.20403,622.7629,215.09178,165.02922,217.65799,312.73752,415.26892,79.994675,109.07735,130.22421,215.22539,305.23056,298.1265,118.7664,154.28546,178.58522,212.59502,119.41092,209.39833,156.74529,36.7221,156.19522,175.4037,51.570194,255.7015,204.03867,190.31085,286.37616,260.41714,198.40585,100.39411,90.04482,291.43707,872.95447,1212.8177,184.66881,362.0164,93.79122,169.27953,137.00569,74.23658,270.62363,146.53427,49.45042,255.13391,136.54358,411.89584,408.21616,240.62074,197.54129,657.1275,860.366,839.8309,724.51324,201.31905,176.00151,208.52827,86.777756,92.02727,60.680218,24.290615,71.19094,95.5811,216.61229,335.65546,477.85495,339.087,125.246254,50.049793,34.777805,181.23264,483.74216,422.7057,232.3316,90.55429,443.66406,217.77821,296.22156,270.4016,181.34167,79.47958,115.173134,71.787315,140.68991,118.252686,87.98027,131.47107,78.98852,155.20638,202.03055,231.16757,160.40283,227.91226,146.67537,250.0581,594.3448,457.74442,182.42252,65.14747,393.88327,511.24612,491.44818,312.59485,588.3993,515.7802,1052.091,613.3652,302.47275,561.7345,806.8011,676.8027,324.81195,243.03511,204.86832,277.9472,261.03262,341.8478,324.71033,253.7525,73.99487,272.8525,328.87012,358.74396,330.64847,244.6937,196.61185,173.18112,89.56959,135.9134,230.26723,251.99591,255.10582,125.2459,87.15854,185.44958,178.27199,179.86388,116.525826,52.248978,75.56175,43.688976,117.64066,202.09206,164.83449,324.5168,167.2526,211.55257,242.38062,358.84766,300.34085,330.43726,178.81793,365.04843,589.1396,136.94286,456.60168,62.84375,Desktop Computer,$Whiteboard$Printer$Phone$Shredder$Google Home$Desktop Computer
568511.75,242750.84,8562.193,12698.155,6121.0483,3006.0867,1516.1608,4532.0483,7163.53,1012.5233,750.40594,16354.285,63751.613,48426.75,4453.2363,1311.4738,961.67865,658.72363,537.40826,1290.3595,1815.1335,279.7232,475.9769,1200.628,2001.3457,3450.5344,513.17847,653.2958,1202.3401,984.1779,906.08905,1535.6025,1062.0345,204.70682,479.1925,413.94363,1598.8248,4433.5024,2130.2476,574.0825,106.23785,343.77972,185.33928,91.259834,174.98988,743.3778,101.19854,461.33536,394.466,632.3248,442.0297,458.67,999.8098,689.3512,546.2352,439.80002,480.09555,49.865326,428.17166,274.63327,392.80942,843.7738,1135.8973,641.052,599.0495,458.36746,534.006,347.1759,536.2909,128.29445,176.99706,71.04166,169.45825,147.23698,394.7121,463.8834,67.62356,91.2913,119.22189,70.02459,126.71185,115.080765,376.1047,81.55612,152.88277,360.58188,175.32324,16.624918,316.25323,139.00204,228.6494,52.533783,87.22697,300.9522,187.98407,170.38829,166.06296,100.93875,314.56818,57.524246,846.6414,616.47833,243.00665,88.73083,110.860115,495.22375,366.63345,239.94308,276.12595,171.52477,388.9774,204.94487,303.21127,217.01483,233.72266,65.995255,436.6608,668.57324,487.67062,236.66605,90.370026,342.7639,344.11615,286.31476,217.53502,274.89188,105.51267,293.26166,212.8983,283.62076,337.6717,271.34604,323.12564,493.52966,1017.7352,186.42761,436.98215,465.5793,322.77353,266.53278,114.56666,250.73401,291.4121,249.90218,130.70914,296.08926,138.12006,263.49646,228.78944,217.08641,416.52377,490.6687,448.1795,138.78812,534.3913,484.56683,222.91965,76.40615,127.3395,136.98347,142.91057,166.02016,144.24704,198.70027,141.77785,160.89214,312.27368,319.07623,174.59099,208.64952,209.78798,119.518364,146.04951,240.83058,411.1451,355.12204,340.74957,81.56974,243.98285,372.3458,398.4999,204.21733,172.64081,143.9867,339.55698,145.95863,160.32376,268.9561,402.84653,190.56335,454.4515,198.40251,44.09193,170.08372,419.08383,374.63666,213.64516,254.616,393.89478,355.99707,10.17461,199.79677,82.30764,413.7484,321.78534,1008.8318,868.164,739.0176,392.84033,216.43196,114.49665,250.33974,96.7668,152.06189,226.65245,96.02098,135.74226,89.03186,109.388016,132.01907,371.7175,341.876,172.4188,363.1364,162.21294,148.0643,276.7049,207.80974,102.30563,97.64645,98.01326,135.90962,176.30722,245.90005,164.21422,102.658356,129.17085,67.2736,127.5072,278.49496,253.26259,285.54025,311.50635,123.12463,118.53394,92.06482,176.23172,293.15634,197.87343,185.53825,129.6493,207.046,136.68399,327.45682,570.48016,728.2935,524.15625,Desktop Computer,$Whiteboard$Printer$Phone$Shredder$Google Home$Desktop Computer
566756.94,239824.88,5981.2056,7165.7793,2408.6636,3246.557,3825.123,2266.231,8790.184,3595.7349,3982.1953,10619.912,61814.293,48388.688,4925.3057,929.436,1905.1083,1776.5021,1630.7379,281.94058,1498.0917,1068.7554,980.17145,1731.1378,3349.615,2777.0508,479.88055,894.3628,479.77808,720.6116,424.13583,221.69125,650.34766,891.0084,332.73315,446.75134,1896.463,4575.708,2303.0728,194.57202,205.03444,160.3045,318.85922,394.79102,531.53204,354.48923,775.1957,615.93823,284.6165,685.4918,629.9877,520.58545,1023.5074,1156.8569,123.294495,608.12115,341.8426,159.11742,380.5578,402.69775,572.03986,260.97794,271.81256,111.52828,111.01465,270.3592,179.33875,105.65348,316.74304,241.10397,140.72722,248.89923,183.78903,450.91125,410.52426,76.69836,193.81976,62.889565,138.91423,379.39148,329.4517,269.56485,67.85212,169.93088,218.42683,174.72374,47.55466,167.1984,131.8473,351.34363,216.75845,127.33946,288.52332,295.54938,65.75697,289.85892,228.18895,27.115423,435.99625,882.15497,684.2748,177.59822,244.6612,289.2782,190.14178,369.3388,357.4967,125.52084,532.2214,299.3945,542.61646,400.3268,406.1619,137.45663,140.03256,311.47815,67.80971,158.61192,138.00664,198.78189,135.36214,181.87457,235.21535,119.79442,106.04727,188.65134,505.4507,402.48785,131.37303,56.820408,197.90807,207.32571,352.22528,775.51984,1081.2119,76.36756,488.94617,336.81195,192.48735,306.37607,262.9049,358.13156,186.94467,56.530865,223.17163,295.4525,158.44473,183.04405,108.79068,41.761005,374.48428,525.1812,577.20087,326.4623,326.2672,281.56686,207.09477,260.06857,270.41077,130.35783,131.01187,88.87892,135.46912,17.427685,15.074428,315.69568,319.52264,335.02408,123.68867,61.086002,144.6905,344.90308,229.84991,307.1096,239.35696,70.13557,189.8438,435.42212,387.97464,177.60724,9.594511,278.22537,280.7241,206.6247,260.45282,277.7514,133.57042,157.01358,203.00462,124.208664,294.10193,158.02518,104.52525,184.3169,200.43597,223.14946,154.84529,248.39723,418.06317,205.3908,453.46933,332.88803,262.8656,508.6944,608.3223,134.58394,856.01227,876.17395,59.763523,506.5366,601.5037,523.3484,342.9029,338.54517,476.5368,247.64735,277.56653,299.2393,216.89183,112.00077,375.29803,529.489,404.4493,231.97838,164.42221,93.2728,102.92189,60.28154,148.01257,126.17601,111.1,129.58578,354.1695,291.16248,61.02262,248.50748,219.69096,313.4287,313.25388,235.42761,109.24476,215.62685,200.31038,257.43518,368.8688,320.96597,346.97073,424.14325,464.57196,652.14514,674.7281,452.8546,58.676422,429.60828,398.4641,88.665764,277.1875,Desktop Computer,$Whiteboard$Printer$Phone$Shredder$Google Home$Desktop Computer
567212.4,240479.3,6748.291,8284.366,2804.7258,5667.872,5123.5864,2762.4688,6248.9414,3649.5986,1497.7799,10899.518,63131.125,50086.754,5769.4453,1896.8986,2971.2966,1285.5428,1564.6328,2498.2766,2734.6414,1221.6862,1725.504,1336.8851,1234.2086,2305.2795,547.772,376.6256,71.26002,673.51044,297.29706,965.3752,1600.1661,934.488,948.4675,405.75873,2034.5812,4244.0806,1901.1447,321.33646,327.34863,432.94254,570.1955,573.263,318.46378,277.49316,137.74843,240.7088,659.21674,355.83112,762.06134,344.34985,419.26212,561.1088,355.76443,339.02628,367.99118,770.755,499.0257,169.93684,155.48405,712.77423,1012.28546,466.42877,144.08578,329.8099,384.1851,500.61716,373.25632,197.0059,402.43484,265.48645,324.0061,350.47882,762.5209,331.2016,166.25267,196.10141,52.540104,278.14084,65.65028,48.56625,173.04056,227.89713,67.99036,54.94384,239.29733,106.4044,235.13734,472.6092,390.79352,507.9009,416.4395,275.49216,203.24799,226.84622,309.08102,436.8364,315.9817,440.48523,634.20685,357.48373,336.17145,300.59882,274.04224,471.43036,225.61884,534.85315,587.88336,314.6622,83.63285,307.3115,268.16373,143.60881,287.3731,151.06891,175.85815,269.61502,230.23389,95.01485,291.62683,442.78943,483.6798,215.943,152.61597,204.82361,339.08557,419.7179,214.4129,174.96042,224.89519,267.43405,155.83128,720.39264,1045.1495,170.12929,612.6191,108.15604,295.38678,419.12714,300.7941,349.05612,309.4719,369.19415,173.80318,455.4332,433.69907,398.61353,573.2282,552.9217,411.32312,517.1349,368.69153,367.20474,163.66167,111.42015,122.655754,214.19104,96.73776,261.33347,184.44096,164.60919,252.09631,159.6091,38.13897,270.58676,76.079025,86.147606,89.10238,75.53161,112.358635,34.68631,203.26189,122.64422,255.27002,311.0861,309.9565,276.77167,208.12146,268.0416,376.78638,477.95874,318.50217,289.97095,132.58398,217.01997,342.9668,387.9514,358.10623,273.52356,496.78372,508.56158,399.51022,385.13785,366.23645,299.34204,308.93158,184.05545,252.84586,439.85263,584.52686,745.8808,955.2621,692.61456,62.497433,484.81494,615.39,286.1476,388.09286,109.2968,196.24754,183.92088,289.56464,424.0598,222.06352,156.57613,265.25604,166.6762,120.35181,83.433556,226.11615,458.6407,406.74142,157.48285,46.950165,15.943995,108.82759,51.2696,76.59416,173.57948,307.58984,115.205124,153.73224,262.6684,105.49775,115.49881,252.77798,283.9385,290.28592,134.92673,208.89284,214.11156,223.75966,268.18585,274.9701,301.3807,334.0383,276.93256,120.17266,184.17369,371.4308,280.39386,246.78104,631.81433,510.32892,357.1428,158.28125,Desktop Computer,$Whiteboard$Printer$Phone$Shredder$Google Home$Desktop Computer
568308.7,241837.53,6945.1016,8962.385,4238.9365,1367.88,1902.9645,1648.4976,4933.853,2741.2285,1957.135,14076.643,64170.75,49108.04,6033.5586,3042.5037,360.75354,1039.1552,320.58017,559.5088,1137.5813,1907.6321,2000.721,617.5308,2359.2424,2382.0479,1203.1129,276.8031,225.7005,711.2576,459.79895,308.24625,903.86017,511.90594,536.7531,866.2363,2103.758,3892.6204,1667.7521,199.53696,510.66232,672.1845,497.41132,238.89236,213.38791,275.87558,100.847664,657.3066,875.4075,1501.1091,890.96576,774.0456,622.1475,284.55557,672.8147,444.39832,447.00467,293.1056,565.18207,127.39739,146.18535,510.4101,993.3163,126.07928,35.79265,164.08125,207.33844,149.26668,140.35081,232.03914,24.793272,224.79393,252.27144,199.25945,714.3675,131.66643,194.68777,46.101704,232.53233,351.45474,308.22675,149.80988,136.85771,247.23209,196.32916,129.18083,190.45964,98.414276,273.0055,110.8533,177.06316,151.52403,206.2074,136.60072,267.937,173.89851,187.40074,310.57327,207.29568,409.06985,529.59235,630.1041,605.4443,66.813385,342.29214,166.51443,271.54956,242.95422,124.12254,305.1604,230.9613,192.228,93.384895,197.85706,407.279,474.39005,272.00095,153.73056,65.13566,66.5945,164.50826,308.27844,148.72713,123.24844,321.13364,152.71338,485.34885,142.50827,77.91994,194.82426,323.1951,388.40466,466.47284,769.4355,1169.4647,431.24164,369.21585,180.53241,163.80841,149.89932,129.45853,212.92189,248.29955,265.3875,431.6103,55.81407,148.1697,309.35678,348.256,354.72842,440.37186,645.1753,47.721405,486.3305,738.4831,562.74835,295.60538,380.19116,280.98593,183.94052,73.31063,81.929535,25.606745,71.064735,138.44815,287.11365,473.5843,216.93547,121.77754,211.29602,223.21805,332.23672,126.40762,89.05236,20.01504,214.95393,287.82706,448.18146,255.44958,156.38826,81.90113,19.098545,102.2072,278.36884,173.56808,234.2226,150.90619,160.17165,260.017,166.12831,76.90889,214.29868,233.88493,179.51183,162.76907,247.7423,227.28578,212.21227,474.45297,380.83096,322.0111,127.46224,405.66125,263.84427,766.8449,919.5819,720.0351,223.7258,299.3711,173.69908,143.57266,282.5523,378.83313,134.38022,150.49683,349.22388,370.0056,464.4594,383.3069,145.28299,290.64786,341.39114,104.74168,141.87627,170.38345,249.40741,207.68896,121.29288,54.3339,294.9764,560.2924,500.89444,443.40445,195.45499,223.63618,134.24345,247.49254,130.13322,90.726204,311.41647,500.4052,238.41537,55.130608,82.38722,135.21513,152.58679,343.4406,227.02258,231.4479,103.24704,314.03024,308.7677,447.86203,327.9131,164.93457,523.2142,518.6875,Desktop Computer,$Whiteboard$Printer$Phone$Shredder$Google Home$Desktop Computer
568035.94,244311.0,7167.11,9891.722,3041.7236,4111.358,2186.0327,1207.1307,5006.758,5352.996,1704.5452,14875.715,64007.145,49018.15,4610.7637,2154.8103,1100.9271,911.07275,576.592,640.6745,1008.84076,1668.0918,904.1251,236.09863,1526.26,1785.1321,474.66437,186.9879,41.56215,78.37125,183.9187,277.8259,826.4335,338.46744,467.5836,669.69696,2015.9982,4411.4043,1984.2131,268.55884,372.96304,158.40924,375.76617,258.52783,467.60376,197.82565,121.1593,30.040504,453.88837,870.27673,416.79984,257.0375,975.05396,382.05444,424.18585,295.8864,202.31125,183.23483,272.7284,250.06874,444.38412,612.8392,584.175,136.39592,254.67369,343.3899,95.5485,126.39875,158.29597,129.0443,65.99802,38.78265,289.7474,253.67586,565.5046,482.04913,502.36172,186.4947,283.53906,497.17383,332.3778,198.0493,130.41272,172.98387,201.62509,238.32072,62.67853,202.35703,336.68045,155.77141,170.69983,145.0122,144.83852,470.48596,334.04333,149.96321,262.37045,223.35924,53.347443,350.01025,758.3799,473.81284,444.61124,431.0361,118.30941,123.91514,218.93663,269.80835,72.6553,53.626137,224.06046,435.95557,249.28545,177.02846,235.6562,278.26886,313.15033,169.8651,208.5361,100.57713,285.3631,460.56192,406.78284,340.52313,333.37277,337.7421,620.08154,480.319,242.26929,324.08023,442.17636,412.96008,456.50516,622.51355,1101.8353,304.81302,401.65137,273.11325,149.26396,108.69377,104.737114,281.62515,467.262,262.66293,145.70102,469.7002,390.80005,448.01718,355.2923,217.82492,439.41052,307.58658,208.64049,426.07855,685.865,482.18277,141.54437,184.41006,80.06096,177.30891,389.08136,441.1108,228.51047,15.330926,149.78183,54.634056,413.28244,250.07458,125.30778,192.1234,15.97269,194.27655,329.8308,158.92604,140.3844,74.5614,24.271513,107.93327,98.073784,117.162636,112.131966,183.02263,216.41832,337.2428,244.15361,216.09927,80.14402,13.530369,265.16492,350.47183,231.94106,105.9591,187.10083,361.3897,364.86505,316.34787,84.11984,383.25266,328.15704,181.25986,480.8586,656.77496,632.8204,781.31366,121.788216,693.9492,308.64847,207.02348,490.52405,564.25775,533.5376,194.83992,53.76586,236.46312,359.7835,71.58684,108.75581,338.5336,96.28362,61.673523,91.34858,169.41241,170.29759,61.567772,115.135735,106.05083,56.654743,268.39468,343.98572,223.93643,140.5754,112.01474,58.79519,267.13284,313.3615,176.32358,231.06479,449.64465,373.81543,67.72507,129.41151,155.30022,141.65901,60.235813,195.93773,341.42514,251.1963,214.98582,140.82172,260.3982,526.83734,692.7465,468.58133,183.04715,91.00277,295.79224,109.0625,Desktop Computer,$Whiteboard$Printer$Phone$Shredder$Google Home$Desktop Computer
567220.25,243664.42,6708.3105,8265.739,5639.823,3509.7175,3740.9111,8154.5356,6181.441,1766.7767,2960.9294,14993.22,65043.94,50776.562,5027.879,1011.7078,1944.505,2296.7192,1099.573,1446.0469,305.11377,940.5696,1621.8723,329.39252,1494.1907,2363.153,935.05804,683.67395,956.9178,468.14777,524.8162,973.83496,874.7088,412.8648,282.97067,277.628,1239.4275,4090.2979,1531.4539,553.3152,363.52185,237.6606,306.15164,374.07483,488.8878,634.08997,204.62782,308.7375,439.97565,428.51123,541.5557,403.00232,1115.3551,323.41214,550.5581,470.76358,441.68314,455.45477,112.40342,94.04641,197.80211,572.25854,856.0744,394.33374,266.5109,263.07858,126.975525,237.6086,485.6241,422.38858,219.96387,187.55524,121.32538,290.20898,355.56284,319.53207,162.95724,76.62845,133.6648,171.37108,103.37288,125.92609,137.08075,291.2727,285.4645,399.89328,358.7861,196.32138,181.27989,363.0655,180.24188,155.1517,51.22792,122.442635,274.35138,585.62195,315.4948,230.85199,266.06555,423.87738,1029.5201,867.32623,504.1979,520.35657,365.54526,205.749,562.3817,435.82816,358.87527,233.52525,164.61174,95.47907,160.8754,182.24687,215.5224,99.06024,141.70842,81.23553,65.14511,132.22174,65.5576,119.593,19.39562,124.72364,167.184,70.232956,211.45824,178.09961,110.65022,221.20819,380.505,351.50793,283.2988,555.1287,929.26306,263.9528,603.94366,155.80376,170.81485,240.43091,290.64078,178.95306,214.03249,242.95123,75.20054,110.11867,366.62915,281.97626,197.6482,227.8462,221.20932,324.07877,728.02655,582.9021,284.0334,203.89641,391.2107,279.34943,360.97482,345.92377,201.97166,107.153206,206.7974,237.44704,286.58377,93.446495,253.9065,84.207016,78.234886,112.02161,91.75431,179.79933,215.25125,44.17348,32.377544,84.054794,245.11305,203.64812,113.81531,173.6516,238.61723,186.62312,132.89206,25.433071,277.05447,239.35767,148.0367,229.60933,371.16324,137.6611,251.3721,433.91882,292.8482,401.03995,320.62332,332.93964,123.5,181.85333,175.37473,211.87596,476.8577,277.7182,277.68826,185.96335,888.01514,397.76016,770.5016,736.1165,797.99194,485.76276,168.28824,300.8143,236.52626,382.868,475.37402,311.67636,296.7174,226.26854,19.539743,176.75499,66.37312,64.45014,91.7344,120.356285,291.95334,161.34486,19.47295,134.24097,127.7733,55.861057,227.41595,230.23947,167.95717,178.16644,183.36353,85.08616,254.04442,550.91943,417.50497,114.61834,31.87153,93.21567,188.86484,180.03908,164.15527,64.352486,43.70699,63.96161,53.897564,164.98648,360.13132,493.22375,774.805,735.7069,479.8315,123.68382,354.0,Desktop Computer,$Whiteboard$Printer$Phone$Shredder$Google Home$Desktop Computer
567477.56,242130.02,2454.653,6711.447,3067.8398,3356.577,3032.2249,4691.929,6121.579,4229.585,2139.7075,11554.005,64656.957,49892.75,4996.1797,1868.5669,508.87744,1912.3849,258.11298,1314.6721,806.9111,834.88885,992.3707,289.5412,1472.0763,2575.3525,111.06505,581.19403,200.87451,379.59018,435.96768,679.29944,1165.726,290.449,452.97147,346.49646,1714.2747,4429.7783,2519.4128,210.28647,246.97548,251.25523,398.67416,283.22275,270.79733,216.64674,334.88376,376.18762,207.39447,504.81717,400.53253,422.9939,508.18546,760.4863,490.17667,645.1393,603.1712,432.68137,189.66446,265.54297,507.8138,340.04416,831.72784,441.47037,196.69994,251.838,264.34006,368.18347,319.2413,442.10587,163.46106,154.75362,194.7465,210.53201,396.18793,253.89598,181.71474,226.27002,141.35959,206.81932,112.40509,331.84982,368.03992,430.3396,91.15228,15.176952,292.29074,298.52783,361.64975,159.08142,320.46423,182.10994,89.838356,546.0272,478.9108,177.69821,136.93936,608.4276,481.90085,307.08875,137.7713,176.53549,240.75908,364.20975,459.49194,99.54964,319.1914,177.21361,189.34369,175.04068,198.7737,139.99353,136.37033,157.25327,271.0792,325.4302,546.7073,271.0517,185.00319,316.3444,202.09932,116.95858,77.52802,61.127712,143.73805,51.19122,151.98055,22.389841,148.8597,196.84352,307.8863,180.78662,364.16156,716.56195,1030.5212,414.54483,701.63727,480.0736,354.89572,295.54782,451.11194,329.7738,343.84094,387.1252,399.30743,434.36862,399.45663,294.37344,63.857426,62.600742,512.6626,671.4751,288.21613,108.79557,67.48568,126.00592,367.1061,258.02713,220.86429,268.04858,363.00754,91.147675,189.30412,135.64505,237.82385,43.597347,163.40215,78.78352,87.01436,176.60172,370.5358,130.6539,233.67921,199.74745,39.293427,176.83179,57.667233,252.11748,144.29364,156.5524,142.15373,299.8877,284.22678,256.51526,237.21812,300.3385,337.30997,382.68494,496.8348,441.3726,259.1048,143.83315,140.6269,192.49219,224.91078,133.65094,175.05515,243.66806,161.69946,553.9971,346.18097,103.24711,203.04068,440.42685,770.1997,444.94296,426.91238,623.56195,362.1839,185.58337,711.72833,523.907,399.7804,400.1712,284.35443,193.5252,247.85498,251.69879,250.63336,322.09528,442.59045,399.85876,296.38977,199.44273,84.35017,122.2222,171.97432,81.44293,68.16173,64.39145,145.4303,324.84613,19.81963,145.6621,301.68695,63.439182,85.92671,110.41725,90.12329,183.54533,65.64261,135.4209,140.61633,266.7438,562.73676,558.91595,328.83887,117.976,316.91803,290.5044,415.59683,223.6065,95.947716,117.12949,265.5428,236.04832,110.6875,Desktop Computer,$Whiteboard$Printer$Phone$Shredder$Google Home$Desktop Computer
569106.75,243742.0,4892.8555,2626.369,6658.28,4276.971,2230.5156,2327.9136,4480.5444,2528.3176,3282.0815,12704.536,64456.984,50825.742,6903.4785,3191.418,3043.0662,2814.4973,2506.1897,784.5685,1086.651,733.1317,850.27216,283.17645,1286.7393,2187.4336,898.08405,176.84898,499.31976,544.8947,216.33757,308.9395,1021.08685,362.58942,201.61966,214.10828,1668.0234,3839.7808,1382.4854,478.18134,266.9193,251.21999,169.95595,187.72621,208.203,98.748024,137.90575,386.6621,429.95547,1048.1179,877.74304,402.5417,204.84984,527.6436,1120.6516,308.1479,333.75348,288.43274,136.88936,308.30554,178.65459,428.35614,550.41644,100.98253,95.63941,272.25098,368.2178,194.61884,237.35449,277.24265,86.66549,65.80337,153.74817,269.40668,644.1542,441.10437,205.64613,85.10268,205.5485,359.67142,207.16261,326.96045,273.98196,107.3699,129.58374,245.9745,219.98131,332.122,207.4191,323.09396,324.1995,264.21857,284.99893,291.61508,250.22769,171.84882,529.4928,269.54285,153.02338,496.14758,587.8853,211.2712,567.6565,548.7362,235.43672,292.1751,76.24554,137.92448,84.72844,183.93011,146.88618,64.63739,140.04533,108.13032,310.7267,167.9863,262.2517,396.76437,190.38484,180.98882,367.30753,296.23386,71.9754,164.90627,92.26337,139.56859,246.1602,158.061,93.29583,245.98683,198.89671,227.26883,362.10583,748.97516,963.9596,223.479,666.53723,349.73862,292.5011,315.67203,439.85364,136.97214,311.22064,433.79868,214.20215,182.02907,170.39626,358.9636,250.70532,138.78877,472.64197,728.8259,460.50018,523.25275,515.49,239.10046,398.02576,472.82605,395.08948,256.9967,295.63922,119.00145,301.24796,161.78944,211.61533,378.6786,288.21893,218.87848,332.89078,267.01892,501.26105,408.0325,84.51743,82.33818,111.39061,127.945206,228.3415,82.56299,177.91995,182.24158,201.7281,85.86193,101.97407,92.23918,335.4686,384.90152,161.99625,26.102186,196.15927,195.19319,95.87114,275.29745,189.7805,169.78435,245.16028,165.09259,170.95058,323.27734,523.7937,396.2374,315.75467,473.32767,420.8209,323.3536,683.07935,955.042,280.04282,796.72894,766.661,520.0261,17.798733,103.26801,392.30197,305.3492,335.76767,408.83408,210.17165,100.778175,11.60585,335.78726,355.38373,129.45065,55.689476,170.94644,266.7052,176.5323,57.6657,116.67454,88.10953,149.57785,127.813896,44.390205,81.13685,40.840893,163.26256,140.66408,20.753681,88.270035,68.32328,157.22388,36.346485,250.77292,243.5815,260.49557,236.63684,320.71094,278.14706,225.44972,169.2875,261.36996,162.5976,345.16684,318.49112,219.88757,262.4082,253.89124,301.46875,Desktop Computer,$Whiteboard$Printer$Phone$Shredder$Google Home$Desktop Computer
567115.4,241090.11,4668.074,9917.186,4987.2173,4607.5664,2095.0637,2891.6145,164.43587,2215.0396,1516.1719,11022.855,60717.04,48282.895,4528.8066,1265.6443,1528.6981,623.8471,570.728,488.98285,613.66486,972.2764,754.5574,667.9946,1328.5964,1927.1155,717.9705,699.50696,332.65933,618.9438,368.8584,731.62213,547.5405,344.6708,535.6858,327.2822,1749.2957,4158.8545,1953.1376,181.25677,155.90839,394.53268,154.45921,167.17313,118.77297,252.90343,260.54788,239.83064,611.7382,883.34796,921.65753,746.1261,812.7274,541.6992,875.1072,614.04425,357.09122,351.03726,269.4951,281.52,146.76271,535.31555,567.69934,293.5931,11.500881,114.80104,355.7117,123.79583,96.44574,319.0878,247.4057,530.9076,495.96924,527.41516,734.04767,695.2102,392.06433,134.9883,74.95878,183.52113,23.113369,335.60376,122.83072,278.57336,362.85944,115.61302,226.2224,224.53145,198.1273,178.72682,274.5412,368.4582,262.40967,241.44754,151.65065,269.65314,259.7309,340.96848,563.68866,648.0952,327.89648,307.64093,390.89307,156.07283,412.08658,1014.0456,906.0712,379.72583,318.24915,451.99054,568.5277,368.94666,232.11986,278.08942,276.7885,219.61478,322.86807,178.15338,181.94853,178.11484,119.94492,165.56299,399.75906,317.03366,38.334072,34.140026,166.82677,537.55133,451.20862,213.80272,283.89105,411.45374,555.4207,799.6739,1256.1366,424.438,717.6104,379.53412,197.29578,305.66907,245.1607,105.250595,122.12898,279.89673,167.7087,220.48747,186.46529,169.07744,400.1758,344.9807,218.77939,138.65279,756.5397,485.3229,74.37515,439.8918,485.71918,351.28595,219.75977,90.9206,320.38104,483.09583,501.0902,432.0348,242.52747,243.92555,89.90794,212.75058,220.66266,311.86877,304.4612,259.4966,170.37375,44.493206,38.954815,76.35591,208.09505,79.239624,63.08093,104.59578,132.51407,207.01077,282.03625,263.2812,205.33328,127.74523,125.15077,50.18577,199.05641,98.18015,60.439068,118.17673,28.508907,130.38054,191.36441,116.07239,215.35857,267.50854,153.51768,53.605072,252.37938,166.68343,350.873,659.6652,1036.5303,539.63617,432.3246,189.74144,189.34653,297.66052,64.6562,240.11624,416.21786,524.69434,620.18585,361.28574,223.08263,219.10422,313.535,236.85068,248.81952,230.64713,310.41998,289.7664,106.17966,166.17935,138.61206,205.16507,181.0196,286.8039,248.79259,135.05872,168.31775,87.872894,99.29526,145.41039,170.18362,170.53334,281.97314,130.69107,257.41187,119.20443,55.748753,101.79658,363.7174,318.00284,95.71494,142.92162,56.008884,175.59624,137.7204,250.88971,360.33322,464.107,751.8795,591.45935,226.125,Desktop Computer,$Whiteboard$Printer$Phone$Shredder$Google Home$Desktop Computer
565954.25,241047.11,6145.566,8514.851,6109.7554,6700.647,3810.0947,1336.6095,3686.1023,2933.9607,2190.9722,14560.752,63297.28,48635.83,5775.2373,3261.4495,2331.8206,1869.3167,1524.4507,1721.3857,166.14795,629.4587,417.7896,372.592,1978.6791,1792.8235,446.14886,689.664,646.1312,1163.9785,545.9991,785.26776,962.2609,710.2413,457.48596,594.6774,1514.6879,3647.0195,1607.4753,303.9953,255.93909,284.67554,108.3549,377.43057,522.66864,572.1127,375.33478,402.6484,475.0116,962.7896,706.015,1230.5594,748.539,304.8157,659.26605,178.10448,57.496265,273.10593,158.2692,348.3808,416.144,181.23683,572.718,263.8526,388.8179,457.08234,545.0059,117.772766,94.782845,207.5669,204.08556,251.38441,247.68887,100.561066,385.4436,242.00774,238.69939,132.26144,269.70618,231.17911,280.6073,264.40576,222.34541,151.43312,186.90672,239.61522,103.8197,77.68573,148.22786,218.98793,166.14474,213.74425,325.85806,335.67624,282.67783,214.57431,285.9617,255.19711,146.80971,423.6372,193.61885,887.67487,703.79895,490.22504,329.76596,340.51025,198.73532,493.8628,89.63157,39.932884,219.90587,192.00551,295.71283,151.74585,109.34727,211.13844,185.37444,115.92118,161.54547,129.95227,153.24516,291.4929,259.03738,200.46617,21.363115,180.90016,152.53271,238.09792,80.33937,78.50759,225.62134,191.60355,392.7666,493.63876,820.62134,200.47809,553.3178,237.7511,73.72681,130.85338,235.96843,236.19275,268.84647,252.74786,295.27612,428.91165,295.5735,366.39316,123.483734,202.05907,385.24872,89.2374,554.1145,803.83954,417.44846,195.01782,407.7685,266.9684,231.80981,314.03357,68.249664,189.2105,199.93999,155.73074,114.53958,390.61172,371.3678,367.59378,154.8236,244.97577,173.10681,111.98626,295.90158,237.5218,85.79314,73.36753,165.04875,127.99183,145.64462,220.62718,147.62982,239.77328,178.7101,276.96683,323.77737,209.7388,89.72666,167.63145,155.2856,109.56024,118.20156,124.73251,239.06795,183.44635,205.66814,161.42165,207.73633,304.518,241.45457,234.92644,247.74364,188.48355,289.85193,873.56195,870.82074,294.30548,733.56244,754.24854,323.69553,338.91733,272.0097,217.41522,199.77238,289.8435,236.19211,202.95865,297.45474,347.9813,289.7353,253.80994,79.049,78.70508,114.07724,49.584194,182.38353,127.79931,40.262424,21.44376,163.94923,115.07728,201.96169,204.76614,204.94383,404.32098,250.01843,136.62755,85.314445,307.98407,341.20184,235.65909,189.34439,64.515724,84.95443,164.01244,309.4425,47.53076,267.05746,170.21,110.033035,168.99455,276.8688,122.920784,369.94168,490.2381,779.31757,751.2528,785.375,Desktop Computer,$Whiteboard$Printer$Phone$Shredder$Google Home$Desktop Computer
566610.6,242400.52,5454.923,7852.392,4117.556,5425.1504,7681.347,5325.5156,4860.492,4309.6167,2989.0022,16834.676,65880.77,49534.46,4603.882,1458.4473,638.8462,1372.3783,500.8902,1298.9087,347.9173,948.60956,602.1304,342.22128,1809.2214,2666.718,833.9933,136.10844,711.1624,770.88464,527.1843,622.6687,754.53876,290.0141,365.14557,852.11786,1575.1942,4195.2905,1994.8362,392.3605,405.85312,707.12317,362.2198,238.54794,234.96896,103.19862,400.98007,291.73492,233.42365,680.97797,837.11237,702.4814,795.46405,114.5934,458.15454,290.25662,198.05338,171.62312,68.806305,468.25067,350.83987,336.521,649.8118,132.98492,115.130936,131.28435,224.9781,141.23396,113.616295,184.6201,174.27505,251.58003,97.43861,308.97272,443.26035,151.23448,314.64972,216.18195,9.088532,255.76305,266.61414,287.9287,235.71683,277.84802,222.17593,400.4094,326.03287,254.512,36.021244,46.886864,122.39148,316.43365,230.70697,284.13287,241.84442,255.81792,255.28276,171.96085,447.75964,147.34064,469.49194,548.7147,260.10822,86.604546,256.3621,156.9522,21.547565,105.73146,158.24277,230.3174,288.72095,261.672,209.076,137.19542,214.54213,393.8899,475.88107,509.0465,305.06635,309.58746,462.8557,296.34772,100.52659,88.29838,138.75908,200.31299,207.20758,94.80735,156.77379,109.96192,205.61494,140.89,141.09404,384.09778,939.30194,130.0869,510.98688,387.25275,307.5831,298.48605,208.51451,259.2986,336.87704,406.57175,210.52498,232.48209,215.44731,123.28665,88.645996,101.25454,99.42155,581.2835,1198.7273,1051.4956,119.42978,180.0376,335.27246,284.51147,144.86052,79.004,281.17087,414.44122,272.55402,178.15501,182.9975,213.8349,253.12883,86.428085,190.35806,238.05693,22.040113,73.48325,303.9246,425.20068,126.90329,92.731186,188.37813,89.41479,95.721756,128.25037,136.57335,172.19373,123.908195,269.3728,438.725,233.00394,77.385445,218.50789,254.73964,326.17834,241.46176,175.5447,192.50598,192.96664,267.05264,214.34288,121.32351,100.30553,95.86142,246.4546,284.94513,121.82155,455.7805,813.1046,687.9563,326.39136,473.90112,778.43097,353.29117,170.55609,198.11671,497.59866,357.54327,288.59525,150.6884,88.35052,62.851368,222.7346,274.9738,330.6793,291.01862,358.54782,371.20557,286.09534,105.884796,76.25881,56.8745,27.076595,121.38997,165.31973,288.0155,279.06006,216.0244,286.0404,145.09637,151.08295,240.88527,128.13142,200.0942,350.60443,262.67487,105.864624,167.12349,306.4656,125.08793,101.95997,169.8901,317.5867,75.271736,260.79825,433.01035,201.1105,37.602825,401.48596,471.7437,210.4041,49.0,Desktop Computer,$Whiteboard$Printer$Phone$Shredder$Google Home$Desktop Computer
567240.7,241847.9,7113.5903,8799.806,7184.836,6218.5894,3235.9321,4377.0693,1876.1147,1260.2388,2065.9265,13872.884,64093.36,48916.426,2522.9868,1882.6174,899.71295,1207.3608,1507.6488,1153.104,2387.448,1631.462,1876.6472,864.9168,2060.546,2515.0806,597.03894,439.7833,901.89185,818.01373,688.4706,385.53207,862.1031,506.84833,518.778,270.7134,1674.0795,4558.5894,2040.3619,435.3396,113.4334,397.73245,493.02115,486.8465,624.6025,577.54126,843.99005,476.0959,344.14716,268.90402,161.88794,196.56331,677.6292,362.87555,157.87141,338.99365,431.55658,466.85217,329.97995,120.831955,277.67554,505.77774,667.6114,527.35785,242.90732,333.2086,324.47177,449.42728,340.88986,312.8082,205.65741,268.78055,102.62382,255.32281,574.91547,412.10977,315.63153,85.95003,120.99054,310.63037,273.3579,373.76608,412.30356,393.2843,108.35856,139.67021,77.843254,148.65068,185.45384,229.2647,112.634315,109.4057,264.64304,150.92377,380.82956,507.9402,272.45093,271.29633,285.5307,420.38647,327.34735,204.19388,338.3056,117.60399,306.13483,355.09366,371.4706,402.6329,284.86243,171.82999,356.34543,506.42142,369.25998,192.48721,324.21625,145.4295,61.917423,278.7146,367.4886,173.62305,269.78253,230.95554,239.80998,389.17096,394.4196,311.701,173.95618,198.7045,90.85343,137.8998,137.02122,139.86166,119.4247,549.0524,919.12604,185.85338,500.5887,254.99855,244.45863,244.96953,155.91759,16.724384,228.85757,51.832756,52.796574,139.84473,211.06194,212.47342,91.3713,331.00616,595.48706,653.71155,508.09152,563.28125,723.10126,254.87819,85.4704,157.51659,173.13557,135.88057,137.42352,156.00195,200.49245,175.115,74.46176,268.07104,155.0559,66.70763,271.1887,324.89194,136.103,48.348408,104.47094,113.8636,33.457226,216.44473,295.89874,232.21495,293.5201,109.551765,158.2229,260.93143,222.67134,202.07231,115.41957,306.85925,224.90445,96.6529,170.77065,209.29626,267.55716,255.38016,301.91953,33.516254,143.06326,270.49066,134.32999,155.15942,134.98883,156.24371,227.50545,191.50232,184.2832,800.5451,749.2214,444.73587,383.89435,451.23007,550.2332,466.65457,153.22278,405.5443,102.18214,369.2966,412.67596,166.58235,194.33398,167.37326,283.99194,176.27655,141.46736,207.0656,260.951,94.89,96.05823,159.08525,247.4596,107.26326,158.42249,175.54669,185.99759,138.11038,159.09364,166.84566,75.17906,137.51636,160.53534,122.5729,66.51012,165.882,190.71562,87.600105,213.62517,96.1993,315.9958,273.3716,91.15842,198.69095,132.06502,166.43307,249.64685,489.91855,571.3874,372.42203,98.64656,337.80756,357.4375,Desktop Computer,$Whiteboard$Printer$Phone$Shredder$Google Home$Desktop Computer
569761.6,244486.8,3461.1445,6797.4746,4155.1787,676.4085,3365.808,2302.5361,2375.3296,2855.3918,1097.6444,15865.861,65977.2,51700.004,6214.1636,3664.8015,3494.881,3089.578,699.9446,1482.7073,2557.036,1912.8829,2427.049,960.2143,1471.427,2775.9001,946.88617,1186.2521,268.97882,441.0572,333.92175,640.19714,833.09094,302.2266,321.60327,390.8012,1824.7196,3856.4453,1740.1359,544.7644,341.08908,190.35199,133.08893,213.27649,208.3326,447.03516,142.68697,490.18198,739.04877,1005.8164,967.88586,384.65524,1060.0952,543.5275,444.89035,163.46288,251.00468,151.05151,269.74243,194.91731,105.84803,700.7588,776.55536,452.39093,292.38422,207.55487,148.8916,108.87424,166.64299,143.25269,256.03467,54.900066,330.28635,230.86136,450.52768,111.798935,292.79037,224.54892,331.83948,138.68524,355.7268,208.4041,113.80358,219.1155,262.5826,264.3665,490.62155,387.94635,223.1543,287.11572,298.30142,126.46542,375.21722,213.3121,297.03485,122.1057,137.3549,457.95493,472.7726,59.282623,733.1307,707.56866,352.77203,635.1006,348.94528,394.85617,483.26965,26.537132,291.2157,97.32683,219.61296,252.6769,377.29663,261.34384,320.8527,75.39821,65.21593,101.76008,254.73723,74.927055,342.71597,115.950966,59.54507,201.85706,117.10251,116.75007,220.54544,134.51585,66.638916,343.84982,432.27368,517.90265,485.341,490.91553,970.4135,214.25616,496.89484,405.78555,398.51724,242.41302,272.70563,275.51663,334.7166,61.636017,84.68184,215.79082,246.74915,293.56677,232.37498,109.21541,377.7194,65.83093,835.7044,1027.1877,538.9399,246.27145,208.9628,298.1159,354.51212,73.87881,139.36101,340.60092,325.30905,125.24496,42.010788,234.60002,271.53342,284.83,150.35585,215.57866,92.77692,121.507095,140.49344,383.28714,205.98654,94.051384,348.24356,432.5533,123.82787,228.39294,282.86237,323.87607,65.43649,49.405987,187.72455,177.36298,93.84582,170.3307,412.4184,334.66217,123.4935,57.747845,286.69336,222.58603,252.23662,261.47903,62.796097,304.05765,404.89713,357.4222,147.95354,73.53103,218.59401,549.68555,284.47137,664.5192,725.1054,585.49774,170.59189,487.8468,147.59259,77.125984,269.01184,346.05005,166.70511,114.41517,86.55657,135.63612,341.24585,208.05351,142.50609,165.30128,98.43848,202.69221,75.18547,46.509876,129.26547,114.82081,124.86878,95.62463,58.023083,251.60336,241.64635,116.55018,117.87392,175.20067,139.9627,210.83603,190.80002,79.96755,123.5096,191.4357,303.0094,209.8173,246.95267,286.34946,226.52383,152.50598,174.42303,121.33718,189.30095,342.30618,127.952156,550.3211,536.0088,293.67407,189.0,Desktop Computer,$Whiteboard$Printer$Phone$Shredder$Google Home$Desktop Computer
566022.25,240255.95,6108.206,10391.787,5484.3286,1320.8756,2552.4507,3305.1658,1642.084,1739.531,989.7638,11888.134,62365.047,48310.25,5148.631,1418.7378,743.20575,302.23697,1230.2013,1313.7988,550.8086,867.84705,461.0109,859.47644,2472.5854,2487.386,761.3475,649.5992,221.60507,181.85973,458.12314,509.33432,735.3083,509.78568,267.26108,136.19691,1576.6409,3693.8303,1499.3816,522.8708,164.41763,296.77414,300.01868,252.05289,146.23172,180.34677,326.9363,118.97426,212.50613,464.95496,305.24503,578.8348,711.1575,230.16942,511.4221,251.04063,215.43927,457.93762,348.4066,157.00009,79.25227,494.6835,707.7203,143.6073,225.44084,140.1497,67.80361,148.72841,286.92657,282.86163,209.07037,77.97206,252.435,309.492,364.5572,388.41232,90.712685,186.56195,173.27025,319.67767,268.5181,129.77269,203.79399,145.3267,95.30556,157.37001,170.81595,448.47113,316.7294,196.64813,200.56221,127.06942,199.68463,74.594315,251.19054,497.10034,556.3295,164.4563,324.57996,363.10242,473.31418,584.83673,519.44214,639.38513,319.02548,347.968,467.01962,341.05124,205.1994,325.56116,338.6527,415.2624,460.4179,235.10164,218.5512,214.75667,116.851036,216.8654,317.20862,265.2396,406.46744,217.33463,146.00337,178.89421,51.72702,101.29842,192.06296,245.68059,59.992367,376.5304,444.89032,126.79721,405.04037,887.0899,1055.8612,222.65646,378.22296,188.10585,139.53577,164.52505,418.44272,132.40294,371.1789,359.25687,260.27817,29.332666,124.75232,143.2623,203.09068,98.04355,380.0352,645.3572,599.5859,574.28986,142.6303,223.04724,294.8909,371.272,193.67786,375.91418,479.10876,426.1083,209.25587,132.42857,41.360252,301.07144,323.2763,130.01404,76.056694,101.73143,160.1236,275.74466,227.96161,217.8471,209.64001,284.27637,185.42041,266.5302,133.69774,57.7016,138.84543,145.38791,106.052895,311.707,142.13872,165.63002,149.80684,145.80656,128.89731,253.5903,252.46338,54.72332,260.64423,409.3115,314.79547,283.48447,299.1829,152.40227,129.98181,94.372,281.47568,187.05412,475.37766,720.88574,468.74185,518.6392,188.2609,26.490673,681.59705,1063.4634,662.1106,327.86273,127.13728,38.99014,113.08761,302.2371,292.26688,137.98218,93.30027,160.01749,168.98343,117.31029,152.67421,134.47842,47.617153,136.53806,145.40451,197.07747,269.30167,143.69919,372.6087,238.29027,149.87486,402.70837,292.37003,190.0871,163.01424,247.95467,155.84932,229.7895,231.64731,118.1945,35.168392,71.36693,315.61285,435.2959,235.7572,64.56393,188.40459,257.91043,117.65382,218.92368,347.90262,191.0898,367.86105,489.18814,311.5,Desktop Computer,$Whiteboard$Printer$Phone$Shredder$Google Home$Desktop Computer
568727.25,243827.44,3531.5776,8756.22,6435.016,5521.796,4098.092,1376.8563,4100.098,2334.4475,1006.82245,12700.832,62883.773,48977.266,4699.1396,924.90936,1518.6902,1440.485,1770.1267,1916.1377,673.04834,429.77228,1438.2137,578.52185,1667.1301,2291.4546,1303.1956,296.68073,756.1325,1117.6326,100.70019,387.82266,854.2006,340.5325,138.94179,579.3352,1761.0892,4467.7866,2077.5168,218.27316,291.28952,289.3632,517.9905,104.88559,243.99103,102.19496,209.49402,231.18883,465.87424,858.79974,876.8499,371.06802,1095.993,873.4839,100.99981,375.01868,276.48413,315.89624,148.03966,29.21868,290.21426,364.62396,523.6739,362.84918,73.75134,188.16159,187.71254,368.4284,112.51918,126.77984,221.25948,237.36421,440.63922,519.4618,541.22345,297.54742,164.17062,136.85403,175.45708,52.976646,201.4855,393.83246,224.7419,290.20956,86.20147,145.35226,159.84569,178.46095,363.45874,375.73114,298.86255,240.52713,330.3698,265.12927,77.68395,240.74843,13.333271,399.72012,813.2371,927.1798,314.31665,369.8553,339.11258,125.51999,419.0105,249.16943,179.96114,442.2808,281.92413,214.25052,187.07164,137.31317,201.04756,244.08334,205.50452,236.35925,153.8822,91.36591,23.803392,199.8537,309.2125,347.49835,140.40062,150.98563,350.18292,250.69637,287.37128,171.94048,241.85832,184.78911,353.34973,445.14343,211.04945,517.451,833.2026,105.866585,816.89325,500.21445,456.76242,238.81981,284.94702,241.3253,111.88558,147.14178,52.123196,319.9318,384.69144,27.620588,334.57178,49.040833,309.80368,496.4314,176.1071,493.1799,310.22723,473.73163,560.41724,375.2557,195.30386,158.41779,382.00293,254.50778,135.62035,41.59,153.5424,322.20767,174.08098,171.2835,206.12436,111.13696,106.3184,73.155556,37.720245,116.731575,181.05399,353.9006,210.85889,120.259285,91.845474,136.79015,195.39604,247.70064,420.6375,380.93372,240.70853,247.76611,177.53172,242.25595,219.3868,260.36584,369.4364,232.97318,193.74057,69.14604,74.03939,169.01631,237.98245,263.3099,417.42218,387.80322,258.9353,412.5976,532.8836,650.78827,671.8225,295.1492,1006.783,579.94977,532.05255,205.03546,190.05606,73.48449,150.82224,215.84842,137.2192,139.96936,136.19215,200.45311,265.40564,250.61208,100.88138,276.25565,372.60492,243.35226,122.8137,206.36255,107.98737,58.353012,355.40036,513.60913,245.32822,32.16903,144.55716,325.32065,314.04092,333.05493,387.69635,404.7601,366.08643,280.94244,89.49769,104.26017,115.26066,66.4197,133.33452,160.6594,33.649467,167.62402,157.41942,270.54907,120.51661,118.53154,293.07874,530.9455,412.3251,86.6217,534.625,Desktop Computer,$Whiteboard$Printer$Phone$Shredder$Google Home$Desktop Computer
567980.8,241464.34,3016.5508,2917.1582,3864.6797,3418.9915,607.9938,1596.7385,723.5595,1828.9203,308.22165,13276.659,62312.668,48377.156,4666.377,2003.9576,817.3733,1273.2534,1222.9326,1850.0956,1300.3605,995.58514,512.4763,401.65173,2056.3384,2050.6824,822.6601,365.95316,547.71234,1043.6919,296.62433,553.8718,1441.2506,521.2444,323.1525,565.35297,1417.5907,3672.658,1550.8824,408.87625,335.6091,351.67267,541.3471,41.714115,365.54233,225.43456,545.36505,379.63248,447.57172,606.8897,1195.7441,778.18665,676.1405,283.09775,219.89793,202.10309,495.52905,574.1681,321.9922,297.00333,168.09625,432.16306,544.5487,393.42374,272.60696,228.63805,141.65575,138.47662,153.92464,196.22482,107.81971,100.66722,144.37895,478.02853,690.35394,397.49246,83.98099,186.42993,365.36417,286.58926,281.77386,149.16058,130.47878,64.51049,185.16109,90.99491,125.041756,291.68338,148.70508,92.66525,165.77483,408.88773,282.40463,67.5303,230.96945,110.884415,290.0318,633.5217,429.41754,63.859516,629.4174,941.6644,556.2081,16.523918,383.17245,525.46783,362.77386,253.04584,479.1534,305.72,194.3502,431.36786,289.2085,255.50241,388.93655,297.56876,53.867138,247.05559,281.8014,261.50403,297.25256,56.740715,88.32197,250.18312,236.9304,163.76108,260.76126,387.6313,291.23886,388.45255,431.66418,375.22043,273.1516,894.2096,1091.1173,186.40706,818.8628,303.03995,410.35583,244.72902,38.418407,59.131153,230.07587,138.68445,45.798153,304.45248,199.98642,185.90608,302.53766,66.94951,43.646355,353.29532,803.0754,440.32858,462.85208,426.85916,80.96734,184.7481,96.30627,214.40144,190.40295,170.32303,115.77633,45.08435,121.37417,165.48526,140.37718,177.55115,285.0955,16.283525,71.68788,152.6708,78.79925,153.69058,183.6804,39.169796,174.94753,128.62201,261.00745,149.61476,270.93893,208.23685,268.8626,232.72585,72.32449,36.409058,83.13968,34.430214,157.57265,166.15938,184.28531,194.98921,315.56494,105.619804,121.940346,305.547,348.70007,289.33643,278.40158,330.94336,216.51508,178.14957,291.12833,612.0001,459.44058,573.8008,810.3082,333.63953,278.66605,490.20795,391.9269,366.43506,404.0428,378.98904,477.94757,511.8134,369.87,177.41768,192.24385,304.71915,307.79956,286.98755,245.84413,112.731384,145.43256,20.905144,132.6918,166.90079,168.74237,125.37539,389.80014,346.9642,143.8095,21.586515,137.74362,102.66752,242.28517,127.08598,148.77179,33.5508,110.49775,87.57139,123.10159,99.738,154.92075,128.37894,280.32504,204.87024,176.75076,408.9263,555.7524,249.60747,138.13808,196.81331,281.80762,531.25916,783.0625,Desktop Computer,$Whiteboard$Printer$Phone$Shredder$Google Home$Desktop Computer
567211.0,243463.56,5083.6143,11631.871,4961.2876,3488.6604,2564.2664,2442.509,3936.0393,1811.8833,1307.0972,13995.929,62987.57,47779.363,3733.6711,477.5045,357.80453,227.81856,377.94937,1204.4323,619.3721,1593.5708,857.8492,768.03625,2505.1807,3315.7378,1775.2158,803.6421,432.28748,580.19086,258.74158,766.66516,800.32605,256.07452,528.9677,592.25433,1572.5709,4344.714,2191.7302,315.65588,243.07654,215.75676,89.965355,212.34584,153.15533,265.46704,509.0304,503.94012,158.90941,799.8678,924.78253,975.73065,1039.0083,499.685,482.25433,696.921,587.6549,698.07983,300.14685,194.46971,82.694855,335.63736,545.7783,265.08655,284.91898,200.88504,329.37793,248.5274,253.82417,290.20352,163.99966,193.88205,116.08651,210.87346,842.01556,658.892,217.83742,31.710772,267.35352,82.23686,270.75446,469.59906,266.25488,109.09052,196.85094,92.849304,254.17204,402.78192,67.06423,73.6009,107.02768,62.26962,64.19882,172.47441,166.6526,316.14822,311.5614,239.61316,545.29034,729.8952,902.3929,759.54565,302.59894,232.43086,287.235,75.62036,388.50043,424.12076,340.96786,610.9551,267.89484,243.35258,430.99744,438.4518,181.01285,191.38916,130.13991,263.95715,382.9442,68.16533,224.14246,60.102596,89.66088,181.6548,215.19206,332.20654,232.26874,128.5337,86.58766,77.84943,184.57585,401.3747,556.9586,901.22894,1402.5574,586.3952,536.47455,311.33908,210.75275,253.45984,254.08904,106.68975,166.75264,233.77881,170.05302,159.44102,118.168594,391.18097,308.9003,284.13004,236.45024,252.8389,854.1375,979.39795,298.18753,136.15158,174.62032,340.57492,227.17867,80.42908,193.64996,253.93506,283.5779,152.92685,294.71426,340.65475,165.02359,156.71538,164.72313,121.97114,158.69128,90.17912,118.42381,102.29218,110.50562,230.93097,228.70074,318.9931,150.35083,156.80592,130.43477,99.495384,224.63487,239.47739,125.0057,257.19385,381.92163,354.839,221.38887,108.3824,226.91034,298.14978,345.90274,233.30893,223.1004,145.92926,174.67734,101.898285,96.12352,165.64507,228.88211,471.48163,733.8918,592.46466,593.69495,955.48236,303.59268,1164.4011,1048.734,794.4347,460.71683,279.69995,246.15544,240.66283,213.86055,202.68257,200.86076,330.81714,375.72015,334.55704,342.29715,118.687584,194.2596,120.98848,121.910995,185.92093,149.89772,106.029854,173.8554,132.23384,336.40897,365.3475,194.5162,125.32711,144.79184,204.07614,120.936,272.91562,133.06384,84.535965,295.9442,179.0063,69.93456,122.28505,204.9186,245.58083,148.6524,52.15321,144.58534,170.3468,419.08716,623.1557,471.88892,481.07666,116.305,306.5552,452.0,Desktop Computer,$Whiteboard$Printer$Phone$Shredder$Google Home$Desktop Computer
566133.2,242541.28,7809.2227,17774.168,10464.633,5228.854,5211.6265,4116.3823,3942.3364,2285.3284,2433.8525,12996.261,62366.992,48688.043,3588.839,1203.6194,1396.4762,1621.4891,893.30316,711.87915,1128.9415,198.20753,752.91315,1584.6298,2065.8171,2671.0012,571.20123,389.37338,125.47308,725.56506,549.60846,1210.1415,1408.8823,732.2911,727.3991,261.3606,1665.1235,4400.0347,1711.6038,294.33942,225.29419,223.49638,119.14459,279.45892,136.5153,296.07083,304.59198,234.33131,213.22435,1186.5731,1373.9852,954.34143,616.2953,263.31125,394.95383,479.23282,322.41837,243.65703,428.62912,220.57477,293.27368,322.734,375.2845,170.08742,236.73767,154.52066,210.82753,127.15276,40.680576,260.67737,203.9358,188.87347,290.75348,303.87308,795.25745,279.60217,296.94922,258.6796,142.74857,39.008194,244.37183,257.36072,164.95819,100.5933,206.62173,96.27511,174.77159,291.46762,383.45505,59.204502,192.97922,42.883713,131.9196,193.1328,332.923,121.55982,201.60542,148.93459,329.05084,326.54797,97.7293,833.6933,374.08673,89.31292,289.7141,432.18295,273.0525,87.427086,341.0705,291.77737,152.5299,165.3294,97.47215,300.13858,31.539577,119.88393,100.64055,120.27557,169.92107,158.4807,299.11652,122.86396,118.82114,201.98032,277.49454,230.96786,154.1284,110.95523,76.799576,107.0101,151.83528,324.8394,691.79645,900.27,1378.3573,327.9477,290.85657,253.99188,140.54991,267.62192,176.49742,161.28215,95.84729,69.51841,87.36332,176.9972,94.20095,330.2413,397.59982,263.08698,213.76108,363.0248,1102.7437,1118.2386,495.71246,119.63458,239.84152,283.57007,109.49155,74.5656,198.93616,304.37024,68.78228,36.679176,171.12851,125.99761,162.02385,316.30887,86.20655,170.57884,336.92532,72.80638,175.76842,241.06963,158.19339,73.946434,138.62477,223.94283,130.6654,158.2458,293.131,256.72604,180.42787,301.12958,207.57501,206.57736,204.12592,82.41073,164.67732,159.04793,289.4244,183.37662,65.23625,97.38902,201.03885,39.973934,145.96555,197.52571,148.78375,355.3479,168.82071,236.10661,701.5083,1005.8912,864.47955,305.8399,663.70776,939.0718,751.05133,555.46063,347.87283,281.31717,128.2237,119.68432,207.54442,253.43765,493.8271,448.47888,57.91277,73.06165,188.464,94.434395,92.47567,25.08767,121.62854,138.2147,134.49251,25.76263,14.490608,61.881935,101.86994,176.15633,160.11517,77.26971,207.28207,241.28436,207.69052,30.769573,159.87254,401.62885,256.98447,92.69221,45.655205,69.226,91.78764,103.27535,81.36661,193.90747,190.67923,191.90794,306.66437,177.63033,282.70294,450.04825,527.6849,169.38448,101.4375,Desktop Computer,$Whiteboard$Printer$Phone$Shredder$Google Home$Desktop Computer
568961.4,244028.33,5054.2056,3468.3652,5785.1377,2742.229,3939.0017,1483.8751,2631.7847,2058.1316,3598.3489,13804.458,64633.258,51210.777,6019.0312,2163.6194,955.17236,538.6661,882.5659,983.554,898.0199,713.9671,262.9647,1142.8949,1951.703,2955.3792,499.17224,521.0328,309.57675,510.6696,258.679,290.46054,831.792,1090.4417,528.1165,667.5323,1550.1832,3699.425,1907.0033,445.10254,294.89648,260.58145,133.58632,337.86618,181.28337,256.46317,123.88052,363.41446,505.74915,1056.4734,419.69348,247.21252,549.552,1086.0798,746.71185,385.711,418.08148,375.02045,456.78613,164.83714,360.2426,436.9103,464.59198,132.13821,272.88834,195.43082,179.81218,275.35117,246.18849,160.22847,192.17876,37.337017,133.6965,157.02979,526.987,182.81606,316.29193,25.17939,141.45164,32.812115,220.81773,146.20848,123.72952,125.4786,261.9966,143.03783,200.24883,330.02957,225.43224,153.3548,217.81445,96.28427,218.69124,345.5347,151.59085,58.450592,127.768776,572.1098,716.6053,817.9603,507.5309,581.4823,505.18073,538.2533,427.84277,60.28766,495.15695,534.7912,411.98834,107.65245,130.80013,364.8687,288.44104,189.84077,79.79841,226.55038,198.04947,332.9421,153.25157,150.60738,287.8797,306.87332,324.58206,214.90326,123.84697,145.83836,171.94382,56.237133,164.97546,194.5499,262.4144,461.55078,560.9882,800.0648,1202.2252,216.6761,543.63464,201.23242,175.45613,209.54633,261.0094,136.90129,108.965355,325.0508,218.40308,98.165825,433.40964,158.77077,202.67465,354.2457,245.16074,823.7859,755.32135,229.70717,399.34436,19.448275,334.0311,135.90721,237.16666,96.04088,84.56802,233.51059,251.35677,14.642855,202.7701,133.882,70.794304,75.919556,186.55064,172.50009,422.72867,224.53726,140.8195,232.4222,105.85542,153.3502,145.53807,198.6067,164.48297,147.33018,205.88376,207.77997,107.57482,192.70357,463.63095,404.39716,170.87047,180.9905,254.65152,243.98102,365.65002,194.13701,97.37366,180.22461,85.12649,169.25572,104.77809,286.96762,194.77904,315.67496,536.6058,237.04285,78.20597,235.54092,693.44586,1126.8336,537.78046,386.68997,640.96826,578.79175,222.57469,191.28403,90.5482,227.249,329.11298,482.8652,205.70204,218.12256,89.01757,236.2619,334.3967,454.0506,285.01752,364.8929,243.9974,195.21254,149.09502,178.68211,40.353397,178.29488,144.12933,259.92502,161.57268,92.70913,115.98485,232.73302,239.98227,197.38469,266.86615,244.13324,213.93971,286.96603,140.38664,63.79615,203.89214,104.43491,94.02019,70.87917,309.91348,524.5971,577.6351,337.9177,348.78748,665.2136,397.60394,281.39542,393.28125,Desktop Computer,$Whiteboard$Printer$Phone$Shredder$Google Home$Desktop Computer
567124.4,241665.14,7967.285,11971.386,9056.574,2407.101,2549.8157,6334.8047,5622.9297,4373.0327,3375.1106,11755.943,63143.883,47296.355,2254.1394,1367.0553,577.55585,1133.0848,264.9431,306.12698,1910.9423,1150.0479,1033.2723,441.12302,2300.8008,2678.7676,584.41595,298.2366,679.42694,1027.7893,97.90914,428.3853,537.97186,296.09113,556.6105,377.4002,1356.0365,3927.9324,1756.0417,234.57172,287.1103,139.4144,240.48805,174.5962,219.78395,304.59,225.04018,209.87798,329.81744,261.41208,509.97327,600.741,545.37585,151.94672,299.35168,347.14267,160.87267,307.85342,329.08286,427.7014,301.1813,483.07455,869.5593,137.0451,267.3405,245.14539,96.84563,58.52852,164.43674,296.8049,333.70535,241.20222,149.56483,50.13107,321.1833,257.34125,339.30914,143.5011,156.38168,146.0286,169.39336,254.688,247.86784,51.9079,79.57784,66.98498,118.3407,166.71724,89.861626,251.60713,294.3683,192.10622,167.90985,217.28725,217.44014,218.70824,144.92694,35.27147,229.75137,358.16504,319.93655,624.3167,421.6816,125.96231,183.70753,511.03397,350.4058,416.9027,257.2221,189.12738,243.16516,206.25972,286.8307,348.1634,160.6046,111.002365,387.14667,384.49728,326.30106,269.86667,34.944736,125.78218,112.52091,301.85162,176.64679,178.02966,267.58295,302.04034,459.4723,579.528,444.78946,255.88544,294.59515,665.1353,1061.9365,130.92343,513.29205,177.1336,125.36565,129.43289,87.4369,74.01784,25.980896,257.3948,181.27888,224.73845,283.66428,209.81927,260.52454,79.82697,247.55284,498.13278,981.1268,1002.0234,133.66476,547.2002,369.92554,81.88125,89.38866,185.51819,126.70405,106.39123,117.4143,210.09361,27.119936,96.569595,102.0351,120.94014,139.97954,142.39172,70.20668,140.96979,73.517975,80.836975,216.50853,244.39188,147.60661,145.60915,88.56072,105.078964,115.03169,259.71335,94.1444,104.437126,181.08038,58.35824,103.17476,256.86603,303.30075,171.33054,210.30196,280.54282,224.147,179.45244,88.34145,168.9573,175.66887,111.47824,165.97917,133.93527,395.06866,445.5469,652.7191,511.8599,1017.01086,755.42065,705.83234,902.2377,650.9817,577.1666,368.16382,411.91342,364.03732,128.70757,232.72333,232.59184,132.25499,87.84367,138.8271,80.34074,116.843025,68.74988,120.11996,188.56819,92.25422,133.2281,209.65039,326.5997,207.22543,63.44342,111.630684,62.190273,290.61465,165.48376,112.31577,114.95609,104.23369,199.38425,137.86833,282.6669,310.5134,23.83248,19.687801,126.66432,268.4217,250.81898,221.51886,138.53557,245.49,406.72906,345.66553,436.2352,463.6604,558.2532,502.61087,562.4359,105.25,Desktop Computer,$Whiteboard$Printer$Phone$Shredder$Google Home$Desktop Computer
566245.1,241465.89,7473.3203,7879.6113,6490.13,3243.884,4110.4395,4171.9697,1443.3137,2517.3276,2088.5583,14264.257,63442.043,50619.87,4601.5107,588.45483,630.17755,1652.4769,310.9558,997.8589,1832.9963,1221.6108,1751.2747,350.07663,2518.7942,3247.3477,1485.2798,220.14702,755.1544,1294.926,392.40454,650.93475,526.7258,567.3324,123.05822,133.14438,1539.2052,4455.3745,1640.7686,17.317402,290.62732,63.353096,204.31302,140.1611,343.09598,186.7905,457.45288,491.81543,214.38916,473.8356,488.81738,891.1998,926.44934,518.838,381.61035,225.57744,255.7677,18.544815,66.805435,556.37756,300.95206,729.6637,580.186,20.126617,285.85126,121.7003,341.80118,43.97962,204.76283,133.98337,74.84968,106.433235,45.000328,396.96515,514.1122,466.7686,198.1156,121.41966,322.93198,223.22125,93.00529,224.66231,97.40513,94.08677,52.910038,199.95717,321.66074,260.60477,86.32743,238.5307,111.566734,138.6644,252.67912,217.13327,414.2064,174.5011,30.488626,265.0437,94.327614,200.55653,588.9888,849.8479,162.67937,255.98799,328.43417,192.03716,261.55765,223.22083,127.50078,330.31274,425.7767,173.62117,215.53557,210.38704,316.80698,222.1743,206.7883,241.3537,294.15967,286.5672,76.6437,174.00232,219.81755,28.421288,107.53505,123.84689,44.327545,362.37793,326.12094,235.2084,321.95303,403.87735,372.511,614.93,920.867,382.82828,721.1809,545.6862,342.57584,424.8802,197.65825,229.64667,54.973236,200.08253,186.29256,57.55431,136.60818,211.65762,82.1246,141.66031,64.58732,379.0818,904.439,1292.1595,207.07219,228.21758,167.9138,159.87587,379.8663,185.24,129.41006,72.47321,185.46165,232.98505,305.51926,182.48798,221.09001,139.85397,141.47673,106.93755,120.039375,250.07928,87.27921,66.04635,261.30283,92.176994,109.02631,231.07256,150.70158,312.00208,177.34215,318.0042,300.74677,172.10359,174.9533,69.07223,111.80869,62.329685,84.914856,137.79338,127.23049,115.249016,177.30354,213.51436,16.395277,232.54903,152.2112,116.088455,90.528885,183.65802,335.858,577.7204,617.31995,533.2202,824.52765,895.15234,449.9873,771.4086,380.42398,216.44661,225.248,332.34006,246.87782,205.35242,121.63347,435.1648,429.0382,188.76297,279.87814,236.79768,290.5561,166.73155,188.87053,50.01273,63.375725,146.29335,193.99443,47.82489,217.04886,180.08281,116.5412,271.77106,360.45847,133.66554,27.8682,74.48405,74.22699,91.12497,197.88107,231.77203,32.84738,93.56551,101.17944,133.44406,117.78487,56.93611,189.59308,342.09525,95.71858,347.3405,556.4616,417.24414,407.12042,665.2981,546.59076,204.68477,88.0,Desktop Computer,$Whiteboard$Printer$Phone$Shredder$Google Home$Desktop Computer
565864.6,242654.83,9479.112,16043.951,6894.202,2908.646,4926.563,3330.033,3351.0786,3568.4656,2396.7668,13882.3955,63243.062,48030.035,3573.8638,1435.0194,1410.3046,1241.0669,609.4397,731.9937,577.61084,730.91327,773.0912,748.5967,1520.8721,2325.99,458.50027,648.06604,244.05077,278.6396,383.1605,1127.7583,1085.1156,185.74881,270.1834,472.8573,1744.1165,4150.43,2093.232,240.56732,101.7506,536.2762,347.5303,430.6292,218.7888,192.089,321.42734,556.93146,473.2283,705.69965,566.8279,425.792,959.36914,744.60736,494.57706,444.9469,301.0079,47.29315,468.9702,447.4966,546.5432,396.6052,447.56927,274.1587,192.95723,237.11421,419.38995,277.39542,224.07886,144.14745,271.35132,93.03646,105.70315,309.49188,303.11902,235.08203,315.18204,113.85436,290.96378,134.50989,248.60852,109.23182,88.974686,163.39297,78.347946,73.1014,258.48047,163.44415,41.21571,46.466984,207.93196,512.5769,381.8433,382.58554,199.07634,179.74234,128.10411,178.32217,503.55307,527.6825,939.1581,405.75696,321.61304,410.55533,295.5771,547.8396,42.861412,179.98048,354.09573,512.5004,554.0877,438.51205,252.28323,127.89195,149.16936,146.55008,112.68309,119.12552,301.4763,280.1755,39.403103,46.791866,64.3226,367.4638,174.12495,116.391884,142.93633,352.54483,289.72162,86.414375,43.050346,96.901146,342.3443,619.9787,1039.143,240.82668,450.63745,158.60184,221.19545,103.97446,48.705242,289.2974,276.4118,370.04895,252.67026,105.60446,284.24603,232.3996,201.0426,216.82016,212.71521,353.1884,797.149,632.18506,257.75644,185.10077,176.28818,44.2127,271.5501,332.0853,269.76495,273.0687,379.90448,269.00665,357.52798,141.84764,102.487724,251.03775,193.27979,338.35193,332.63675,62.096867,155.05504,105.05474,177.22754,169.96936,149.84706,53.713017,118.11068,157.67447,60.373425,147.806,245.3631,194.04,101.86974,108.168655,31.51904,23.316603,115.86718,192.8193,132.64252,147.00972,205.63193,360.47205,143.4028,133.93468,34.733437,106.0428,189.83206,208.9524,249.972,339.98544,22.92917,292.37756,501.66064,698.60376,378.48703,703.92804,466.5134,292.74722,257.64786,150.07298,355.15933,332.91806,376.9418,244.85515,199.70291,374.80136,216.98808,222.8046,182.06468,79.13462,101.9876,81.22734,230.55382,168.08475,114.099655,269.49057,164.94304,85.80125,19.973776,181.65916,134.94965,169.6855,89.478516,65.352325,115.58239,183.45607,237.12984,136.66359,42.371315,169.60133,209.08363,280.26624,309.0174,68.37258,304.94336,331.0658,207.44171,406.6249,515.9264,402.4445,532.2387,700.4568,236.03513,281.4568,33.03125,Desktop Computer,$Whiteboard$Printer$Phone$Shredder$Google Home$Desktop Computer
569334.0,244135.64,6446.689,11290.364,2553.1707,6007.942,6212.477,4113.7505,3135.0823,477.86142,1751.2634,14081.852,64851.566,48753.78,4323.462,1390.9032,2709.552,2046.507,977.0836,629.8844,1875.2296,2083.0808,1427.4999,645.8755,2031.6517,2574.0476,539.9243,622.8475,288.82367,656.02313,984.1254,1078.8015,1468.7954,520.2499,171.43637,384.95508,1796.9817,4334.0303,2019.8319,164.70988,474.04593,420.50723,254.97682,147.04988,159.10469,79.40243,113.164024,313.33453,443.13196,1021.25226,1009.28076,770.7855,1034.011,460.958,404.41278,298.88007,242.74303,167.28142,106.974075,201.5895,320.29034,525.6964,620.0127,218.12508,187.51495,41.248768,243.33278,342.17972,139.5688,279.42023,394.08322,222.69696,382.766,491.7343,550.8808,416.92407,207.13618,133.64009,166.21266,101.33691,108.94109,296.9944,277.37317,135.9194,219.68298,195.22629,36.97212,238.73009,145.18863,270.17984,81.225334,334.38864,195.10223,97.37101,104.00334,227.45723,257.05115,201.6906,419.96463,850.43445,625.4351,273.92245,249.13133,413.20117,406.1005,28.133808,524.3386,136.94316,239.93126,147.39722,110.79179,204.15489,188.20525,506.51,437.77655,374.24503,299.14392,186.20424,85.968475,185.86348,152.22554,228.29018,386.82562,261.59695,97.06676,96.42519,298.00797,316.6459,278.04095,265.8036,194.2286,184.8417,190.15578,590.183,1151.1927,332.56558,542.1152,319.39017,65.0895,159.7378,176.22148,136.57811,132.29298,16.54839,192.38818,98.73117,186.08421,229.66875,187.3182,193.09741,434.31174,788.8019,804.64844,524.9845,467.80923,396.0642,316.08347,238.51308,210.80821,324.91064,232.9176,210.4748,97.72268,137.83554,174.33849,300.88205,223.30968,236.1237,176.76036,102.20622,54.13633,129.37674,158.49321,80.78373,56.04339,120.65684,280.19553,158.98843,136.56673,94.86498,88.358536,177.705,238.37013,106.06882,146.80112,198.67578,144.34103,20.718773,156.8763,155.5329,156.49149,194.01074,136.19221,66.619965,219.48155,342.2696,355.8381,306.917,270.83124,395.96826,331.78503,444.6998,642.1309,758.36884,444.63004,632.57306,1076.5175,607.44385,352.23956,193.17455,125.75384,423.0166,435.46857,250.12314,199.5696,156.40895,329.8668,175.13774,145.83127,192.24281,175.28827,144.8885,105.25624,83.68263,180.10616,206.79767,225.45416,285.31345,297.5437,253.27782,88.08424,56.30614,102.9971,236.24901,52.715485,211.96854,83.773315,233.60178,130.45894,156.03705,241.36142,274.5424,326.3858,268.21976,358.43085,274.14615,203.76872,315.21857,393.01434,332.66492,234.6658,294.4062,372.38483,299.71164,432.6868,326.13492,250.28125,Desktop Computer,$Whiteboard$Printer$Phone$Shredder$Google Home$Desktop Computer
567248.2,239339.25,9794.587,5536.056,6380.2017,2360.258,1736.9097,2591.5447,2559.423,1312.2166,524.68677,13463.092,64976.223,50412.39,4822.5386,1205.0037,1677.5535,1348.4639,1070.6904,1146.5635,2146.2522,700.82043,774.425,494.5758,1717.3251,2730.4343,946.92303,1054.4812,622.14545,644.2626,716.3319,1260.6118,1117.0924,451.8931,160.7334,236.00023,1879.9056,4561.27,1793.5663,525.4806,353.7885,208.19197,143.90117,325.14642,208.86475,361.89465,442.7685,277.80066,284.5134,781.15326,663.6769,315.1669,466.73154,1203.2538,551.2336,198.92429,177.08533,216.86923,99.34228,242.7008,14.223333,457.36868,537.7441,296.1247,149.25285,177.52885,197.14404,213.17924,83.87886,232.23392,72.306984,59.32023,124.057335,96.85674,552.9764,220.72629,193.7431,117.831085,94.33688,250.7514,332.5299,327.3382,146.53299,265.50317,308.95416,229.69823,82.44017,166.66815,124.725586,187.82796,481.4858,205.88538,143.75061,220.47534,199.1493,108.42175,310.9331,514.2769,712.11566,488.1993,493.12985,373.5764,96.95049,103.35102,45.90524,114.678276,543.5024,361.0806,61.010822,269.82474,339.9812,357.09256,36.31096,170.44606,43.389618,137.24403,135.39212,145.94441,146.40845,26.831587,98.36381,150.92336,138.23709,352.30487,338.4713,244.92088,135.71729,425.31946,368.28973,190.32687,256.7289,355.11157,390.0337,956.6746,1222.451,213.43356,364.67715,161.93652,14.977961,154.53793,211.01138,308.20712,418.8201,333.7414,357.10257,214.71738,221.16539,79.16455,386.95435,253.00887,367.32355,443.70572,751.21423,384.50854,61.173794,364.78366,337.7798,174.481,226.65602,512.04333,251.62486,248.45918,533.12054,336.76666,304.71255,205.81259,203.90712,236.33775,77.09053,117.90131,154.55441,278.3911,174.71281,108.94292,87.08217,144.48999,171.61002,101.45335,133.4376,96.81748,148.04811,185.97075,107.73142,125.791046,221.68369,140.98315,160.48502,340.33575,228.11992,183.78357,298.8181,144.27606,332.64352,256.6042,91.386314,126.254585,149.96048,245.81946,292.71802,381.1381,116.802345,334.69666,511.72406,712.93427,981.60944,1165.784,410.41937,563.37494,215.71352,258.87222,456.77866,404.66818,342.8446,59.36475,352.0977,410.3949,102.60795,201.5021,281.42487,192.26617,205.937,73.29053,216.91269,252.48183,307.56845,349.3927,409.322,496.5643,404.86148,169.58218,130.35054,80.44807,185.30566,204.67737,311.93604,169.38594,369.44937,391.84525,147.63464,92.96822,117.921646,311.41638,163.74905,98.34675,237.50537,259.90747,238.18445,201.93636,114.71171,187.22653,116.80715,295.6131,660.7678,286.7099,428.59344,302.6778,31.4375,Desktop Computer,$Whiteboard$Printer$Phone$Shredder$Google Home$Desktop Computer
568575.75,242116.58,4081.6729,12202.08,4164.758,4998.6,3508.5225,1904.5984,2749.9426,3665.0916,4376.1504,9437.768,61824.473,49383.53,5705.67,2359.324,1571.9728,939.7075,1202.3546,584.94635,1245.6752,605.1419,1070.6089,211.48663,1733.4502,2548.0442,658.70013,210.45314,639.99164,360.01227,156.16869,1087.6823,950.1283,331.95685,286.14645,510.98782,1354.4836,3742.139,1998.3817,128.78436,465.93033,167.2217,262.31223,218.15392,84.49836,301.5702,176.5503,153.53763,272.52872,1020.87225,431.13748,254.35242,879.26697,405.57462,466.81348,448.39313,210.87941,248.47795,95.13264,101.65872,297.64636,165.76645,410.06775,407.3462,301.50833,105.502174,197.87497,280.853,112.78504,214.03186,232.61858,76.30789,240.31575,140.773,520.6952,316.9758,277.01065,199.76482,151.49232,289.04422,329.63266,440.28326,234.50826,203.55576,116.527916,130.70955,91.07755,285.847,246.83255,313.11768,149.66498,201.27995,282.632,183.72313,156.09361,211.77055,133.47324,420.93784,270.01672,675.8266,430.8905,288.49954,209.35934,71.904755,25.484,180.22513,377.30078,524.5033,299.9888,33.140495,277.59647,87.890114,332.8838,470.59772,331.55032,103.68934,211.0262,220.57495,244.23483,132.08246,289.68423,122.20135,262.08624,365.8913,400.65262,272.62338,200.28264,301.5811,190.43323,242.03833,106.70382,206.84268,267.08667,801.2322,1053.7109,202.08232,523.917,202.45744,392.96664,190.89642,160.68594,104.969955,175.5716,268.0988,109.317245,151.51219,247.22676,318.7965,275.40067,164.85637,578.9584,1068.8372,598.656,229.08417,310.86157,105.96086,259.58295,472.72623,704.94165,522.3929,30.579165,234.19926,494.46338,351.83856,184.18402,215.72572,180.75041,347.95325,399.4949,62.599316,56.8868,176.27776,179.56879,104.07091,117.988754,63.119213,170.48366,111.899376,240.95915,83.71918,103.83285,19.87108,239.74791,161.31494,80.069016,102.00255,43.20878,319.66022,173.40593,105.17177,321.0469,113.17347,180.45844,54.389755,210.24913,289.3962,171.40768,224.1609,142.65556,142.42451,309.7597,252.52757,469.8514,749.589,309.41898,489.11478,662.1263,302.67648,252.85083,407.12393,773.354,648.5824,310.12592,93.13661,397.4412,406.49396,299.89606,397.2515,394.81113,325.79208,201.68423,227.5514,246.24251,102.98363,189.18355,140.27502,33.084553,263.49677,290.36145,179.39047,139.8426,221.095,399.11417,335.48532,204.63544,162.02838,299.65558,467.6587,402.02127,306.88013,369.6073,49.71192,210.71028,200.13928,36.16472,523.53204,515.6429,474.7603,364.73782,466.5037,478.26218,391.69534,245.38783,217.50568,296.5734,222.60698,37.53125,Desktop Computer,$Whiteboard$Printer$Phone$Shredder$Google Home$Desktop Computer
567476.75,243812.6,12268.796,9062.743,2486.1619,5464.7744,1415.3054,1629.8239,1879.9882,2096.9824,2848.5654,11364.797,62347.645,47608.25,4052.5688,689.60095,807.2876,1131.2654,563.39825,605.32135,505.42636,744.4362,982.44135,1125.8075,1487.4375,2210.3079,437.57266,240.5652,654.39154,1202.6725,879.8795,406.60486,842.0911,560.06323,285.44052,370.6587,1813.3947,4214.603,1956.7042,70.04181,148.10393,233.19655,234.7553,160.48451,193.17282,417.6242,249.60112,422.35825,663.998,961.4307,934.0318,567.9541,1022.6316,742.6452,286.00488,269.53088,499.8228,432.72046,123.653046,229.9491,38.78982,547.77313,809.69324,338.36917,53.168045,61.163143,355.698,262.48422,319.97952,217.2456,212.25986,256.73203,270.07465,149.32083,354.13998,156.60551,255.16495,133.63274,35.73578,143.36523,277.73676,352.57956,449.42374,255.32933,27.12964,27.438648,192.461,254.80206,152.71071,232.5259,217.71852,261.7558,138.50038,256.91043,127.079094,234.63673,122.13532,418.04874,481.12088,233.04298,587.29083,397.67804,289.77084,167.62132,29.133034,27.647713,256.45285,105.006065,261.74176,136.48769,161.70981,108.692955,239.70396,267.0875,309.2529,312.8372,177.45456,238.66832,272.7798,88.808395,322.24002,201.97511,31.480602,351.67535,416.05353,238.28922,343.32394,345.28342,430.0119,366.3314,297.9905,307.36774,252.4552,517.8218,1069.9597,259.37012,548.0223,211.92339,150.53043,80.34754,149.02069,119.36836,377.48425,334.8731,44.85764,251.43515,152.33234,165.0439,401.8757,316.07794,673.2052,1022.6544,804.94403,572.65564,344.35648,209.54364,123.495155,96.23069,461.6419,351.23816,342.96408,285.35614,82.38136,174.28667,159.65038,191.55637,202.32552,302.59424,103.75346,163.73167,75.076706,18.749046,83.53445,107.30932,121.18761,154.71843,132.44954,180.7526,163.95483,36.498825,92.64385,145.27464,173.89711,88.17322,222.23929,134.84163,193.51079,162.73857,91.53415,19.9427,107.40465,78.83303,302.34177,321.58524,263.84375,157.2705,233.54504,207.72026,180.88388,366.3781,380.22086,170.24179,417.97452,1037.5258,805.33545,85.975006,299.5387,247.37982,819.07153,692.505,420.74036,484.00134,206.28607,121.303345,191.9741,452.4426,318.97763,173.45987,327.20728,265.7384,334.7262,190.59421,63.016773,189.95186,80.99902,87.07777,130.10704,183.34062,39.006664,25.728243,171.38826,157.2941,156.50679,182.97493,221.05832,187.66393,60.38302,65.94404,191.25325,247.86475,133.55502,131.3706,141.906,128.8896,261.245,170.64078,287.88638,459.69897,306.60138,282.5072,129.24048,265.08517,446.50092,197.07458,227.49863,250.05768,153.125,Desktop Computer,$Whiteboard$Printer$Phone$Shredder$Google Home$Desktop Computer
565233.3,240444.9,8201.433,16573.527,10300.854,5753.75,4844.1025,4344.715,5087.8496,3619.9487,1128.5248,15665.78,65149.457,51516.598,5930.1343,770.7989,598.8248,1690.5726,96.24474,655.2396,565.00616,1419.1416,698.32544,526.0056,1884.1843,1674.781,475.28165,475.10413,628.69995,282.46573,237.17458,283.04022,1013.9328,279.67557,317.5796,294.4221,1483.6864,4173.6987,1625.5692,377.11633,87.112755,182.70073,277.02695,465.4932,165.69011,351.45728,354.73557,332.3054,79.74809,779.45996,517.6396,740.2689,854.8839,303.5947,584.26465,321.8168,203.71843,213.4319,265.96317,359.94763,298.45804,271.172,678.3871,238.43695,321.39548,298.02783,409.5596,118.03106,276.029,334.14273,474.74533,356.40955,363.65512,190.32993,440.0178,446.48364,30.927326,237.94882,259.802,284.67245,214.37674,97.38471,169.02827,286.47076,354.33636,131.33498,334.622,211.05214,107.66421,299.8007,169.81477,118.11675,57.48441,161.26613,85.50141,189.02617,120.20635,330.0242,372.31332,213.96138,365.2348,662.21515,244.22058,109.49331,58.51797,138.6068,619.4438,458.21924,219.55429,284.31595,179.72829,213.48177,347.91165,170.40681,196.37527,298.45117,344.9085,377.51675,233.8122,341.0905,238.7328,244.8777,342.90744,132.81903,253.58557,151.58214,194.78249,45.843185,314.31583,202.26979,136.33092,268.74786,293.40698,673.62787,921.9457,167.73581,766.6816,458.70184,310.1556,185.50658,206.46106,214.8463,197.3446,248.78122,107.27289,257.23813,146.92426,321.0737,134.54047,529.55145,363.65335,377.66803,1037.064,891.51465,201.15143,123.360146,146.16216,190.61844,385.26022,187.312,116.27191,412.3493,196.24716,172.66504,213.73097,156.19695,163.63133,237.68935,58.75191,201.60045,178.29552,162.68646,117.99904,121.74221,217.37231,105.753235,296.36176,410.07864,276.3976,146.29514,134.48016,36.554012,100.25048,197.68648,185.31532,207.74704,142.1869,241.04277,161.22324,188.01169,118.67159,91.18612,249.85617,230.68974,167.081,124.48814,255.28922,210.60536,171.36598,292.0904,197.66168,626.2782,526.36,336.4588,890.2052,726.8215,294.5924,763.292,650.9832,194.65678,522.3358,537.05255,286.54263,112.549255,95.32008,182.63829,217.9134,274.64853,123.585846,188.65358,183.85846,191.14014,228.01044,95.66582,76.09005,149.529,60.104443,156.65796,390.0321,305.45505,147.4162,114.97858,271.265,294.71384,185.28914,247.08624,100.48361,39.242428,98.330925,152.44305,69.57777,64.362915,162.16554,70.53533,44.357155,69.13574,45.32449,46.110012,191.03384,213.58052,240.21515,243.4925,155.4109,638.5784,448.29623,55.685795,51.6875,Desktop Computer,$Whiteboard$Printer$Phone$Shredder$Google Home$Desktop Computer
568522.4,244643.1,2434.9937,1454.875,6983.198,2307.409,522.03125,2597.9714,3859.2349,211.27101,2052.8364,14985.144,62848.434,46980.98,3499.8193,1773.5774,1187.8241,845.6991,592.07,872.2682,34.320534,1052.0782,588.1752,385.49435,1999.6461,1885.9673,433.70706,452.55038,484.92676,526.51483,315.7919,596.5137,973.0624,325.32507,149.2988,664.567,1085.098,3724.2397,2008.6312,181.47641,102.354164,330.6198,358.17325,296.8533,279.53162,118.94986,312.0313,458.94836,675.65894,569.2774,483.6421,533.5934,980.4153,466.13705,601.13116,613.3873,429.90427,56.624096,232.27159,278.25723,177.56789,480.47067,372.96106,78.086716,42.46041,189.2738,175.30028,198.12535,27.680279,126.86957,154.07155,137.94124,98.8175,145.1809,471.97272,222.89288,313.6332,248.48978,250.23729,92.06252,264.3214,135.4826,156.30301,334.45316,367.40793,175.7853,81.47859,137.37637,63.71,207.82304,160.72635,193.39125,198.39572,401.71988,205.4262,205.33987,172.97345,422.25137,370.90762,521.06934,598.75275,510.7866,534.8228,319.57516,118.8076,70.808136,498.55023,459.08456,157.67737,87.347145,169.72345,47.516094,256.683,350.5299,352.91336,281.7182,247.42422,172.63118,200.5971,257.2485,137.81093,153.7425,194.45903,204.18333,173.28476,174.34448,59.757236,122.61324,192.9475,109.60261,97.09449,347.25842,414.55176,673.6732,978.1738,225.54694,750.79706,388.58682,298.00357,401.83316,429.64767,393.59323,379.29218,185.52539,53.510765,317.1239,133.65662,187.85495,82.54824,269.97818,498.27078,599.14923,867.65234,412.94775,389.6543,75.21744,108.7515,217.14429,389.62048,87.44492,170.6377,221.24925,222.96712,244.44264,202.12697,101.477356,199.251,162.73364,209.69565,146.23433,98.44963,140.14343,243.74721,181.88264,284.62634,43.49216,112.85607,372.16312,139.68065,60.65043,98.35601,112.0443,64.58505,105.955345,39.94199,165.3541,52.09858,122.07151,163.12488,227.33382,338.97815,415.90497,219.27524,152.10327,129.93921,146.75777,390.7896,203.62575,255.04538,429.1241,223.72215,130.05466,553.196,569.7679,752.3504,210.27437,781.74,676.6891,417.25943,326.17688,574.4109,251.12128,402.18768,412.42917,297.93234,111.37497,355.68484,307.61996,211.26134,242.2007,89.336945,100.76892,80.446075,90.523315,97.39411,156.232,402.1607,408.5637,371.59753,271.22693,205.32492,89.94948,175.40973,102.302956,90.40378,67.69938,192.21513,194.31274,68.37869,116.019356,153.44682,79.2613,92.18501,80.07483,150.41394,25.568663,263.28824,251.17317,96.179634,120.51568,100.79344,104.02733,112.68708,654.90247,691.1651,223.59348,271.875,Desktop Computer,$Whiteboard$Printer$Phone$Shredder$Google Home$Desktop Computer
567173.3,244446.92,6777.861,6913.367,2004.6034,5016.2915,3727.112,1675.8224,3848.0764,1484.621,2490.608,14917.716,62720.723,49172.67,5902.858,976.3002,778.04474,969.55066,1324.2539,866.7796,910.7397,623.2364,841.73413,316.49194,1310.8889,2456.9207,980.3715,356.44666,1109.269,851.7498,467.70673,876.30725,1110.4456,382.32834,167.99869,268.60303,1974.6182,4256.617,1805.5002,87.827965,302.8487,126.8002,401.23776,369.28595,443.1803,299.08685,129.87029,182.01408,109.996826,201.46953,232.2622,295.75452,730.96985,164.07846,234.36017,54.88748,89.413925,279.65125,121.86407,274.6346,442.44083,675.55115,790.1095,327.66064,103.64133,154.95187,264.54053,404.0757,201.85977,101.7256,107.493866,83.79158,46.588734,347.50104,673.77747,534.9268,266.04907,192.44716,200.32784,297.88306,87.103775,217.66801,263.7899,58.727795,84.66536,108.85763,153.54842,164.26308,289.7527,358.51315,271.51346,177.13289,226.91837,327.27524,136.40544,88.288795,239.35518,343.56686,428.64413,483.97906,678.7822,392.23676,207.58925,102.22277,147.84644,213.3238,143.33504,234.38683,255.80191,241.32068,445.8371,352.1358,151.12677,47.1797,180.4344,246.81413,157.16603,42.72883,21.171026,134.65271,111.92612,86.54859,99.05769,174.92357,171.20511,112.51744,117.701836,97.07709,153.47409,192.66467,103.019356,334.15207,485.3678,826.2023,1217.053,225.14008,475.17896,195.79346,87.84839,243.60068,199.02776,301.9988,280.5148,107.49399,253.07431,246.9331,238.02583,168.18503,87.12826,200.97188,163.7497,576.6918,967.9892,585.6791,587.16064,347.98624,91.48186,119.979485,203.37718,203.27768,126.355415,31.34501,211.19957,182.43013,183.9266,492.2261,387.49353,257.2177,217.81181,164.87402,356.14816,281.37842,69.637,189.58551,226.98935,103.101875,224.6568,86.38928,189.60207,227.6685,69.126976,129.16519,186.6235,116.30721,95.72758,96.56286,123.47722,155.43488,193.69714,129.62337,182.3775,78.63779,231.26631,222.02068,155.69902,195.79552,337.09564,114.338905,324.93546,305.33652,55.582905,152.47847,231.0633,309.70944,498.25107,446.26132,887.6313,568.5956,965.33685,742.67505,498.36304,341.71542,181.90611,100.65639,129.56487,52.26384,139.80106,236.3327,176.16928,290.1542,204.75868,8.211624,123.414795,137.58377,130.5913,231.96964,211.63795,150.5629,151.18135,154.60933,271.0247,149.04195,51.720882,52.139328,70.420334,62.611053,81.05198,120.58132,135.96811,173.68208,76.997955,60.5474,57.53796,171.30627,270.14557,259.72678,148.63525,122.368126,243.45317,239.17683,122.44458,314.64383,560.70374,574.0267,100.59134,86.50001,331.25,Desktop Computer,$Whiteboard$Printer$Phone$Shredder$Google Home$Desktop Computer
566790.5,241151.45,6678.6997,11599.653,6150.1953,6359.993,4015.801,3523.1677,2163.6226,2249.0447,2043.5704,11199.639,59968.688,46569.027,3519.3699,1999.9639,2074.139,1344.5748,874.2256,1202.3591,267.6107,196.46404,840.1695,942.9576,1940.1866,2566.5442,309.0428,501.6423,1054.4335,217.07957,317.88455,447.24857,1347.7797,149.85268,561.74365,537.1964,1852.5918,4123.6416,1676.202,341.22238,370.8638,434.00122,121.86628,249.15227,197.31148,247.55586,98.76784,190.02048,429.59866,535.6842,1307.827,1135.4427,565.9247,563.32007,466.4382,473.8017,325.8416,279.5712,200.09,158.38829,134.82202,427.1432,715.49664,84.42447,141.92241,86.46488,211.96785,109.81511,115.75348,187.13857,106.71254,280.4982,80.383995,253.27179,418.6935,190.50955,114.5007,126.15489,324.7027,132.81789,55.533745,318.04358,293.1453,136.35088,240.00372,148.16655,6.9122195,218.78792,213.41783,298.34845,168.53165,216.37854,47.22528,254.19714,267.13174,116.97408,54.681473,116.056,98.48761,185.67749,124.70015,709.6038,976.5293,487.35043,334.9734,403.6984,247.2961,136.43141,337.7209,272.88916,320.38666,90.20245,37.932926,309.80057,235.59047,134.90819,313.4278,339.9338,266.37704,250.16605,170.54935,129.69559,94.7825,166.6213,154.90561,158.70808,236.49834,250.82217,168.45755,149.96814,326.98932,252.65636,458.41937,931.02576,1498.2693,427.30402,203.38542,117.39539,180.9734,232.92722,322.8071,192.37968,355.28134,25.330292,116.864944,155.94681,155.45425,44.95919,118.87094,217.28894,313.3862,474.30704,647.642,1000.42957,189.42006,293.7114,122.12834,82.12676,294.0068,300.92685,190.55138,115.58642,92.18022,110.459694,314.65158,82.434364,104.99712,223.92026,201.27295,65.47671,28.315441,188.67207,33.234207,288.9249,357.44708,182.18565,238.93344,330.18802,287.39236,71.3826,164.99837,88.540726,117.09911,104.54023,108.85265,14.673384,200.76741,50.711258,78.001015,90.198784,214.23634,107.78651,336.4645,395.83835,324.32257,178.32617,228.31366,187.59206,314.07727,204.53348,375.43317,214.424,236.23744,468.96335,865.1908,90.06636,968.2298,743.11975,211.40599,316.92444,226.27481,152.87584,131.53265,141.81865,133.35394,63.272408,130.40097,331.2798,361.51,187.30794,209.6653,96.52944,213.73705,275.95273,126.6748,234.33044,294.3227,194.07788,33.59873,247.33151,159.7769,55.439537,119.322464,79.67852,95.53166,71.24424,99.40627,186.80069,133.641,124.45235,156.62875,66.13607,6.9973154,89.586075,165.13673,101.01803,186.52168,167.41522,264.2019,139.47182,277.0438,227.48457,53.987354,343.0854,781.225,644.4957,478.375,Desktop Computer,$Whiteboard$Printer$Phone$Shredder$Google Home$Desktop Computer
568390.1,243213.75,9209.116,13432.097,3350.6387,1725.1426,1375.2017,3413.6006,3503.7236,3658.57,3620.7756,13465.744,64668.566,50657.99,6205.4834,1254.1896,1493.7024,2154.7544,1005.9918,1720.0701,1347.9121,1471.084,671.67255,759.91034,2192.0583,2926.6084,1112.5867,275.7596,254.01079,203.31015,239.16205,396.10077,1274.947,393.545,305.18436,157.93314,1487.439,3481.6257,1886.586,235.49153,316.4421,144.7163,326.06363,326.5205,423.3977,263.47186,303.4141,197.70766,169.4246,512.94324,322.36908,827.72675,394.51343,350.27353,571.0766,267.66663,288.53467,384.95035,90.222435,158.6853,94.4011,426.10297,330.5166,271.13303,130.69687,127.52921,88.87124,267.59845,126.07898,305.2528,200.93626,185.80151,75.89049,125.98973,207.19035,185.71886,158.53146,254.14346,359.92273,180.25887,146.69186,159.91254,157.53918,209.93901,293.5496,69.62333,358.52188,336.7293,282.37604,212.628,61.397602,242.90218,214.28638,288.236,107.78178,507.45004,330.81866,29.115911,269.96945,107.88207,271.46027,872.0322,798.98846,453.88437,316.64038,99.19299,338.0356,519.6391,341.8404,255.30035,127.94994,179.04521,431.39648,325.80954,196.7862,316.68005,123.83896,211.09917,210.56213,296.56982,315.40137,220.50095,227.58223,202.29158,110.992165,288.00256,302.0136,281.03146,258.61533,255.27754,451.1745,501.15585,485.7971,741.12744,969.5976,362.9956,548.57916,265.65408,146.48116,159.91054,183.47801,357.79697,235.10309,288.7569,392.76575,382.31226,210.49315,249.575,236.90807,213.64244,186.57225,586.93317,877.74524,438.6325,133.7084,304.5417,50.926796,278.99048,180.20302,225.07002,306.60294,214.0313,78.77799,126.21118,109.00092,146.10658,205.40765,311.71332,193.19432,269.4432,201.44011,161.04688,102.782104,158.28659,225.74158,197.36256,160.78711,99.00899,201.47215,312.18457,136.0601,135.5313,235.0004,142.45496,156.20056,204.40515,92.17807,220.2821,210.0875,54.332012,104.38377,88.62294,157.07097,195.77612,238.84828,453.12152,429.14175,124.43285,166.34126,114.16898,301.15387,259.20746,262.61737,447.37506,303.66183,529.5213,264.64105,313.50568,314.8605,191.31366,117.27556,245.33633,86.94492,218.36313,254.8829,298.83862,27.621288,233.57024,111.234505,264.60098,425.79456,385.7218,347.31802,208.971,314.5289,269.2594,196.19228,178.7391,42.072002,29.125996,137.33347,46.60914,144.45027,137.00551,221.0277,50.51938,158.25356,264.89743,177.0761,342.85406,236.37723,109.52325,234.48418,262.30447,156.41602,210.6381,300.94525,346.00934,242.82413,142.74629,142.01685,143.0686,229.78876,552.70966,628.20544,310.53833,126.65625,Desktop Computer,$Whiteboard$Printer$Phone$Shredder$Google Home$Desktop Computer
566378.56,243684.6,13139.39,11790.114,4299.398,2917.9014,1895.9438,2339.1582,4300.142,4020.5747,2151.7803,12667.74,65261.387,51067.27,5695.8076,298.19992,2155.9214,1550.5376,648.91614,725.0096,952.0277,275.86774,672.2787,852.52997,1229.7858,1984.7941,196.43275,636.74963,911.41327,659.98865,636.7975,929.15454,1054.4417,117.6561,326.25238,379.54904,2057.621,4300.724,2251.7737,655.4719,335.04395,176.3939,234.8776,177.00975,142.29735,341.66348,252.77893,268.60562,381.3423,370.18567,633.39294,886.0441,645.17096,498.5845,227.27655,106.28533,414.0814,269.09274,72.81471,137.28189,428.83438,680.44183,815.31696,294.3747,35.88122,107.425674,156.8551,342.45157,180.17438,211.37007,101.955055,177.01825,355.39102,370.78604,456.6215,138.92355,157.89453,212.37596,222.12521,222.86766,220.56335,284.79684,364.41006,200.719,84.60508,110.64093,350.0237,332.43863,267.37717,276.81418,211.66856,97.23113,121.45397,123.42827,239.11845,158.71056,547.2592,354.19543,168.48442,185.50395,496.42188,311.53134,332.95673,902.8068,397.31857,337.15167,433.26483,374.1499,339.76538,325.651,227.4837,305.54846,159.16847,138.58394,94.48672,39.795788,76.36956,121.905464,189.07085,144.38861,110.57058,111.374176,103.61672,207.76906,72.24016,288.07047,144.6404,275.80902,120.44587,75.84648,166.43544,340.33508,520.50256,681.5613,877.54175,358.8811,784.6774,344.45343,296.17236,217.80205,180.98375,29.462616,162.00983,122.727974,263.67972,353.98935,210.71776,189.07288,253.6684,485.8531,378.13745,322.15082,682.2483,471.7953,319.83167,289.4667,262.51624,488.85257,378.85147,109.80493,339.11865,268.23233,207.9444,289.3496,287.08362,246.06575,119.48654,143.80743,84.67903,44.091988,134.49953,217.33965,168.7384,214.98291,201.10806,82.73479,154.48735,149.9822,214.72198,203.30855,180.81769,112.15295,79.74,137.0379,309.19135,359.647,133.77925,88.670296,173.54672,161.98572,107.42254,51.695576,135.25174,325.6684,226.61017,216.49208,383.67795,191.3509,195.41423,91.073555,115.52918,478.74158,930.75226,1160.3693,715.4515,417.24512,250.30147,63.91034,124.202934,313.31647,528.9731,564.7849,320.96338,188.60081,165.69193,166.48691,144.91966,262.04785,241.90765,88.41639,50.839485,138.82602,35.081074,21.919104,317.9807,287.05923,144.8003,17.02507,105.22551,194.71953,181.95999,237.27025,345.36917,276.14133,84.430504,152.38577,197.1623,349.6899,134.2786,182.23106,236.01129,201.12047,93.253395,89.61883,167.5965,135.52962,365.34964,258.7292,128.4229,104.11172,28.445583,175.12419,242.78622,464.06607,541.19226,655.7918,204.6875,Desktop Computer,$Whiteboard$Printer$Phone$Shredder$Google Home$Desktop Computer
568171.56,245183.86,5774.616,4519.236,3546.9185,5367.9043,2212.754,3589.1428,6491.546,2445.2605,904.5518,14414.15,64664.7,49507.95,3919.683,602.2346,1155.6476,646.33624,1723.1661,443.08694,1129.7913,1222.7886,1112.844,1153.9174,2097.414,2695.182,1428.8181,112.60872,556.58575,433.94742,497.54413,438.54388,1121.806,844.9365,317.95114,442.46423,1348.9137,4120.83,1607.1038,88.22033,343.88638,196.70569,333.10916,356.0387,166.41028,488.69577,260.82806,18.301565,124.710304,1018.5976,652.6748,785.4271,721.3849,1115.8788,358.27893,44.961094,500.4637,339.04074,526.9518,433.76242,522.18567,466.6619,939.1416,347.39984,232.59454,204.38846,126.050804,240.10606,271.3205,202.02373,297.23648,280.2756,199.65297,87.357666,387.2414,130.03326,190.97781,215.6517,140.2361,54.707706,274.91385,413.97565,320.73892,123.2881,370.32114,175.83131,237.60347,352.62662,301.0666,216.84653,247.58748,148.69489,117.743675,42.58228,80.16252,174.24251,224.79686,545.0112,828.1083,922.1801,351.48154,134.78307,532.62415,202.2202,452.12833,599.0438,178.50058,246.44221,127.08892,122.66717,192.48666,126.04662,290.21442,376.80927,361.00955,107.54057,196.89412,19.54648,138.74663,65.69718,204.51257,46.26767,193.3109,298.71573,79.51429,425.84113,262.29904,275.12674,385.76996,266.41116,252.65555,331.7545,514.892,793.84656,1060.2239,175.44688,588.58453,391.35684,255.27701,138.19815,213.32457,331.4048,337.7485,326.43115,178.9651,235.2169,147.6677,308.73834,548.8522,459.6126,403.31937,654.71265,506.8,286.3079,359.18228,426.7757,307.82837,234.52196,207.64497,170.519,116.6868,195.25461,82.1543,166.64104,94.082535,200.43474,193.84163,184.9903,239.0882,99.81418,179.15604,156.66591,94.04781,250.77805,178.14153,227.42813,112.96018,143.90892,21.88742,50.463478,107.15378,125.21389,122.38204,170.51192,4.401597,190.66144,217.27545,305.1574,36.65024,172.89357,241.29578,296.46628,113.07222,178.52454,118.16065,183.86911,125.87549,150.05344,113.43414,95.20208,84.25627,430.30167,285.0484,463.59195,1124.1498,509.30304,431.28613,522.95905,579.0054,635.5682,313.99036,182.06924,430.67014,596.04156,501.09912,110.694405,271.5621,222.93262,33.91186,127.0096,166.60474,248.12996,434.33475,326.82547,412.20355,340.74512,319.69406,239.91435,304.21136,296.83667,223.36882,360.59192,420.17862,191.49118,283.23752,120.46508,67.6675,264.24402,319.05234,289.41003,111.81933,144.48384,19.879076,37.66618,155.91327,221.62984,181.52142,258.25027,299.12817,255.26674,387.79666,508.61755,565.5678,423.52396,205.80144,518.53174,554.875,Desktop Computer,$Whiteboard$Printer$Phone$Shredder$Google Home$Desktop Computer
569500.0,245142.7,9094.103,11398.653,3222.8608,935.10706,3460.3555,3000.7969,4468.9634,3073.1694,902.2256,11917.251,62917.68,49376.465,5374.4287,2460.0066,1766.0862,1948.2206,948.01825,989.76324,1281.0916,1390.91,996.2057,170.28189,2106.0115,2273.2537,292.18082,767.1498,798.8579,468.8741,469.51,356.6743,804.0568,134.1077,192.45482,365.8816,1728.9281,4007.2148,2066.9753,393.22083,202.00606,384.79395,494.6299,291.19263,308.15662,276.1984,172.02248,262.5083,393.598,899.56256,454.8711,222.2281,710.86255,1058.468,492.8476,268.50894,298.29443,143.1598,158.5698,378.3496,148.11859,372.26453,603.1597,204.31139,193.3468,347.55835,197.91037,106.112595,188.03732,318.91946,199.19583,381.14517,366.04788,251.352,388.48074,98.337135,220.8965,353.6113,341.26947,191.1307,244.3598,56.47498,148.45586,241.63615,205.1352,452.18716,422.7043,105.447754,58.197834,179.89755,226.47353,79.157715,217.7199,442.63416,339.1946,407.86066,533.2427,514.40704,484.26193,746.1721,372.06134,607.981,261.6941,407.43542,194.51999,319.29025,324.22983,155.90207,122.86211,249.01848,464.14923,446.01898,403.70477,338.54123,335.1151,260.80478,299.7376,163.82254,204.58223,247.93121,263.9073,36.427094,217.95343,115.71245,130.08554,151.06206,224.90662,231.5136,367.8798,139.17195,95.12565,131.18483,341.38452,673.1798,1014.1758,108.526566,505.85144,300.83405,138.2638,277.88028,128.47708,142.70729,192.6357,295.06332,47.45821,190.65663,206.68657,128.7103,313.57977,117.353714,362.25595,359.69617,213.08354,542.9096,855.9755,687.08746,535.6344,222.16136,69.59273,288.33313,116.199486,222.41223,108.103264,102.03399,152.92078,157.05678,205.06955,173.72232,104.75242,158.27222,126.617195,238.29999,201.635,107.76842,323.55832,323.76257,234.56723,284.1766,294.36038,274.8098,367.39648,326.24533,224.41048,132.96985,60.749443,251.79819,527.7063,389.26746,182.07066,157.31314,131.53273,94.048416,79.45808,440.17935,284.08527,17.71212,170.42323,179.59459,262.75302,307.8392,336.4118,138.56151,115.17538,550.9877,952.2994,178.60823,907.04364,768.0777,811.7956,466.62738,93.438545,179.45143,343.04614,157.10722,75.66352,81.070755,162.76529,36.070576,136.51352,382.2245,479.44,284.819,118.502396,137.02611,251.75438,233.30847,366.5981,172.90802,57.266884,104.45239,197.9502,145.0598,219.81786,339.1737,368.06427,124.99672,153.73737,146.67139,53.194492,193.55328,252.306,254.00839,211.99052,213.21037,172.14128,225.19264,217.85352,39.504147,102.43697,127.419685,365.49332,493.31262,482.0715,701.5748,141.93564,460.31824,124.75,Desktop Computer,$Whiteboard$Printer$Phone$Shredder$Google Home$Desktop Computer
564188.0,239211.2,4193.122,12332.088,6410.5093,4580.195,3928.6846,3936.1443,5500.9316,519.73566,1251.0134,12941.955,62906.28,48247.758,5143.3384,1964.2288,1556.4863,2007.6212,1429.8181,1442.0139,967.5978,1926.1478,1201.8425,813.2839,2026.6036,2622.736,805.6858,82.34685,669.7874,765.03986,144.3131,904.7286,1222.7397,410.36557,329.9795,74.07479,1452.9352,3996.8572,1785.6526,83.31226,305.1006,258.94827,205.85645,341.78683,360.0792,480.55423,211.92435,65.57663,277.13675,455.46268,634.1276,694.97253,976.1122,296.08313,841.46655,624.9946,477.80457,504.87323,434.05154,229.12108,106.504814,637.85095,874.248,489.14044,450.36374,53.268578,207.54387,160.5644,138.60983,210.85092,155.777,244.7666,303.37402,443.7805,244.85088,179.42595,161.03922,133.33856,184.17348,330.79993,269.618,90.64564,253.36662,379.42612,151.16733,111.44368,32.9546,291.55713,590.6168,441.50772,153.12271,204.3885,342.80917,345.65305,403.07758,397.40765,407.98764,404.38202,377.59393,488.23984,645.34656,425.9497,393.23306,251.4916,66.90839,675.52094,878.4187,494.80795,285.3091,204.52263,357.0878,531.8425,506.01645,448.42615,322.03326,80.41807,62.86089,203.17255,135.62602,297.60208,274.42688,144.34367,397.90906,599.1589,511.343,239.82652,166.85718,85.259254,75.29907,206.92967,192.8396,327.8441,347.20718,691.7287,1048.0588,174.5984,505.37784,273.14383,276.16525,285.5543,277.70908,90.407455,189.15404,170.36572,190.6668,262.27103,284.65378,412.0531,386.9176,246.18558,513.67004,662.7672,726.9317,141.69034,802.5602,536.0027,440.89966,342.05923,279.9965,232.35292,59.978207,190.86182,154.5691,144.26611,93.35433,42.691536,12.902085,106.58749,214.24393,144.53546,120.54703,228.75525,132.40822,4.689214,94.969086,176.82335,271.8498,34.53407,289.79697,209.87529,106.53474,46.663887,26.901045,30.999556,89.84956,132.96239,80.561195,63.44943,125.32391,182.33337,298.69397,233.32913,89.395164,175.87114,155.61447,116.77931,88.32702,213.03821,268.0371,176.96638,422.58316,499.2013,283.95108,286.40375,480.14807,657.89343,1524.4233,645.87744,249.09589,324.70047,89.56546,179.6699,35.624123,245.43355,271.71414,279.3088,264.409,170.91476,233.83246,192.68977,33.461735,119.37067,75.24377,211.08144,375.55008,45.83435,174.8754,25.516375,222.1429,147.8575,120.22067,177.91281,148.76399,227.64095,90.95765,318.941,319.46072,114.3408,127.001,101.842896,148.89856,118.75688,304.7738,138.98827,132.6727,384.8741,270.69498,164.95807,196.30682,206.10815,108.62144,146.17267,284.72562,199.36781,737.0815,536.73553,50.625,Desktop Computer,$Whiteboard$Printer$Phone$Shredder$Google Home$Desktop Computer
570103.0,244485.77,4310.6562,6360.1763,3700.951,1977.5226,903.93896,4246.4614,7217.3525,5699.9204,4777.9316,11863.45,60235.79,47086.38,3437.4924,2150.1294,1925.0245,387.0001,496.22574,1427.5154,1346.7463,962.1248,475.2777,859.4417,1235.0071,2605.9575,610.09814,617.214,494.53134,428.37,349.31967,991.5528,695.7036,502.26532,296.30844,777.84174,1312.5208,3960.39,1966.6091,623.44,426.19177,380.3749,78.42455,387.57486,239.10497,377.5845,281.49588,366.80127,367.81888,881.1238,737.3464,589.84283,938.95294,289.68713,547.1114,76.212,277.67447,245.66129,227.11542,174.9016,83.594,345.0338,758.3353,354.2749,236.68956,259.87494,196.84415,30.655275,156.75261,461.64096,173.03911,277.1173,152.84375,404.1341,225.29292,270.30334,93.5086,218.96179,84.10631,124.82228,289.72998,230.46176,203.0661,218.77446,62.47325,227.99161,148.16016,137.06363,192.77618,220.16359,116.04117,217.29128,203.84232,110.96471,360.15735,38.16166,212.33241,269.15005,124.026,105.482185,330.40408,458.70175,187.68254,615.6892,614.9429,414.43448,145.25688,294.73752,188.06856,312.173,131.38347,154.11287,408.3681,365.85736,290.90936,129.42009,258.29135,245.40298,207.1793,173.47691,223.80902,147.69876,119.23952,254.72176,65.964554,180.36296,112.79081,96.45216,147.04164,205.8005,143.81606,401.95328,522.182,818.7524,1082.9388,302.4071,610.73083,342.84604,382.9109,163.99055,116.85938,245.16113,162.74622,215.03755,165.68651,90.55297,226.22556,426.80478,763.7639,622.1748,460.9555,120.896805,429.79013,598.11926,435.98056,618.02783,459.8367,458.3193,82.23318,37.69616,104.35887,152.67198,109.57962,200.12383,110.703514,134.36902,67.04162,216.39069,129.64311,75.54655,92.27848,240.69727,31.275475,20.448055,139.20967,179.65967,391.98892,312.94067,37.463535,308.67242,186.36026,159.64314,47.63429,183.66792,43.870472,233.44774,216.20412,284.4762,194.42838,191.47897,137.23871,103.69761,80.59728,186.06317,395.50494,487.3934,444.91956,343.14194,234.94424,282.3503,428.35428,361.86917,243.47464,111.43729,627.4341,1095.8737,1028.8162,738.8511,489.79523,459.00458,390.17297,128.56693,48.652733,119.25885,64.5855,67.836876,81.57312,26.884932,172.74817,63.837257,35.38692,147.46577,222.62651,64.90301,368.9351,166.91766,30.793745,144.73753,195.42854,214.70757,342.7388,184.78992,97.39944,151.16258,221.33475,241.77238,242.01588,203.90028,302.5856,266.60828,230.74713,274.38718,92.80238,240.3506,201.60886,147.97433,166.38022,156.78928,71.93125,147.13754,66.59327,194.10643,339.8288,322.6482,255.042,512.98004,840.0,Desktop Computer,$Whiteboard$Printer$Phone$Shredder$Google Home$Desktop Computer
566977.9,240592.45,8365.879,12311.514,5699.0864,1456.947,4750.9946,2019.8116,1699.6733,2221.2996,3046.8364,14580.726,63910.703,47478.41,3088.7515,598.7583,1017.37604,1128.638,2162.7996,401.42032,1178.3695,1490.4347,127.99424,429.24472,1524.4108,2110.3352,564.38885,980.87555,577.1737,782.81146,132.16989,797.6209,1222.9891,733.783,237.32889,301.8064,1473.4896,3979.7441,1847.6858,199.84047,168.04277,181.31311,243.04611,232.1555,227.75677,94.07479,305.14178,258.24258,195.70781,1118.1681,604.9031,159.96512,678.99023,1046.6682,238.44905,712.0716,704.8867,257.1999,302.2049,357.41034,346.37375,215.83202,595.6105,254.10854,468.34497,344.4056,127.16497,99.39585,217.80232,260.80252,242.14891,289.23462,186.04324,308.12,389.03738,132.2935,227.08594,103.68277,99.40101,216.84729,329.57077,415.4625,350.547,250.19499,79.71555,201.31583,245.26212,113.35962,234.3044,54.251904,147.2541,274.40054,278.88922,66.9386,141.34674,161.92232,74.746605,226.39053,434.2737,449.5179,554.3959,562.18225,409.2826,167.49329,567.96936,203.92754,65.623,240.78339,438.7006,382.9041,339.37308,287.61948,175.86276,275.5431,185.10797,214.79657,170.01804,405.38788,367.53427,209.5902,56.21831,189.80072,291.55856,205.26408,155.76021,34.927563,126.29087,268.75235,176.76993,257.31665,226.5368,456.604,677.1879,928.39935,961.5249,278.00842,437.43246,248.50523,204.88835,35.149616,70.625145,267.22772,22.43814,36.919678,182.32994,287.90173,317.8321,498.82938,431.89035,169.76457,185.53712,252.53088,414.02426,868.4028,392.8016,129.25682,287.96597,356.66302,200.15254,232.7852,235.59998,93.56025,162.1392,379.93738,390.55515,124.907684,195.9398,324.1602,411.19247,197.39435,118.84374,174.97702,291.06656,246.01517,146.56844,130.00076,200.04233,116.44337,38.241554,187.84944,235.95518,180.40862,102.72011,84.680466,232.78885,324.1379,196.75613,222.69974,344.3494,127.375786,36.55246,195.4253,232.71288,469.66656,536.22784,314.1155,487.35242,486.40207,471.15918,636.2431,399.72665,249.30757,156.3125,529.093,581.1715,361.82523,1104.1218,485.2301,684.6686,472.58502,177.27562,409.97382,327.00845,120.75166,153.22853,143.65631,200.423,359.54138,357.71243,256.15906,98.04087,61.46474,118.84195,223.68742,193.12378,248.88727,275.55444,75.9157,181.46281,196.73979,115.961784,40.645542,128.47406,75.61911,76.80818,234.67067,291.89532,316.73758,40.181736,233.14125,66.08731,143.78157,54.210426,165.93169,231.18205,128.98965,132.85977,97.04979,95.48421,232.4387,347.80594,287.6108,182.99266,446.2536,497.58713,324.86246,128.59375,Desktop Computer,$Whiteboard$Printer$Phone$Shredder$Google Home$Desktop Computer
566148.4,240348.9,5265.639,13499.572,6666.51,3989.06,4948.0215,1285.0907,528.6354,2155.8748,220.08145,13739.258,62988.414,49243.89,4614.597,1502.2566,1319.0817,923.17926,1287.1891,762.87024,1272.2384,1107.13,1038.664,349.22083,1826.0735,2662.177,1573.4507,1036.2694,392.11307,1266.3538,401.77957,655.37384,1116.0062,280.47552,260.89783,448.07526,1951.4788,4409.569,1747.7219,352.3566,455.3159,263.84637,200.66206,43.815273,346.22952,100.96137,291.40933,674.4737,262.85977,860.22705,860.64764,318.92188,113.44895,1058.3903,987.0159,122.82744,27.454159,164.6562,315.28775,31.78271,37.889637,625.2663,696.7493,388.29367,315.6722,120.98903,125.08819,60.097168,97.42618,161.59433,234.5808,104.37923,263.85876,298.72577,697.9953,562.836,272.03638,86.728966,157.94704,221.8904,143.09464,64.38565,122.69455,219.77219,198.28354,281.18832,177.10133,299.91504,192.80829,96.777534,103.06328,127.898445,251.36847,311.9587,471.46808,340.68597,343.3268,261.54352,502.50787,263.48438,623.2657,427.6437,79.151825,222.45326,271.68436,248.07356,338.56247,306.83505,138.73451,157.18964,268.8719,174.08408,157.16644,302.76837,306.8226,230.06226,112.19126,126.69901,173.96494,133.51537,121.694916,116.0552,394.91287,464.7404,346.88205,62.243496,115.009094,170.6518,304.0919,413.41287,503.8226,335.25992,313.97925,381.81543,820.1102,360.27094,316.35168,274.58716,179.64856,60.942055,75.65913,82.54619,201.98335,158.9026,145.17053,295.9077,277.46848,257.7232,175.74287,218.75258,332.7864,538.103,487.32706,620.3566,777.5206,236.0152,91.925064,69.56953,279.9256,300.62497,185.74556,203.12794,181.20721,145.08492,217.03859,229.21095,129.32863,199.92064,35.043785,124.54336,141.33272,110.28037,141.59822,153.14403,83.23654,235.89006,290.99612,63.87011,49.45725,147.47176,87.86039,325.17462,172.24898,136.29532,179.92914,281.32153,128.36519,147.95993,95.66411,151.28494,421.47516,304.13617,103.06008,64.45223,66.13453,127.780914,185.77597,150.58336,200.53593,117.150345,301.0924,478.04733,445.19165,247.55547,715.9039,867.6575,450.40344,1325.3342,677.77325,365.46014,595.2244,188.67213,130.12596,223.89897,278.21835,263.13016,181.28958,87.20329,143.74634,293.78946,155.61346,315.04672,198.7445,73.85736,147.64282,103.8728,71.80919,55.148445,129.39267,23.918243,226.18839,327.99435,271.6438,135.201,32.193424,39.29954,30.08738,162.40959,89.26542,54.342426,136.22742,353.5363,361.26547,92.78939,51.034237,103.57661,181.56595,253.96584,342.09134,280.98492,182.12949,278.80194,199.4083,391.05225,422.62598,81.863235,161.875,Desktop Computer,$Whiteboard$Printer$Phone$Shredder$Google Home$Desktop Computer
567129.8,240704.03,7079.4077,5284.8047,5872.391,4569.8267,3450.1592,2583.4,1475.8749,1386.9525,1900.4753,14633.614,63853.555,50952.22,5596.486,1583.5519,2029.0487,1246.8513,1823.484,859.3095,839.4754,1282.0223,194.08,371.86578,1972.9059,1564.8257,875.77625,142.39606,189.01608,966.67267,235.64418,269.84833,581.5257,506.6052,124.88907,265.6843,1976.8577,4153.6694,1904.4938,175.86545,178.9798,378.15756,433.24112,551.662,312.68573,275.70358,374.4781,34.765965,90.24148,970.4173,515.73083,706.97534,752.86096,446.1991,268.8585,394.3588,198.79716,529.84296,321.39468,410.96667,105.81887,188.96399,519.7256,320.05856,119.36519,303.1032,186.1002,245.56245,78.03951,46.068058,498.14005,199.01833,249.20314,397.58994,579.396,144.70876,123.84725,172.83562,84.57197,99.22717,299.97855,206.80441,247.6907,100.7647,166.61916,129.76167,195.77132,335.58688,107.326256,166.39137,175.04518,136.12755,439.3886,471.71957,535.499,332.99667,468.28006,254.56662,129.25378,441.3139,687.795,416.2534,59.890568,453.31815,281.75027,448.91876,425.38742,115.43182,253.88812,177.59953,140.8393,305.6839,406.7366,188.27208,192.49127,42.30169,192.55836,138.9087,127.53178,124.05901,118.68305,173.31805,334.96747,42.54768,222.85217,95.284645,104.600044,125.67053,211.62994,94.92991,329.61456,199.15308,347.38126,716.449,1110.3112,457.62192,334.21942,156.5262,187.39737,175.34285,135.40294,124.94898,12.819346,304.81512,218.91881,5.604203,7.2187786,376.51224,234.12381,222.59886,261.42334,502.52432,1025.8325,257.99365,475.1579,341.4173,224.16121,360.57117,316.62457,264.40497,88.32135,191.63832,251.76079,285.39267,137.10925,135.40393,94.3988,141.3438,171.29965,148.4111,190.4612,227.58337,71.92505,292.9856,294.97546,154.34343,230.15672,43.06773,83.30762,175.64749,192.0971,192.54022,136.5273,148.09683,32.603233,78.61807,477.98315,384.6296,240.21004,248.95149,284.96402,199.52547,196.80774,83.99956,85.945114,28.953398,176.10449,189.72272,137.41339,219.1529,113.23304,176.17047,363.39038,882.24817,685.45447,469.13245,752.55853,234.99094,718.2706,579.92395,739.47754,681.0186,119.46483,256.32382,87.93734,229.34995,320.41595,259.16046,264.88455,203.18497,233.6351,220.00069,104.2549,97.9976,106.55294,239.82173,286.5435,264.96713,183.06224,205.40074,54.060715,222.64342,247.73022,177.85303,111.39393,124.14247,102.482475,236.17871,323.93207,287.79785,184.06956,56.360107,139.8661,190.14168,244.54063,321.31134,252.33458,91.27206,119.506805,245.39,124.78213,110.67293,220.7674,231.7634,196.74336,108.19914,197.5,Desktop Computer,$Whiteboard$Printer$Phone$Shredder$Google Home$Desktop Computer
566432.0,240394.6,5517.0923,11163.048,5381.9497,3455.3196,3076.9143,981.5328,2232.686,1312.7836,2314.6526,12154.837,62894.28,47942.965,4255.802,1709.4249,97.57861,395.9008,944.9967,1342.8353,887.2912,870.21594,1370.6243,1149.3375,1860.0005,1848.6115,209.22168,591.9068,854.457,419.6785,461.3573,1110.7482,630.78827,133.4938,162.08182,427.53928,1843.3411,4074.487,1881.3755,458.80035,322.55405,429.64124,207.48859,227.33342,235.8701,382.1775,302.39282,94.83959,156.94766,518.83923,408.53497,657.3183,909.1712,216.0093,458.84497,390.2795,319.38284,201.10043,255.00043,186.79604,207.95667,465.5517,595.0917,247.33054,127.627,23.787827,138.27686,223.45833,186.5123,83.53832,213.5176,263.99396,35.60011,157.04057,316.00552,227.55992,133.1516,61.587505,257.7517,279.40872,172.27498,65.68573,328.00452,239.51942,194.79738,248.67783,282.21725,236.49516,273.26215,227.72287,296.8035,254.5527,192.50165,301.69193,70.91049,58.00999,20.64632,154.85852,196.26646,262.27798,815.2306,729.2751,444.54092,239.17332,148.75984,295.4516,247.13892,254.22482,201.93388,201.0984,166.042,49.202885,286.47644,376.0793,172.40651,297.82333,167.85056,59.188927,127.161316,77.52923,94.71846,111.98317,191.77182,67.16145,97.50201,166.25323,196.2315,117.1024,32.529003,217.35051,304.75833,171.6592,150.34624,593.2508,982.9248,244.34729,726.49524,349.86334,140.96893,153.68518,114.86866,109.062546,45.578274,138.91832,156.7306,174.95016,15.502628,36.36656,188.17177,69.36335,124.30076,335.70483,915.0315,316.2381,232.34322,34.33922,292.9218,304.88565,153.94905,113.930534,66.64543,23.46597,284.763,107.66283,72.64683,154.72696,183.27861,163.52507,130.2612,55.8412,53.354927,33.876583,239.46658,209.30754,161.25279,257.99557,142.4175,232.73227,297.69016,34.117237,131.81253,159.73166,242.6991,92.49575,112.58593,179.92526,58.175575,154.11604,214.88477,107.93154,117.61098,79.454124,264.2281,439.74484,294.74103,165.3618,120.70368,80.20559,62.576763,90.236916,287.21808,287.95468,301.49283,774.236,1244.1593,263.56192,506.16138,767.7535,869.9946,291.9646,355.47107,129.30869,243.14435,196.05984,77.366714,332.9543,392.01624,154.48111,40.3957,134.40012,272.93045,239.65605,29.050127,114.080986,146.74008,111.270706,245.40645,233.64728,186.26006,192.96072,176.23465,54.049416,114.80635,309.876,72.71732,104.406334,228.22621,325.3341,145.70036,135.02687,99.77192,229.96495,160.78008,195.73491,167.40736,155.64778,127.32988,404.068,465.71384,86.8646,242.58305,241.73955,498.31146,566.4931,500.11917,455.49478,241.46875,Desktop Computer,$Whiteboard$Printer$Phone$Shredder$Google Home$Desktop Computer
568917.0,246216.34,11347.322,11966.988,2203.9407,4382.533,1562.1168,2895.5422,4863.621,1464.5104,2058.0234,10842.446,61997.87,48497.87,3470.7268,2524.0935,238.48325,2421.0732,2667.5754,2615.3198,1546.9404,1458.9175,1047.0535,289.65723,1476.2269,2374.0454,797.81915,727.9046,734.1763,1274.7474,600.1798,13.891691,1133.5402,544.0815,291.1161,257.5566,1349.7529,4076.011,1842.4308,103.62261,193.23705,209.49922,261.36386,177.13002,428.64517,183.20917,469.12543,274.22357,130.55498,963.7689,810.1028,542.4944,736.032,500.68637,328.8432,559.5088,455.14255,82.384674,150.91237,124.38371,195.22055,286.69678,567.48694,433.9983,178.50749,247.2626,170.32573,233.69093,77.11386,246.42194,200.74731,318.2011,157.21182,253.2331,403.6154,161.11612,261.42877,442.8563,140.71387,250.64412,230.49733,364.04868,277.36798,76.20524,229.47845,169.6384,172.09445,185.299,62.998035,59.088657,146.13492,192.7788,133.51445,288.57605,434.65475,478.39075,373.60165,135.56522,288.72144,690.17914,351.65662,320.29434,412.30185,286.29413,294.10727,305.9592,63.04685,146.1118,334.18552,288.3379,127.818085,113.22534,266.66718,534.3835,461.6673,321.66046,169.05739,59.355236,191.29518,316.77347,286.32108,337.7875,242.26187,199.80077,135.11162,197.27263,202.41542,368.52197,229.93787,193.57419,320.7415,385.7957,388.04395,650.4989,763.7762,370.21188,585.03296,246.42372,233.79486,500.5128,338.03436,247.95596,178.75217,237.11533,231.08957,114.05386,165.90459,192.69344,234.90334,440.55692,297.76443,873.93286,543.843,346.33554,550.35895,509.77325,213.76208,137.94336,63.519592,168.79048,265.9533,245.52374,264.1327,257.0548,167.35138,251.69456,426.0405,168.47168,189.06537,41.53822,144.53714,194.08286,53.231186,239.78517,361.26456,125.11591,97.209496,193.86719,264.7642,293.97717,217.10599,289.4226,293.4867,71.92309,90.45113,227.89714,304.32712,189.64857,51.848816,385.47003,373.44058,219.84363,210.40805,158.72047,174.08588,166.54662,167.04654,129.83925,191.61949,185.3628,122.53038,169.54175,538.64325,929.558,388.7724,310.61148,658.6164,384.7502,170.31615,620.5773,353.8549,299.5984,147.63084,150.4029,10.584551,138.58907,257.3812,180.44597,306.12164,213.13985,283.83463,195.1028,176.48842,296.43185,246.97546,189.32916,162.63387,193.77638,312.05936,335.1947,160.47626,156.55952,307.55008,414.40488,253.5666,154.21608,106.60459,112.633125,54.21087,219.14499,194.55667,183.26518,283.81857,179.01012,207.47728,302.3288,346.21304,299.93246,397.11346,324.56104,331.67773,233.15993,62.245045,216.48335,120.079704,144.22516,248.0,Desktop Computer,$Whiteboard$Printer$Phone$Shredder$Google Home$Desktop Computer
565238.1,241751.53,4328.93,6467.997,2688.6895,5783.329,4104.913,2700.0103,3703.776,2013.5963,3453.8845,13244.62,63383.7,47222.656,2169.9312,1532.713,185.56148,1095.352,1056.0979,789.3333,506.147,1512.7086,324.81952,857.35376,2006.2069,3131.1658,543.0728,468.19174,489.20187,264.92084,174.19559,722.6984,1367.1644,759.8231,333.99426,101.26273,2144.0872,4356.599,1949.928,182.66208,183.50322,206.09566,44.123734,48.054405,227.17198,313.82266,523.4637,651.028,519.47046,1114.4735,915.9142,842.23724,771.8514,561.9332,507.8463,330.78018,534.55316,474.70615,203.51245,38.765602,183.32555,119.275475,254.7957,232.77887,169.35382,193.26779,336.08856,86.34784,174.4185,60.56686,97.438354,231.46509,76.40324,262.232,310.77267,229.03142,289.8576,305.57605,117.595474,478.27658,324.6774,218.82538,19.791832,135.68878,341.09427,145.17659,294.0489,497.02615,180.36757,105.69206,47.617775,221.57124,394.37695,216.93207,90.53412,106.649055,294.16595,209.24464,503.7993,428.39597,139.94351,318.91556,170.90466,454.82108,123.106255,241.36763,75.69854,41.75577,332.7321,172.68678,66.94154,155.79167,446.9197,352.77924,188.17009,98.77749,266.64853,281.34415,119.022865,143.62631,82.68468,138.6113,83.855804,221.42384,255.64682,173.87447,159.44833,192.8829,486.70203,414.5298,330.4039,215.4777,351.62726,454.2395,949.0788,208.05327,323.54605,308.97903,251.25844,153.3359,155.617,252.08658,193.95515,157.73138,213.84544,161.74878,239.59955,184.64111,390.08044,642.92053,660.3227,551.32025,527.89294,699.51373,191.34431,76.2519,92.877884,67.40623,176.23589,243.2978,432.5837,372.50034,386.68942,161.65437,152.14915,321.47324,250.91174,411.38724,491.97168,237.44519,15.06484,216.52335,312.9175,202.81091,310.26785,484.8338,397.5476,70.96439,114.90723,294.45908,192.09314,239.89871,51.74872,235.57594,313.54202,226.12842,211.81395,21.583998,95.85061,382.2893,338.04385,156.47556,519.08075,389.59384,100.0149,273.4512,237.03818,216.35158,256.5493,384.99234,191.50998,401.7123,804.3688,716.3519,487.87848,415.1562,142.73618,729.3714,155.92653,243.34027,313.90094,388.0668,417.1135,307.25327,212.2331,71.38011,249.65582,210.44469,169.41583,158.43335,391.36072,313.16946,194.58983,114.82197,32.714264,208.70209,259.81522,114.42691,91.672905,122.14162,217.775,72.530426,31.375032,145.80023,207.59805,151.28064,106.99386,90.10134,73.48356,86.175674,170.39207,72.06188,196.81465,198.14368,61.74792,154.67188,209.57584,349.12674,286.11743,185.851,383.77994,465.01807,313.72256,203.61842,262.60983,384.94806,301.96875,Desktop Computer,$Whiteboard$Printer$Phone$Shredder$Google Home$Desktop Computer
569552.6,242664.11,8924.994,9450.351,1931.4742,3447.1375,1685.2462,3214.6626,4848.0786,3991.1174,2097.0498,13275.957,62405.305,47730.758,5260.9995,2012.737,661.29767,1108.7289,2110.4917,758.57385,521.6142,706.6935,1270.236,37.629723,1618.18,1951.5629,744.33246,546.4123,330.33508,685.51215,48.113388,546.6016,785.1525,347.24084,327.33633,540.27747,1563.4434,4296.919,2095.9421,95.55662,172.39441,432.6203,350.32794,424.30408,417.7371,260.28525,246.62306,274.1777,529.81177,1119.9114,1044.3209,714.29956,579.4348,273.14264,221.88727,604.67975,490.9599,172.8899,350.60153,310.98502,302.73563,651.8058,782.31433,44.8669,323.8278,539.23395,441.30463,402.6538,162.5329,198.01653,228.95929,332.48846,313.74014,336.68225,354.68466,164.4435,318.7601,173.62248,44.463997,313.5208,279.19183,63.95564,173.06796,104.35075,73.66393,193.29703,299.88943,234.35307,338.7608,268.69946,319.13965,579.94025,221.74194,236.77104,315.12552,127.65569,151.43034,97.49599,152.7801,61.867847,249.3877,563.7532,410.03055,361.19742,539.1846,424.3974,350.86725,227.16342,373.5387,416.86414,288.04068,431.291,539.4716,63.43255,174.46378,117.28876,91.2376,116.03047,42.739754,185.15434,188.17818,176.69073,201.2876,299.2996,226.01627,48.008118,96.54365,53.056904,150.02257,59.69386,215.1798,204.37859,309.0048,511.31995,1061.7626,358.13287,406.22116,289.17,192.67557,225.52005,317.284,153.09569,240.76657,530.5352,448.9632,192.37326,327.457,217.21066,80.16961,144.95071,37.318333,359.9206,871.5831,432.95026,271.33127,212.06935,333.28442,244.70863,115.47544,103.08515,66.0782,67.004715,120.658264,185.5361,95.953026,274.83563,390.1911,124.85138,62.07109,227.89902,12.064998,42.776142,37.44132,188.94539,91.17676,97.26185,28.830051,200.556,231.8701,211.43085,60.050606,155.4067,166.13002,192.83507,201.62321,128.92484,145.75874,287.00262,241.35849,70.59278,45.92486,333.02005,112.542725,314.8418,390.9005,343.30133,145.54762,327.59048,281.8729,87.60611,467.4971,446.72955,561.6487,559.0376,497.18588,635.00793,473.2358,741.04333,1172.2052,523.2645,164.06247,100.09027,110.859474,178.99371,123.85993,92.425964,376.5981,402.10107,200.77406,9.113286,181.71039,141.5944,167.48285,142.80461,331.97977,247.12311,42.715805,101.500244,111.3592,265.26483,217.09525,300.34497,326.11676,204.86864,178.43173,126.23367,154.6365,130.47649,90.90313,163.89651,138.7043,62.505276,101.77264,90.685585,79.32327,112.96335,209.58305,142.20456,159.80621,294.7876,115.855934,188.5156,358.63934,489.38977,497.94098,365.6324,302.625,Desktop Computer,$Whiteboard$Printer$Phone$Shredder$Google Home$Desktop Computer
568866.75,241100.38,6381.533,9424.909,4654.7036,2453.734,2042.9957,1473.5682,2925.084,1229.321,3514.6016,15376.093,62874.633,48980.473,4791.368,2867.9937,3080.3518,1326.7734,1255.2443,1556.5847,1206.0409,749.2704,241.78394,306.3009,1842.0808,2500.056,880.57904,103.60617,389.4002,955.0217,577.5401,904.5559,926.0062,483.77078,211.00334,361.89362,1248.5063,3989.9033,1494.7382,216.25385,179.05609,206.13419,300.38907,102.07592,249.42769,403.29068,323.1373,235.92198,319.0813,751.29034,725.8933,93.28706,254.98924,228.91145,65.96288,90.94648,1032.6733,568.6088,129.28752,286.3099,263.95065,429.92236,652.0721,331.37766,289.00378,412.2256,239.26059,226.07874,127.18664,124.95601,111.23897,278.99152,152.37468,180.12888,475.99393,568.4654,285.69708,57.316605,66.99911,276.3628,191.67688,78.048744,198.11198,196.0553,93.00912,178.72836,161.97758,31.775373,70.41747,169.06343,223.40009,272.70486,384.8529,587.4534,880.48816,629.1287,259.47354,226.08455,157.7522,272.60242,222.31839,236.61406,242.45175,27.364964,48.244045,73.37892,106.75304,131.2017,243.50484,245.15318,272.8399,215.04904,224.35168,115.97132,366.8438,363.588,403.253,222.22339,167.6098,267.12924,460.54672,409.7679,500.4367,370.75513,250.74184,181.2238,236.42834,165.4916,262.20422,197.10455,165.6827,222.51573,203.45848,791.08093,1192.1163,401.76044,286.14008,214.33934,409.89487,462.9036,263.61453,117.465385,117.43245,179.31622,148.18448,167.32164,93.98503,325.02432,528.4264,532.0395,746.8886,721.961,449.23633,561.2522,83.87285,168.76413,88.730606,142.2241,145.40134,87.89004,93.890434,94.90735,182.48306,99.39136,248.90875,322.4415,205.63583,427.732,252.43846,129.38048,324.93768,316.66434,105.91738,194.53569,218.9155,332.9651,383.22827,343.16153,296.74802,106.89963,238.28078,147.31837,85.94853,147.93483,163.45656,213.44943,235.37505,206.224,130.29291,194.17058,267.59402,425.22418,155.84993,157.09004,254.2337,383.73242,119.76563,192.00568,315.2956,192.68866,315.8271,195.021,198.25919,392.2413,236.2972,290.16672,422.5704,900.21967,332.4293,994.9605,407.1781,310.36386,430.72934,543.89294,614.3552,473.9052,439.02563,400.5451,234.97034,235.30588,232.1599,212.32405,132.4411,137.25774,194.2641,142.20163,151.00829,363.42313,333.03738,180.84685,262.10355,199.30717,188.9969,239.90604,324.2683,299.37714,359.03952,134.02594,270.0494,210.47972,274.1065,185.98729,251.57007,404.7842,330.66678,259.5861,251.37914,414.9811,117.859215,225.44699,86.02233,40.72154,132.81596,172.10796,100.71357,130.591,297.71875,Desktop Computer,$Whiteboard$Printer$Phone$Shredder$Google Home$Desktop Computer
568278.9,243238.88,6399.159,5686.4614,1515.1893,392.12646,1727.1014,2585.9739,3102.0994,1545.2362,818.8071,12382.784,60211.54,47288.91,3358.7417,1513.9984,801.0964,1497.1436,1549.4111,1364.6443,736.741,1283.9291,639.3691,530.5388,1649.1205,1958.0573,802.49445,749.10046,215.11217,661.3251,607.9349,440.8453,869.3027,344.6604,445.2318,145.68486,1903.9093,3971.6133,1922.0905,218.38242,263.4022,223.77634,313.13367,113.32796,342.86267,150.56726,419.69177,174.49548,195.43376,703.1772,661.14294,138.79375,265.13525,286.06772,402.48477,68.278046,1116.1205,599.9191,451.6837,568.36426,281.26562,456.07483,631.137,244.4595,174.3438,155.93425,233.3925,187.92331,74.37245,347.8887,204.06563,194.20207,410.58093,537.5839,402.7551,155.84302,149.72734,225.98799,313.9778,411.233,206.93097,276.02548,130.91415,366.5869,158.08559,160.12895,143.32295,272.2075,339.54593,343.03998,133.7248,451.0537,380.27805,534.9292,627.681,655.20715,507.26572,571.85266,129.8038,236.85094,55.051044,210.09958,69.55133,58.833332,135.71686,77.44033,229.05353,49.48367,195.57681,360.347,467.75858,535.342,144.48953,369.13815,41.499924,226.28055,542.1796,215.5181,201.62788,213.00441,86.17888,517.83325,161.14961,389.27975,322.31223,209.00592,157.44522,259.08566,31.22304,34.215088,53.225563,347.35376,481.3002,876.6818,1025.2408,11.503451,512.66986,420.63278,188.02061,122.85594,78.2427,172.25346,196.93646,167.31607,244.39867,287.52155,311.31912,127.70821,293.90735,359.76575,433.02075,999.24585,607.9483,40.847897,86.87153,145.03049,84.53461,112.49024,199.9633,220.83704,120.69446,34.304752,185.48083,144.89877,107.442535,317.514,249.35365,13.74344,125.6155,152.03261,166.3264,190.13551,79.727905,36.109283,120.233955,147.01491,115.28314,181.89966,90.48997,187.58783,168.38548,130.3831,196.66344,211.68063,165.51242,186.09776,95.60905,109.47322,87.97937,122.94389,203.45253,147.12938,362.2393,91.03003,77.7395,316.3226,327.53195,373.12393,406.28955,230.1471,174.57852,287.376,368.84943,339.29437,84.00215,105.42218,30.807514,804.04755,718.66797,433.8252,858.3966,617.89734,615.0894,351.0401,362.54498,204.27408,228.5191,353.98767,287.0778,231.62263,320.41193,193.82266,53.954544,123.75793,245.15176,184.01965,146.13268,282.4387,388.2595,287.0337,163.21356,45.60638,198.07516,80.79324,231.6209,49.66407,233.31348,288.0568,305.40964,208.51738,338.53055,184.71133,249.65245,61.995564,281.5019,530.24744,487.1026,119.33777,401.71802,213.1708,421.72095,186.64238,183.89864,53.16798,173.60158,160.49191,154.03125,Desktop Computer,$Whiteboard$Printer$Phone$Shredder$Google Home$Desktop Computer
566063.2,243668.23,9379.41,11781.887,3630.3047,5376.237,6340.788,2130.6755,1713.5831,828.11346,1628.0619,12873.951,62745.09,49207.332,5779.2505,1076.2528,1915.2759,2186.9792,1005.548,1045.929,902.80585,1099.2101,674.967,561.1009,1441.7161,1836.6804,330.9901,496.84082,720.0609,1161.8549,725.07465,385.92603,738.84076,555.9338,278.17126,351.83707,1301.2019,3936.6162,2002.9779,475.03918,293.17264,246.54729,317.91568,116.44674,79.62381,291.55576,260.63098,248.09445,227.12692,1112.9669,945.21344,318.72665,266.01132,311.18063,62.535767,536.11163,1167.8594,373.44833,350.98065,223.73483,455.09744,595.2196,659.44617,534.1132,448.9136,289.22803,224.32442,432.51553,231.71994,71.83734,194.50139,260.64853,187.45212,160.43388,271.5262,128.04166,118.80765,163.33147,265.55658,212.824,304.60016,246.10081,412.44534,224.90292,198.27321,348.39163,186.92502,176.21408,50.89362,236.30214,338.35397,438.66263,361.31033,248.95946,308.3368,596.2465,6.032134,504.99356,441.53265,157.67075,46.76545,289.4217,368.17548,208.54364,120.44772,124.87011,81.13264,275.8575,361.3275,238.20538,94.55968,303.05423,531.8647,213.58046,373.02707,257.4894,28.550903,266.2656,137.06956,266.01892,345.6082,314.40878,299.25574,339.84537,283.2441,88.62248,143.97726,227.44133,475.60706,463.93845,289.93903,226.95279,300.92477,518.2358,1111.1311,373.16318,478.45468,345.8065,440.19766,507.92426,349.42224,309.18262,381.94025,199.80827,173.39473,374.28958,300.5093,333.90952,380.40536,291.174,490.45108,382.65866,422.22943,401.57748,169.2591,196.39891,143.36653,173.2032,274.09143,81.81563,159.95834,305.67358,331.07953,218.22878,155.72318,115.43122,392.55118,387.3135,181.01468,127.915405,227.4717,295.7285,270.50757,130.11775,263.284,342.0233,230.84708,208.40013,153.21571,275.72043,290.20773,104.433716,106.72222,71.614365,44.305466,310.21707,279.25177,212.95491,329.33408,273.60083,360.08002,70.99581,242.39693,93.71135,158.72527,207.93703,117.233,61.31727,142.51447,237.48799,278.49887,245.48364,163.50969,274.50546,372.0712,285.46396,612.8971,389.3666,757.1751,1014.7978,450.2621,528.32465,186.3565,182.75423,94.89099,228.00177,343.3842,278.19055,160.37883,299.76062,301.88538,340.62573,498.80316,421.16666,288.90103,302.52728,104.10206,137.7631,211.99303,137.80147,89.615944,229.83195,260.625,215.78642,47.361774,169.33775,88.66735,196.78766,160.26349,25.254015,327.40405,221.52916,70.35594,211.46251,357.3279,215.5559,102.18543,336.72485,335.71722,106.232895,350.34106,327.33008,231.02278,106.12702,203.63173,187.75122,120.1875,Desktop Computer,$Whiteboard$Printer$Phone$Shredder$Google Home$Desktop Computer
567582.5,244106.92,7577.8623,13044.765,6579.062,514.19366,3698.4963,1616.5632,3120.9016,747.64813,2049.1765,12043.409,61964.17,47353.074,3834.817,1184.8218,2802.3367,2585.1501,1895.2965,1527.338,381.13934,340.2833,1136.6995,464.01596,1632.9409,1960.8135,93.72865,281.06335,662.29297,547.1819,53.646126,1065.7456,1408.9476,1072.4531,74.533066,436.1502,1645.9421,4283.664,1804.8308,283.72504,332.9553,273.3946,391.32816,303.48044,61.37082,308.29755,237.56895,130.21852,226.58351,1131.2845,713.17596,452.40335,624.2721,622.0315,389.0116,404.67255,728.4003,852.84064,312.38873,441.36844,506.56958,905.79504,788.16583,234.68173,246.73483,237.96346,218.77913,238.05319,274.1131,74.03724,104.691826,61.562744,116.44888,201.68765,344.45847,294.8425,262.79346,192.82457,193.91388,208.49573,219.62961,209.42938,120.636505,258.45047,168.09068,224.4495,35.735443,90.33476,148.50017,339.8748,288.4429,136.95589,414.59866,687.2913,605.27045,464.69083,226.5253,50.404648,541.2256,715.8871,494.1192,197.67023,57.613785,163.70064,235.53859,272.13104,287.2038,192.35959,345.58743,240.84026,184.79266,88.78241,166.38332,591.2982,403.23938,105.721344,114.42505,220.41945,143.43425,299.0832,169.09203,64.73865,101.76632,185.95152,211.16737,30.958672,254.01224,451.96545,499.77982,137.80171,42.965317,63.070305,135.24852,730.7658,1243.1245,175.7855,696.4956,577.4015,532.71674,79.24578,110.28614,162.67813,293.43243,13.207148,147.79478,153.24995,180.4938,131.78003,253.09903,666.2953,988.57294,872.1061,181.69911,147.83615,266.05005,504.06213,466.93307,218.81044,297.48468,275.50107,308.7971,280.90298,305.0894,33.700394,221.75703,436.44995,453.9069,206.50269,253.21457,239.63809,282.51102,234.99448,145.98053,239.89717,209.85461,271.31995,313.50244,274.13776,127.87216,112.73532,128.65326,101.55352,136.21341,116.27119,154.24916,202.51414,359.31003,61.949184,402.52353,533.59314,448.75977,282.30307,373.4967,174.87392,257.109,106.28639,26.304321,120.9946,188.31912,172.97078,201.00822,152.72974,172.18224,162.2526,92.0501,374.697,1042.2698,1347.3339,392.24893,289.83286,39.541138,497.54916,627.78253,413.73175,192.88121,210.44643,210.37056,71.22985,82.33513,137.61696,141.43881,191.53699,266.15103,189.82825,124.70593,186.09178,110.82039,118.88119,148.81743,174.34163,97.06399,143.5645,297.4145,192.85118,133.87099,340.9011,314.74493,362.9352,135.30539,138.69804,84.848755,153.0511,115.51971,22.869661,76.154076,56.390358,243.75323,190.4406,349.88367,667.2153,247.75229,128.5413,108.6376,164.90732,157.98172,142.2452,147.65625,Desktop Computer,$Whiteboard$Printer$Phone$Shredder$Google Home$Desktop Computer
565074.9,239847.62,6810.957,8267.129,4526.482,3045.457,3744.1587,8245.489,8461.373,1517.4773,1791.5228,11991.515,61284.867,48369.37,5626.0044,818.33215,236.0459,1109.2682,1025.2587,1891.2119,1177.7129,1196.1777,714.96497,757.0161,731.5247,2232.3574,596.334,564.4902,545.6282,162.66277,293.66144,1078.0833,1117.3617,387.77347,252.24162,217.51126,1917.8513,4213.6606,2100.7202,622.979,159.4447,345.3283,88.03778,710.7589,363.3703,327.44333,212.47287,335.31342,269.98315,692.25854,592.8818,342.14282,154.19295,506.77075,1038.0953,890.2827,451.1573,270.06863,125.52732,176.95021,35.162163,539.6844,833.3906,294.12955,88.57935,67.34836,87.33799,100.6358,105.333954,156.85477,134.52908,41.200367,231.24303,190.56421,431.42572,305.36868,54.995903,14.576163,208.17061,63.406033,185.75018,174.199,76.359566,90.712746,159.13333,111.45281,106.27033,174.0665,165.8449,272.42477,284.45984,113.58972,305.3447,274.3884,152.93689,342.6234,318.1803,761.7968,930.6161,163.10419,314.60327,243.31862,130.52797,83.324486,147.84515,187.28125,309.36804,344.1544,319.9539,349.70938,208.09848,402.66266,350.37143,256.31683,339.40158,202.28447,215.93544,168.6643,275.78305,116.60844,48.70182,195.35449,93.42664,82.65591,353.3868,260.32367,52.45816,230.65424,389.96643,314.72696,291.21222,301.9513,228.62923,741.7185,1146.0295,165.60875,328.8665,43.27214,382.35858,234.40959,22.42654,126.199974,130.97572,167.3552,223.7436,245.81894,426.77304,457.12683,465.32867,374.41562,298.48526,782.92377,856.24,114.35852,469.65564,463.92877,327.41068,344.49435,213.08952,35.270145,217.4197,233.54611,368.5678,150.07045,157.1272,89.65259,26.155956,60.278267,457.962,69.31338,82.92359,148.72318,22.05844,152.0694,32.676888,78.15644,120.621056,136.20601,223.87236,105.25205,273.24753,333.24838,144.77682,63.934467,113.820305,89.053276,285.68082,187.85344,133.51889,74.59297,265.05707,148.93541,27.058756,74.115074,235.34085,308.1851,145.93079,83.27916,147.18109,212.95325,57.305542,132.1725,148.43802,241.04538,413.31323,669.7141,942.9402,44.62401,980.25903,579.9835,347.77542,154.31834,120.52608,503.0725,522.21985,447.12234,294.56598,70.82527,114.05712,143.3736,176.37338,206.04282,175.15356,198.42471,65.599174,218.9092,139.81995,127.77529,247.82185,249.54074,85.30853,164.48708,321.47833,271.66934,227.09201,272.7114,192.93385,71.254036,152.9315,4.5216,53.55189,166.84773,212.42986,192.65457,219.4177,187.1857,252.31163,206.71138,276.29117,642.13727,444.79855,236.79034,512.38617,382.68808,230.09387,284.14014,66.65625,Desktop Computer,$Whiteboard$Printer$Phone$Shredder$Google Home$Desktop Computer
570744.0,244559.48,10005.11,10599.831,5094.4863,5731.3237,3271.598,4221.2935,9962.409,8200.375,2472.356,13378.71,62170.492,46416.117,3974.7383,1812.7153,2629.498,2757.6357,1229.9961,1441.9906,288.8086,589.55664,562.92224,200.57112,2364.0261,2858.3113,1425.3418,74.118866,559.60565,495.09744,85.6374,181.48706,553.34906,583.2693,429.67416,386.0988,1773.853,4356.829,1642.081,436.62448,330.5679,356.15097,194.01988,51.528267,291.5093,365.54065,14.009593,154.74785,210.1551,643.5433,746.77734,324.7091,58.686356,179.42076,393.22693,1037.001,789.497,192.99953,222.11734,472.97372,416.012,268.87158,487.09918,322.43283,175.1785,241.5405,187.54942,88.02961,208.53242,116.78045,41.715137,82.72843,145.20517,325.71167,794.9823,494.26697,210.56157,211.65405,218.8399,169.61401,194.49344,84.487305,106.40164,125.268394,197.13686,387.2876,227.15858,278.3262,230.53337,109.06478,104.51579,296.67868,392.60306,300.79703,402.28198,587.887,394.36655,335.94992,422.71402,330.62476,157.62114,149.30005,229.70993,111.137924,213.57463,364.64798,237.13734,128.54941,268.68292,278.86484,191.16803,178.07227,247.43954,340.176,321.7784,140.47537,83.41508,224.83133,208.13235,69.23673,103.67767,213.14621,320.66476,206.30463,220.312,208.85753,92.85981,83.37072,250.84995,99.47473,296.16724,534.06964,590.3577,826.8962,1144.4664,232.0292,676.9928,595.5999,535.76514,317.03253,228.74457,90.89728,106.399574,231.18028,359.80807,269.9295,144.35608,177.4254,203.00691,184.19095,403.14325,817.605,292.20822,425.44342,126.812454,247.61873,257.68225,215.04213,184.19708,13.18291,23.765516,141.66719,216.1256,258.5805,142.59752,53.556007,284.9765,329.02512,242.91476,498.24573,382.77777,335.81912,243.17657,120.20252,79.4134,43.396637,192.56706,109.84621,200.9173,165.506,137.69646,260.26434,124.28871,150.0847,178.23428,191.36911,143.66634,161.47818,142.16557,324.0826,434.4705,373.1391,176.37477,137.36974,94.2286,198.91689,304.90805,161.78096,403.99802,510.37433,421.5263,325.06885,194.95245,239.797,482.33707,432.93826,917.4909,651.1534,545.6146,406.0933,391.89703,762.0781,618.8748,92.937004,147.08316,227.40868,260.14417,113.23801,112.15885,252.64009,253.0702,62.9961,115.32022,254.662,305.2911,187.31909,189.464,187.40924,121.642876,118.73928,209.32742,190.86484,141.8278,80.724335,168.68295,78.86059,202.4064,178.54428,98.705475,207.17441,90.2407,162.62971,178.81502,361.3481,317.71133,291.2935,321.88022,159.07939,118.76572,138.34114,484.07632,488.67072,189.81006,187.6931,22.98034,175.3615,325.71875,Desktop Computer,$Whiteboard$Printer$Phone$Shredder$Google Home$Desktop Computer
564598.44,237513.8,7460.7026,9998.577,3800.0662,3665.3755,2218.3499,1716.8352,4499.5054,339.86066,3979.066,13162.0,62378.99,49807.156,5361.264,722.7494,1054.52,2269.5845,1104.6445,2108.1135,1023.98773,1467.0707,300.65942,796.06287,1612.6912,2297.6829,1084.7485,756.27814,511.1704,267.65793,715.58887,998.2054,532.7322,100.68467,558.84344,313.10413,1307.8534,4050.6138,1352.3099,156.73062,148.6145,328.75403,461.0079,272.22394,378.17133,175.45241,429.44843,191.25632,419.01733,898.48145,768.0356,221.56105,254.73029,467.0347,638.371,685.7481,777.7318,201.2685,459.06888,646.62836,320.471,510.93982,455.5567,320.16098,139.69899,112.139694,58.883053,378.46555,484.69556,433.81967,206.45024,46.29806,74.849365,293.83292,498.6906,405.12527,44.587177,136.83592,304.01126,442.6753,72.16982,185.20497,200.9333,309.92694,359.4818,624.7712,482.79333,408.81778,67.52809,187.23961,75.47828,234.52501,147.82796,223.21086,256.45865,313.1006,641.4255,539.15765,466.4672,640.39056,175.49617,128.69963,279.67456,320.17545,217.78603,199.52016,214.691,267.1261,236.72406,391.80185,373.83197,193.08833,213.47438,102.2431,260.59134,316.92715,358.28857,27.162495,199.43123,268.12717,327.46774,241.21844,108.06837,223.51018,146.65187,138.05316,178.79044,22.29155,79.558525,85.253456,321.79486,399.43124,645.4673,655.8507,934.3563,290.0085,582.6676,338.28394,139.97522,17.6002,152.87083,36.788074,193.195,176.42612,190.68219,95.64476,132.93005,234.8255,237.32637,243.90434,275.86548,568.4564,883.61444,492.57578,171.22615,139.73096,79.2863,214.28305,91.64082,153.28212,198.57823,146.88992,122.04308,44.876926,87.68281,270.90628,251.68614,153.16411,299.9351,44.971664,146.41296,356.03467,262.2923,305.84415,419.81784,225.04642,98.72988,197.10005,60.439526,186.74847,327.72665,146.31474,34.01229,57.439133,91.97449,202.64032,339.81433,200.70355,208.00143,64.501465,276.19144,274.44226,342.88626,450.11172,287.76962,31.091465,175.6775,379.5938,357.89398,338.1361,347.10724,12.659951,173.15622,132.73225,506.43307,650.5852,778.20917,318.19748,691.894,608.644,651.0725,352.27365,466.91583,450.4549,231.71332,304.58224,269.66394,263.4446,185.80621,151.88678,176.09077,366.87238,177.18466,30.50746,95.366104,277.1538,32.18504,230.43083,124.055374,167.09222,95.25534,179.86374,188.16963,339.6029,279.5354,175.62401,102.3865,199.04475,251.56255,339.1695,73.669556,124.93867,286.5183,393.05298,402.5802,401.36945,188.41571,220.13779,401.21783,320.21735,254.00328,472.5447,319.39435,130.59464,68.64076,246.80475,280.6875,Desktop Computer,$Whiteboard$Printer$Phone$Shredder$Google Home$Desktop Computer
568937.75,244978.14,4996.012,12691.761,10113.0625,5728.0913,2328.3916,370.68643,1836.8909,3596.2637,2557.6252,13588.911,61732.48,46495.203,2865.4956,1361.792,2364.143,824.90643,936.1897,2192.7834,549.96295,119.92346,1504.851,612.6955,2849.783,2885.1062,1229.1395,679.5475,113.44316,714.8162,549.16174,528.3288,756.10187,691.4406,182.39871,678.2293,1597.3523,3930.579,2131.0508,269.0888,180.253,564.57074,126.31272,51.45023,79.10355,183.46939,325.8854,282.97574,592.9161,996.6666,560.46515,509.90363,167.25458,709.2218,435.47318,874.7761,830.32996,607.19073,317.838,517.9543,615.3874,1033.501,885.42816,391.40274,307.6426,417.16992,342.6164,116.466774,234.80835,384.4442,591.209,138.46103,131.03096,253.47652,331.9514,350.9116,189.03242,280.41022,135.0943,3.8852594,170.65463,117.91511,136.34566,205.77402,227.14227,181.39151,137.64981,155.32353,137.67699,245.06026,159.68228,271.23148,323.21124,698.597,699.3727,579.3062,386.6302,248.63268,646.16425,327.5275,91.74214,618.6464,234.10313,108.80599,151.17006,137.33948,116.347496,195.74434,366.96835,148.37357,166.68367,182.0417,174.83621,93.7729,92.22925,254.87202,180.08911,359.8884,322.62793,334.9798,253.5869,235.61838,89.36027,183.84183,399.8612,309.91046,376.5475,429.13486,293.41055,223.99373,493.72415,396.40585,560.1715,558.13226,874.85956,138.4634,555.1249,324.66403,179.04515,132.91841,87.81151,105.582085,148.91444,243.6962,228.92224,219.72794,230.89606,427.11063,288.80746,384.76202,448.74017,640.6407,87.632164,463.191,145.22076,433.87878,364.30038,469.8203,262.19247,323.98676,221.27303,226.93114,298.64532,47.571426,109.85514,253.23555,228.65721,280.9376,82.112816,201.01447,254.33588,105.73783,318.58762,317.4185,95.952614,152.8398,33.688236,109.69087,40.004555,249.73007,337.9873,353.03238,171.13077,230.5413,241.9687,59.269733,14.105147,196.23055,42.19519,205.44312,172.92252,302.17737,169.75122,272.66113,104.3558,27.488575,128.40181,70.88185,150.81596,29.503323,209.70647,275.54858,169.92546,143.65384,104.07199,299.2377,782.2637,114.2324,808.72565,701.0497,406.0517,381.43677,238.82616,203.01892,265.4049,387.61447,431.8239,365.68582,238.40294,214.88481,437.27643,536.2048,296.0657,164.39307,116.34411,143.95474,238.8059,152.50452,317.6239,369.61734,288.7577,81.17822,88.74195,76.99062,101.411514,160.02892,214.79773,214.07123,354.39566,156.05421,364.32013,306.64276,245.13148,323.28903,404.6152,163.09732,198.28635,341.82083,305.7284,154.51149,580.1881,394.05997,330.3509,18.328907,273.28296,277.42535,312.5,Desktop Computer,$Whiteboard$Printer$Phone$Shredder$Google Home$Desktop Computer
566925.1,243617.4,6601.419,5026.4707,3377.1895,701.56573,1631.2982,4880.4126,4618.0977,2762.8591,1369.6101,10884.981,61109.25,48923.09,5856.272,1886.112,1805.3756,1272.4504,789.3329,411.73346,367.57764,1127.7615,213.99765,530.6999,2217.8582,2781.3557,258.22577,576.01514,502.64792,936.487,654.2456,622.49634,1128.1232,872.5817,496.44794,268.89966,1620.9302,4244.935,2121.0996,456.14804,184.84723,156.19841,404.85898,216.29178,420.92984,471.2118,42.450592,98.83271,92.31973,623.9454,730.39764,624.14124,147.43213,566.8347,659.54626,775.47516,41.464462,549.53296,374.37735,376.7016,146.43668,519.43787,739.19214,62.846943,221.76128,299.49234,167.25177,179.64902,82.01562,128.76515,250.27942,335.55902,244.57303,274.02692,456.9361,244.25446,535.95917,473.6332,298.82776,213.715,192.81303,57.49458,164.0422,291.4207,275.08115,158.00026,142.07182,73.09012,130.01093,78.33729,227.21213,224.59253,131.35701,124.68082,211.27591,113.65729,441.24338,857.4966,337.17197,64.19066,126.16471,306.4949,64.41602,159.01569,186.96161,188.203,162.85214,41.928738,242.78491,232.09265,344.60794,368.6301,92.623276,133.66121,269.5649,240.57632,40.96682,94.36282,138.49174,172.73763,246.55394,387.0132,374.66638,214.85133,126.82174,140.25249,62.91863,126.110886,164.87218,96.04599,299.3528,418.34467,477.9875,707.5284,1081.8575,166.44078,540.9735,318.9371,321.89096,237.1351,280.54697,464.85397,453.68384,196.5941,41.5082,236.04291,210.88425,248.79416,425.84015,600.9983,640.8283,229.72362,546.5455,522.0619,525.84064,411.23688,277.41052,228.27252,295.52704,195.17607,197.59076,251.07553,211.32301,115.330475,195.38295,286.6734,194.04855,162.25493,288.3339,323.12433,306.02222,296.8447,210.63193,53.760597,73.042564,135.89714,200.14247,184.38805,264.14258,277.85373,230.7074,247.03246,123.95268,204.23808,201.54419,94.53167,91.64978,150.67184,313.35983,211.01659,55.105385,187.79459,94.65844,157.91249,249.67883,118.06675,181.99794,228.70845,185.07954,204.60994,200.29857,104.81593,178.8807,282.99005,520.2414,662.99927,93.58552,798.6617,1090.6235,200.34784,260.80045,394.1619,241.81831,289.6826,196.78719,214.4653,149.8526,211.07236,457.1637,357.4286,259.7949,275.10977,266.4951,203.56372,158.36322,192.10359,276.18124,155.79321,306.36716,341.3625,249.85834,110.18088,171.14465,229.13544,148.19112,210.91608,292.416,389.42325,363.8229,280.4446,96.00796,139.88739,209.95935,69.15911,72.971664,268.5116,256.38428,203.28383,86.67724,435.14743,398.01962,528.6121,292.20685,97.16594,207.81158,194.28754,133.25,Desktop Computer,$Whiteboard$Printer$Phone$Shredder$Google Home$Desktop Computer
567273.1,243962.75,13142.116,15950.518,4621.4287,1289.247,2914.804,2011.309,3854.984,1671.8278,1636.6779,13947.276,63292.594,48227.86,4101.3926,1193.7952,514.6709,324.2311,920.3824,64.83684,34.774033,396.7484,850.316,770.9833,1684.1323,2664.4092,308.06924,351.64508,1131.9757,985.79846,208.9881,284.80463,378.24243,649.32227,468.07236,173.88583,1567.4982,4157.7437,1506.7596,148.02116,567.45044,139.9278,357.27463,234.66373,219.30783,280.5945,222.22237,249.03284,126.30596,553.96906,535.3138,195.94836,409.90878,446.78314,459.57315,733.47534,395.05307,205.53406,376.3978,448.57883,382.8786,426.59717,683.6953,368.85416,346.63495,249.48587,175.43085,139.43372,197.92859,110.594666,263.73892,127.934204,244.94585,75.401764,707.80835,332.3735,59.978733,108.58487,101.929344,187.57542,205.32988,293.8542,105.84076,272.71295,412.7255,230.62433,217.60803,286.1199,96.07049,181.10843,183.5438,228.60162,50.559082,90.51068,414.3688,673.04083,788.21826,9.761539,285.85315,90.84044,137.10402,260.09653,528.7848,497.7586,357.48032,199.56793,222.30376,394.9952,174.90231,310.97162,419.715,427.0668,77.25413,529.48474,466.09412,258.09378,459.5681,344.8019,288.27548,250.46565,296.8212,405.9547,417.11996,85.78818,128.67967,283.4209,159.79654,159.34308,256.6157,435.54523,356.6789,242.44025,216.84784,598.7413,1201.9552,510.69028,534.13806,416.47104,375.43683,158.3412,87.11439,306.6664,186.62398,86.76156,101.94395,171.2241,129.22215,196.59097,294.12836,657.61005,828.4306,561.85425,584.5272,657.414,452.1935,432.86768,209.07224,208.40492,143.76181,147.10881,192.65132,112.361916,193.16086,258.2828,216.66513,147.33981,180.5965,169.5263,125.417,191.85228,187.62154,146.38412,196.96854,379.40637,250.08452,86.363976,28.783207,71.09164,14.633863,94.753654,71.37564,115.320404,179.69171,289.34433,270.19357,214.37843,335.46243,118.85502,179.48593,95.43405,300.7947,198.13574,141.11588,390.58118,516.93085,439.07156,117.633804,107.48453,59.94795,157.52818,172.53497,131.14285,199.66861,237.98604,323.0728,677.52545,435.5887,523.4521,656.6069,1088.702,323.73703,221.87778,167.37814,344.25302,156.482,88.78808,154.88353,190.06831,300.48593,356.387,318.024,274.3831,172.14865,143.60028,79.93166,193.13428,113.69639,177.43466,122.35862,211.39873,199.99564,131.72545,458.84314,455.6828,233.35384,146.44875,88.41809,121.244385,118.90729,112.04935,168.79176,210.8439,86.607925,24.2576,147.0342,85.91402,214.60063,246.06119,355.35428,252.86702,324.90018,334.9937,321.67386,140.44986,205.91844,232.38652,68.78125,Desktop Computer,$Whiteboard$Printer$Phone$Shredder$Google Home$Desktop Computer
568137.0,243118.19,8472.471,13746.465,3543.6682,3022.0435,4539.702,3922.2097,4035.214,1545.073,1620.1194,13726.379,63075.637,50103.836,5552.837,965.6647,869.4248,663.96454,862.2625,1080.5575,1514.8845,2100.147,749.3912,1560.9755,2500.0999,3415.1504,935.97675,249.822,372.69467,302.18497,443.60065,438.23013,1031.9686,1361.8766,559.7941,492.83536,1670.5483,4198.075,2427.1277,302.4961,753.7075,351.27878,241.39452,202.41852,416.42172,185.71472,184.53078,137.09209,234.16823,468.75406,705.405,464.52002,419.6523,297.02362,888.8662,806.6821,258.2843,483.97107,231.0153,399.1344,277.6014,828.6683,639.0343,428.43832,283.80307,356.4931,121.073685,243.01222,39.483425,237.54988,111.18588,349.3599,347.34772,162.72183,364.88193,139.73354,174.35764,148.4931,166.66965,149.71794,318.41965,88.41057,214.49422,186.29768,134.27554,129.33926,196.30522,96.83693,34.13745,45.05793,174.97813,87.49661,376.2669,288.02927,249.27737,381.62936,433.3453,482.5813,439.09552,225.84033,107.814926,142.44101,281.8026,551.0179,261.40698,169.63957,241.59366,158.77863,289.5845,162.14777,146.45584,182.85544,366.73108,382.28204,132.00961,274.66315,142.50441,312.2851,86.28917,68.80154,107.98879,274.91006,55.42096,54.636158,165.85591,231.77124,192.57698,443.18277,369.09753,554.8187,467.77615,329.94952,410.85565,782.6153,1049.5806,157.45459,526.8104,282.9278,178.17813,67.71764,141.72157,76.41131,42.583496,68.17483,134.07982,87.76861,210.74156,163.69887,395.27887,634.1259,535.3526,386.73782,700.3136,666.24023,228.81583,229.41956,416.52985,432.12,337.02213,185.12308,242.19972,284.4714,283.95267,178.73018,328.00146,285.06146,193.33508,80.266014,181.73718,148.21852,140.66539,131.92918,119.7285,94.02282,219.90347,77.99637,104.46894,191.42043,113.87038,185.08545,114.66819,51.78043,116.649506,243.11678,312.33466,86.92952,452.61987,251.05402,111.74499,240.9803,244.13432,100.43953,153.61107,139.75694,90.5331,101.86783,229.82393,60.50401,192.79121,261.398,241.03984,278.3102,223.69496,294.41602,277.52158,579.1372,459.31406,911.56244,811.5054,770.9225,371.87363,286.62955,446.75095,509.19843,255.4181,146.01993,222.94034,285.66916,278.65234,51.516453,217.37967,211.03838,225.11967,319.14423,180.52162,99.599434,207.07198,111.61158,162.82478,419.1496,303.62622,303.2415,40.50885,121.32718,70.32688,68.84075,187.45984,331.44656,290.93268,322.9436,220.14136,204.67622,85.35618,84.44071,232.21577,202.8103,180.99947,66.79299,332.03192,256.58554,572.2637,413.50476,303.3566,231.32507,141.27753,129.56343,119.53125,Desktop Computer,$Whiteboard$Printer$Phone$Shredder$Google Home$Desktop Computer
568554.94,243798.81,11503.138,16386.096,6104.1265,4985.25,599.56976,1936.8606,3546.6196,3055.3062,1701.637,13870.61,63073.86,45784.465,3740.0198,1385.4515,799.66846,1464.8748,681.89166,736.53906,1432.5714,1137.2216,605.55896,669.4633,1521.013,2003.9142,425.11823,1060.1284,582.6339,686.11676,284.71902,685.4826,131.46422,1000.9214,569.3432,104.667114,2134.3525,4556.4736,1737.0667,91.20672,406.5179,230.60255,26.437685,487.53104,677.07086,246.10054,178.28584,462.50848,251.33138,315.1659,853.89404,904.6575,58.01707,484.6324,962.16003,398.39755,701.584,413.62073,257.09793,93.68224,166.36435,506.3866,823.35706,292.14633,84.44546,353.47604,138.00555,122.57803,118.41517,73.43872,212.30792,155.42635,122.38787,141.40544,427.83026,203.34462,142.85648,292.39767,242.07008,356.38727,323.2753,227.01724,260.07864,108.85282,66.53693,224.67445,284.03375,58.226254,131.08794,168.92172,199.56075,141.98285,251.56229,72.14205,274.8603,217.92342,117.62091,461.2997,774.33514,442.84348,258.9399,167.13722,196.58292,263.23688,564.7691,335.3288,212.11165,341.05148,320.5856,130.86517,254.31067,103.86449,246.25739,171.36174,220.69815,199.30766,196.96143,70.29142,185.73811,28.585299,116.97648,153.14925,231.97643,342.79996,154.98888,118.79975,176.88713,84.63549,3.5730457,183.25523,369.30252,231.01817,163.88582,621.7312,915.04333,296.89896,439.9288,166.61005,321.92978,443.91382,271.59146,320.69882,420.3292,293.3,228.11601,286.13834,412.63785,349.2726,308.47458,282.2914,315.30728,637.0542,881.30304,233.84866,334.71414,160.63889,61.7355,379.17014,463.40652,268.54236,242.10489,309.7596,160.38115,179.8077,501.1905,275.89658,278.00247,191.57158,140.21146,121.187386,99.88154,122.710594,173.90576,59.858517,139.73563,207.03734,147.56854,21.142096,147.64598,139.42516,135.98642,66.13893,105.4236,32.783924,216.80673,107.27633,319.49054,393.67163,269.15924,192.44954,272.34113,6.8864765,382.0474,290.16052,193.04527,197.64278,245.80283,70.05048,89.6584,112.478935,107.97113,278.3444,185.86922,121.00715,290.15228,467.80597,903.54376,122.652374,998.3604,646.4982,258.93634,39.822388,148.7115,97.3279,313.9607,85.225494,127.979935,304.62903,314.5907,122.62233,220.8652,115.82454,86.904594,119.972755,154.70746,259.83997,236.08755,168.26941,115.13614,120.01094,179.4067,97.906296,215.55753,86.589485,135.79097,208.08096,294.03455,155.8703,355.77017,185.71416,24.528294,89.31345,163.05357,232.58644,200.84958,256.8345,363.27814,74.60715,223.84717,337.25058,639.5233,303.7705,277.08163,227.54932,68.67119,157.47366,209.0625,Desktop Computer,$Whiteboard$Printer$Phone$Shredder$Google Home$Desktop Computer
565416.06,239399.12,7318.522,10793.919,3413.0515,8246.59,8815.395,3295.7754,4534.5664,2793.598,2590.7456,10853.403,61857.188,50524.09,6061.606,1347.973,926.12354,2370.588,1808.7189,1868.9381,800.9908,1650.3774,662.7049,1247.7959,1535.6982,1810.7188,639.64984,738.1598,374.62314,578.6163,455.72208,806.7189,1736.2181,1432.6827,771.10474,160.50064,1106.2186,4246.1465,1955.7361,589.6289,265.40158,243.20572,197.60019,113.06512,216.32817,416.2734,346.83066,152.68791,470.95456,799.2619,807.8385,585.09015,196.411,165.08737,856.96533,971.6951,252.60928,689.4338,301.87613,161.67235,10.873259,610.19275,676.4546,432.0954,54.915714,44.560474,462.5247,612.0044,372.23596,182.18741,391.8187,327.95654,267.43472,347.7187,510.10538,463.04056,78.347664,99.38405,106.226234,145.67801,241.59734,206.33388,146.966,152.40326,273.91772,172.14465,118.476265,219.77286,145.34355,74.37421,271.45084,378.19507,280.96445,314.39264,445.4898,233.41254,522.032,959.8911,671.33215,186.74115,222.93427,277.3413,296.56708,498.5845,83.42355,138.5987,241.19637,387.1913,129.49147,184.0155,206.00189,278.78638,618.96405,341.29532,361.62418,167.56453,189.8753,316.0661,181.69022,258.39102,109.61074,93.0087,132.3544,193.26576,78.15351,223.33337,333.79044,344.55142,351.4721,216.96362,313.40518,279.93216,201.91962,387.32825,1325.7073,811.6559,188.40335,322.8666,196.10132,298.3658,75.08153,187.24101,395.35233,182.58295,167.6398,127.05508,132.73767,79.19788,312.72418,246.37823,156.88348,622.7956,501.98663,232.57692,394.81335,254.48,27.026285,254.61597,182.474,119.83065,313.39218,169.10452,117.500374,290.73383,123.65295,35.41311,544.60815,598.605,95.47291,104.21989,78.41879,204.58492,345.5254,298.77573,401.5091,210.8177,162.07236,136.4816,197.1312,77.234375,92.75998,223.8748,118.034706,161.61438,52.808727,78.50389,286.75027,110.9676,124.66065,455.0568,576.9887,236.5177,259.0874,279.92548,605.51495,494.1314,164.93858,176.34322,493.59448,269.74557,303.57117,180.61151,163.60522,238.70161,518.8665,413.3121,883.65393,344.68655,688.4514,652.37775,484.0894,241.77321,147.46054,110.02349,230.81978,154.81757,196.86902,186.68793,330.31543,180.64682,284.5646,273.65894,235.2636,240.19241,103.69839,150.63095,282.6577,297.73294,291.4208,224.43295,187.54237,212.95981,263.80945,139.48866,170.81375,136.76477,133.19907,260.18683,229.18495,64.457504,121.821785,63.497223,85.905624,173.1483,218.07266,42.47361,319.5199,406.0373,477.65897,538.4615,113.94789,303.13995,223.79123,165.11102,171.85146,71.99816,84.5625,Desktop Computer,$Whiteboard$Printer$Phone$Shredder$Google Home$Desktop Computer
566885.75,238362.06,13968.873,10316.855,2836.3738,7334.9917,4494.6255,3591.7092,4620.4595,2239.363,2245.354,12279.549,64212.277,48698.72,3342.119,711.6042,1518.6729,1599.8043,525.1814,1773.5236,1273.2266,1421.5228,529.2834,76.99668,1515.3076,1513.8038,736.1812,556.4631,575.44257,647.80475,166.51949,82.71234,929.9278,233.96971,694.38684,208.62294,2188.6902,4175.523,2119.5715,470.05478,567.12146,255.06685,174.76746,282.1158,153.15045,439.651,239.03638,246.16458,546.8828,804.8406,911.55457,273.13324,409.77206,657.10675,773.7281,698.7575,566.57947,580.8248,259.47177,75.897995,437.59973,532.1233,482.15173,318.33282,331.60706,227.01938,146.02527,288.09033,327.62076,222.69702,193.7144,181.26172,115.86416,211.43625,385.1189,376.4698,85.89097,77.50098,456.19278,502.56778,320.0256,416.1732,124.88752,166.43214,45.85275,105.86108,327.44244,235.55655,255.36867,189.75403,542.5089,111.689644,257.92828,383.95505,279.84943,259.9853,276.87195,266.1768,200.39677,88.430565,380.50494,266.06256,250.40234,134.25964,142.16315,144.17575,84.40368,208.58015,221.05086,175.26346,315.34366,528.25543,205.45415,243.33925,313.91937,327.2425,122.2912,134.12657,330.46262,307.77573,228.7946,193.20702,282.66364,172.73676,312.10757,222.718,220.10817,228.53314,99.29882,234.14113,444.71344,236.21645,422.98087,933.4281,1355.4349,275.76868,333.4727,155.19943,454.76212,384.80292,140.17053,282.0909,236.4112,242.89944,122.625595,102.878456,198.78609,193.86412,177.79208,84.31521,527.1681,529.94836,224.94868,472.2502,621.5712,570.51984,49.995586,256.91205,355.6977,204.44989,48.04287,293.29935,68.62121,415.9265,509.6452,61.64175,213.18298,547.2974,395.44318,215.44144,119.56921,315.70163,293.49786,173.82451,129.94774,228.46933,201.2144,171.83441,287.80106,163.05502,41.3879,136.97295,28.99534,150.57332,296.8453,363.1847,277.0568,202.8773,175.70663,404.93982,314.7188,501.07263,426.52725,314.29663,343.62686,88.06369,308.60126,449.12653,412.54944,195.96532,59.072426,69.29944,164.5844,271.21194,305.55737,578.7853,86.55137,880.5163,637.19617,244.5964,102.56004,225.64374,293.07092,207.02501,180.08197,441.03018,248.21754,123.803375,139.2637,329.46674,259.28955,80.30618,81.539314,117.37843,48.718113,79.370674,168.18983,258.25336,336.6854,202.26665,230.89519,81.54389,126.331055,379.28516,248.93678,248.61049,139.53113,249.28459,184.09341,74.75488,104.97489,266.36337,248.03656,558.3978,459.98834,219.7268,186.59557,46.521076,199.0242,219.68604,473.80762,294.39273,175.39514,120.123085,192.86565,251.64812,12.21875,Desktop Computer,$Whiteboard$Printer$Phone$Shredder$Google Home$Desktop Computer
567545.56,243326.03,4920.9307,6041.6626,1753.2444,1701.0176,5005.1885,3598.558,2146.528,2216.7673,2138.8572,10769.788,58368.273,45991.754,4271.271,2663.3547,1404.5013,631.5689,2340.0488,2153.738,2109.418,647.6066,890.5141,550.7694,1258.3099,2226.1235,1432.7749,893.60175,504.0095,1167.6885,1672.5159,1148.4086,1715.0243,1224.4642,503.55002,236.02647,1884.4285,4556.8564,2187.0918,971.529,549.8445,100.616806,797.3551,883.19055,903.7376,813.7422,572.2206,48.10517,346.1411,1059.5757,854.8929,577.15625,712.6887,906.2734,307.9487,767.3716,648.0733,571.7714,406.45782,380.37,197.27576,410.84882,440.82562,607.8455,681.7495,395.54413,208.49721,95.95624,177.97897,387.2151,389.17902,440.97607,483.11456,183.85487,647.135,388.43716,240.04414,317.54605,460.44492,205.31616,155.07364,201.2104,43.446377,138.86378,164.41792,202.011,138.30933,501.7708,343.1884,288.75745,222.31268,419.8447,342.4369,332.651,78.612915,93.64279,468.61954,593.9992,694.415,550.81714,362.8216,708.09546,571.44464,307.85022,86.54543,206.25081,441.74136,277.9661,147.43306,239.87099,358.81924,88.87292,175.89922,138.32513,157.61923,224.53293,171.39822,316.92236,405.40982,285.23337,391.0027,217.16408,159.77286,88.75685,118.81375,274.56378,260.38867,122.08663,108.54309,196.47525,196.10959,287.39728,374.73846,948.37665,1298.727,287.32724,491.59637,192.68619,161.72435,261.0072,362.55585,330.14517,197.23285,117.37603,72.90136,121.89342,199.15605,139.00772,45.7539,246.16927,234.40887,370.38376,574.5348,207.23543,487.2815,125.2546,222.18074,218.68329,279.80508,280.12256,290.82098,210.62581,46.411594,23.649395,73.44849,290.63065,92.016655,104.137146,298.7179,318.11838,174.9589,69.03725,156.53462,211.69008,106.01436,263.62195,232.34294,149.71814,200.32747,22.79197,189.18947,255.41743,244.28781,158.10979,258.7967,250.91704,194.01472,218.73119,231.81992,312.8761,132.09381,147.07115,256.16263,72.30682,215.20216,338.08112,251.36021,99.60024,144.01599,110.644646,275.14954,307.31,160.11452,91.32156,201.14365,92.74487,916.90356,1108.3068,391.72595,308.09836,272.2834,338.00623,122.82202,147.4115,159.3375,80.51893,67.83302,28.396963,85.93197,86.40874,92.06804,74.54697,148.62726,100.25962,78.19648,117.497215,51.744022,117.4901,43.159306,138.99165,173.44159,104.63312,133.54039,115.46156,226.33127,171.10016,94.78029,143.39581,221.52415,267.22742,177.44759,229.41904,299.54358,185.6926,349.067,462.6974,433.9439,340.5459,224.5315,112.01046,403.0918,436.9387,610.9964,413.9993,100.42621,447.2213,827.5625,Desktop Computer,$Whiteboard$Printer$Phone$Shredder$Google Home$Desktop Computer
569558.94,243634.16,2922.7532,7949.429,3998.3115,2540.0483,3854.489,4754.281,7111.1685,4182.9966,2717.881,14226.213,61274.39,50446.504,6785.59,2912.9102,2749.4531,1661.9066,1771.2607,4135.795,5376.1274,6856.5737,3622.4756,2214.672,3866.525,3589.0918,2162.5925,1220.2542,1562.3398,1614.9698,1485.7024,2388.461,3593.8977,2659.1296,2561.603,2192.559,1107.9163,3519.2554,1864.3606,472.96774,628.3131,243.35315,914.9139,357.71762,888.33435,1063.6943,1212.2615,1048.9297,1307.6256,1472.9097,873.1779,709.465,125.25121,429.74594,535.84924,834.8787,866.5579,924.7435,220.97833,412.23193,564.5087,337.46475,728.5695,182.12567,293.64725,294.37802,480.4634,603.82336,322.57117,388.96817,237.18909,373.73517,9.465224,249.43822,506.64444,246.48022,107.88089,484.4207,347.99072,452.27676,188.41734,251.53326,212.63452,166.04852,39.40137,95.15115,362.05685,483.53546,303.86783,104.96499,197.42607,87.67269,196.59085,53.843735,414.7749,831.55304,706.1375,150.61537,150.11539,809.38995,478.56705,39.506725,103.21364,301.5676,443.51163,368.68484,34.30128,334.86368,380.29437,625.53314,373.9749,275.89856,123.70327,210.8119,438.0388,325.16483,218.80925,218.88078,249.25005,308.30417,30.966597,86.55762,112.16129,61.638218,211.30574,354.99353,147.14076,235.26434,321.10422,175.15025,223.54134,102.40876,211.96031,447.86755,1052.6703,71.62894,671.4697,563.6721,329.61526,256.46326,278.30023,159.58289,65.482025,310.864,208.12729,436.14047,303.5724,201.8813,334.1456,487.1846,340.2056,410.68762,469.3258,840.3118,475.49478,242.23837,203.08348,321.2776,255.80965,308.99847,386.68948,221.16354,284.67612,239.18542,221.27213,193.60197,419.91302,535.60767,468.93274,318.93912,188.31812,211.44783,134.81342,97.31908,181.81258,212.08511,158.85916,57.950172,124.595955,179.91968,248.89452,227.75105,82.76267,87.44232,157.43803,224.24475,138.59978,182.65886,198.94203,101.94914,218.05699,261.64267,355.1429,507.6538,64.812065,210.71745,19.76001,71.54395,196.83185,124.38751,311.1483,400.23965,704.58575,918.6616,414.0431,413.10754,789.7347,515.3475,634.4602,695.01605,452.13907,559.08575,379.67557,478.4133,557.2665,400.3415,408.8909,348.84338,301.49023,377.10388,419.44662,312.47314,299.69843,290.38303,144.04175,132.99559,134.44823,322.6672,214.10796,163.61632,232.98946,361.40347,205.0562,257.04852,491.86694,335.50146,298.3829,321.67758,188.08025,195.4251,451.37912,401.40033,178.13,277.7,100.2952,157.32002,295.48853,66.27644,309.3523,141.21584,250.4263,145.12552,285.60794,169.22949,400.99536,401.87546,875.1875,Desktop Computer,$Whiteboard$Printer$Phone$Shredder$Google Home$Desktop Computer
568843.56,242491.92,3374.6802,3854.0713,13586.579,11272.799,1296.4056,9992.288,14014.2705,4721.7056,4507.3506,18654.322,68063.69,49439.406,4361.471,6625.951,5649.048,1581.9497,1829.2651,2993.9802,3579.8477,652.62134,2856.9512,973.39685,858.012,1604.7913,1931.2849,1545.9644,348.90256,1171.9624,173.36978,2919.9062,3125.1523,74.625244,1992.5188,2286.7966,2925.6711,4781.3354,1437.8898,1867.5304,1767.1552,394.53516,722.9224,1019.45905,407.12436,284.46985,271.34067,329.1354,665.0728,307.71997,906.7882,779.39044,525.1316,1281.3713,1342.2969,937.3012,483.1006,442.89258,1145.2008,459.48352,336.48364,42.64805,689.84174,555.73004,236.22917,240.75307,697.9435,496.72202,201.72984,271.33932,183.394,191.91965,199.62277,207.28825,161.78447,15.497851,304.4771,319.10522,417.934,215.08171,334.81528,341.09238,277.9514,47.981007,348.27408,375.35107,157.71,579.84625,272.64944,245.23016,435.4493,344.20886,266.13663,146.31786,292.8515,471.50156,462.95248,456.84528,738.6459,464.2853,263.3889,179.19809,111.98256,227.54745,398.36426,208.9004,58.263527,327.61694,135.8597,226.87799,175.62129,243.91605,399.2263,142.58943,109.517624,307.85864,32.876633,55.977028,202.42717,405.00266,193.76137,83.91688,220.56728,244.44273,401.2936,334.9256,212.93161,372.81445,301.9012,220.32915,224.23515,384.0982,624.1578,1009.4725,1071.3611,345.58783,770.13385,325.35254,83.12992,113.21792,113.55153,347.4072,80.190796,343.6085,472.99582,545.4146,364.0381,386.26532,434.83102,136.14949,252.10898,453.1499,758.6073,682.05994,320.84442,285.9427,504.72107,419.37897,203.36604,72.859566,198.18214,428.67245,263.13864,201.45233,292.69995,367.09796,346.92456,330.3926,433.30304,179.59235,261.95718,251.68475,177.34373,183.60248,47.774124,68.60873,125.76552,211.0656,264.8858,311.69995,244.40622,185.58656,203.79965,109.81937,212.52065,237.77682,327.9274,337.3012,75.0782,255.42409,215.08418,199.1125,243.14973,485.61096,559.8095,225.01431,205.19402,283.34793,241.91283,377.30646,562.5953,935.65936,1140.3319,1028.3615,906.299,1254.6096,482.95996,626.3131,755.5541,1045.5039,914.9414,568.2414,192.93079,141.21419,365.38434,77.967125,169.92732,298.73624,173.8745,102.16969,112.274765,55.440845,69.52594,196.85999,353.65503,362.09042,263.3914,364.71564,592.29083,307.36588,234.2709,240.66734,334.41193,477.8263,389.1617,203.0317,123.07859,307.4879,318.0692,45.479744,154.15233,61.569847,401.82098,299.5675,222.66103,172.40811,265.9122,359.74982,294.65823,265.44806,475.12668,659.0572,506.28033,443.4286,726.0258,424.31717,468.0625,Desktop Computer,$Whiteboard$Printer$Phone$Shredder$Google Home$Desktop Computer
566292.2,240049.78,4025.6362,8238.928,4280.384,1857.2297,4341.83,7143.5225,9163.117,4607.805,3161.223,12946.6045,63623.26,47422.156,3400.6028,4312.0317,4388.4507,2957.0862,2664.342,2179.0645,4105.591,4000.857,1937.7383,371.70224,3282.114,2282.202,335.7254,1631.1787,1351.4861,1180.1156,983.90753,1918.1292,2157.9739,1112.4067,77.259186,627.30927,1630.47,4737.1387,1958.246,1855.7262,2097.451,795.09753,957.36945,1110.5361,511.68033,198.85892,389.28192,770.18494,503.17892,277.68063,565.1501,219.07242,834.31146,1529.9902,574.15704,539.6553,97.31551,253.03232,697.68616,595.7761,426.69153,494.24216,433.58,186.7402,83.33479,362.09726,418.42978,584.818,299.35837,321.11182,166.80862,356.7743,312.6344,441.69855,546.6296,444.79193,175.70554,449.20648,490.32123,205.85172,215.5997,166.9691,378.4049,238.84555,260.34976,339.95343,403.1802,352.66504,374.5693,304.46756,252.65552,254.13593,166.62527,252.70926,293.61484,341.4979,630.90564,456.23584,340.4034,546.59064,356.43353,681.89905,734.62036,422.7095,139.38004,708.1739,612.2431,189.94685,323.17746,210.27936,289.04068,286.1085,130.53133,145.2086,314.9892,340.28363,264.46494,232.40356,207.25449,120.245804,57.986637,258.5112,510.01468,230.17236,331.565,308.771,408.67548,431.59824,179.7957,239.83083,238.34195,280.17026,259.24887,654.6514,1039.9961,244.93388,229.70009,85.19243,128.56473,96.45066,211.51035,354.70273,310.70792,262.95605,230.3199,51.79276,137.07098,238.09157,276.32895,124.18845,477.0233,748.97205,154.93999,324.83795,422.97992,259.63544,296.08224,410.66177,358.6971,319.57825,157.47105,166.50723,155.18852,48.81168,110.4494,127.71707,42.54297,89.15964,189.11589,15.836427,294.2432,402.68372,364.54602,290.29855,291.14502,250.38298,180.73534,149.17215,267.2492,196.93283,135.58679,281.10428,228.67712,125.3499,113.041016,51.15191,89.09065,178.76256,237.43962,59.449078,173.21576,265.5483,116.508484,103.56152,43.06413,89.24144,342.42984,257.10638,74.25492,184.39801,107.74263,251.4297,531.5119,612.97345,629.35266,272.47528,406.64337,655.89453,157.44168,179.43338,100.8185,255.40958,224.46619,239.63301,305.15436,123.79515,413.2071,184.67522,231.86163,277.44336,275.75528,174.86028,184.6899,116.84435,94.64194,95.05633,202.23991,109.10173,157.82207,358.50122,229.63808,391.34518,218.71635,179.27727,20.949251,227.69894,317.46585,254.13724,120.55134,168.78691,156.23729,146.78726,320.41547,244.24966,213.75443,360.75894,229.09589,222.77554,239.76566,239.9636,236.28091,153.64302,414.14978,476.6414,236.59187,509.14346,734.9375,Desktop Computer,$Whiteboard$Printer$Phone$Shredder$Google Home$Desktop Computer
568850.1,245088.06,3616.3005,6336.1826,9428.088,9032.913,4709.5576,5311.597,8156.4795,6520.1367,3050.4602,15600.262,65539.9,52719.367,6755.8027,1655.6017,3311.6655,4013.7222,1552.7997,1356.6873,2289.5383,2605.7295,2442.7935,926.7593,1361.394,1337.3593,1028.0682,1388.6144,816.77277,1340.854,1141.3856,1731.573,2065.0981,1537.6882,1344.8973,1201.0476,2854.9434,4847.1133,2261.7979,333.1612,1372.801,683.36615,187.67763,513.84985,420.669,896.99457,656.02655,523.6231,487.4106,537.2492,702.4078,538.462,128.2259,416.91693,994.7693,1221.9657,750.3609,604.956,698.5049,750.2186,348.1189,696.132,632.85614,724.74744,568.114,162.25902,310.8993,361.22385,451.45218,401.55887,192.32541,175.0535,341.4774,235.38373,542.58405,597.26263,289.0047,245.83344,287.08264,476.304,530.44464,359.7969,478.9843,273.13095,40.22866,276.75302,169.43729,36.784042,390.74704,243.28769,284.43127,273.64932,150.97702,123.88138,331.34308,500.51077,888.9909,580.93005,177.82623,341.2822,357.2981,630.1942,516.3307,492.78687,166.40482,313.12988,375.45706,112.303246,333.29694,340.4603,498.53046,440.49536,317.90866,205.0767,243.80374,100.68145,221.90456,175.84958,277.1442,388.36246,233.92819,146.46445,221.5791,368.52878,415.62827,305.84735,411.96878,273.23843,103.581795,247.52037,117.71611,289.6305,417.04626,770.4726,1044.4274,263.50867,348.86975,317.4288,282.4733,290.1354,76.37389,109.3307,194.55528,240.58492,185.38309,197.64479,187.80727,123.09304,206.55206,303.70132,365.82394,999.0284,907.2724,265.13348,178.9352,128.40611,310.10544,505.15308,335.9695,337.85013,263.0252,270.72192,298.50378,357.54755,353.06708,331.42874,220.02606,125.922005,345.8748,266.43573,273.1024,363.05966,431.701,508.15164,481.7101,309.5395,122.501465,71.57054,205.31815,48.55752,53.530315,51.092567,128.51288,114.106804,184.67757,236.99977,211.99295,133.78001,118.17802,175.47949,152.10674,192.16707,109.96728,227.35141,419.9549,423.3919,302.72693,368.42432,202.7048,309.33957,389.33713,377.69653,330.43945,579.68085,947.28125,536.6053,730.3709,1017.2254,675.68317,408.3847,356.62537,491.61523,591.04,371.12894,37.832615,180.68051,176.65547,299.93915,193.9563,68.71193,143.477,253.53404,305.93433,39.641285,73.628296,132.22128,198.1535,141.30164,215.14496,235.3965,59.37821,248.35104,245.52354,278.8579,166.18538,261.52942,158.69312,128.52408,101.16465,141.54944,292.56854,377.59464,280.12906,82.15828,369.23697,341.2159,194.36295,224.578,145.18939,59.29464,279.14755,406.56567,349.35336,290.68918,231.07925,150.34064,340.4375,Desktop Computer,$Whiteboard$Printer$Phone$Shredder$Google Home$Desktop Computer
566312.5,242531.8,8453.821,5687.56,4083.776,11214.866,6905.067,5111.7334,9693.399,3738.319,5833.8228,9740.908,60465.812,47623.863,5384.618,4918.7983,3987.9414,1197.8411,933.88544,1171.9844,2765.672,3243.6375,1533.0598,425.74368,2556.1248,2921.4778,611.0815,1760.2887,414.5898,1171.658,1329.3951,1402.5697,1389.7041,424.72626,633.2632,794.163,1745.0725,4009.3892,1764.4182,579.48566,869.8692,494.08936,211.59927,130.22266,507.2544,1094.3538,912.798,382.0431,790.43567,1129.7151,894.5452,44.292763,949.67413,1142.43,155.97504,805.35876,295.92462,296.8522,444.32782,294.9258,453.671,742.9528,895.3429,637.32983,542.34735,252.32635,369.08307,189.17934,403.94507,272.838,133.34526,378.8393,173.30106,514.8944,939.61053,293.4657,415.85284,320.48694,119.30511,328.72858,60.44834,368.10434,262.54678,347.39404,527.98926,440.3331,218.56235,208.7615,204.20216,131.66266,196.251,304.8835,311.13812,251.81473,245.46613,506.411,47.13882,95.91283,590.0306,731.84546,342.74814,118.378914,122.94789,235.17378,228.13403,552.8376,334.92386,281.34665,330.95847,538.9927,455.95438,238.09471,97.50517,47.034245,180.85968,246.0721,157.83994,99.870445,170.88416,255.8507,306.53598,297.79935,161.99858,163.50821,148.16716,212.61101,220.45334,158.2122,150.01523,182.64139,321.16486,444.56686,258.43906,286.6847,678.2945,198.95851,401.9034,359.86078,394.81046,106.78396,291.29507,186.76028,35.396698,258.5854,155.2048,193.99265,80.71831,214.72385,465.9819,240.1856,205.73279,876.7532,550.2341,186.88773,312.41885,176.14377,112.67124,283.3365,61.008812,90.323654,248.51039,89.669525,179.5308,127.46873,199.4315,71.42844,90.13385,190.29764,259.9976,258.47522,154.88963,172.39272,47.203213,172.12558,268.6139,166.12425,51.02929,13.069606,136.73859,235.7601,157.36774,241.56195,208.92322,113.05518,424.5407,418.6503,180.92564,182.6422,223.6286,123.61529,44.97101,117.459114,66.89808,292.32483,26.781446,82.446884,195.38252,357.1455,187.57881,295.20963,154.58899,341.112,188.26779,456.4623,940.3976,280.80753,563.4144,362.40552,416.49924,547.756,463.85922,331.1542,305.12378,319.51477,115.68363,169.99025,344.6039,153.31548,234.61893,170.85117,102.37914,202.41638,61.271965,97.08842,181.07663,331.19492,312.4654,226.79037,183.97539,102.96734,129.13992,173.04205,62.343327,138.7169,205.67905,212.12538,133.7548,147.40884,210.36887,57.592846,89.91654,96.949974,93.56954,35.179462,162.50583,103.60439,90.368126,294.2415,241.67911,351.9747,535.3089,76.59859,424.53064,484.91226,430.21167,147.36649,319.65625,Desktop Computer,$Whiteboard$Printer$Phone$Shredder$Google Home$Desktop Computer
568152.8,244423.0,5535.832,8167.3853,4216.5015,7140.852,10833.541,6556.565,16447.293,8963.953,4441.8164,12846.989,60899.79,48667.695,8505.725,3633.2644,4750.9653,3226.8433,1260.9177,2925.5217,3128.6772,3499.778,2534.6877,1063.2599,1154.7216,4231.7183,1601.9972,1088.0339,1712.9397,441.08337,698.2146,304.11423,1181.2399,877.75586,57.594833,952.0507,1540.7869,4045.9836,1946.8694,1046.6411,1345.9741,1446.9574,1185.8833,680.56055,952.7949,1012.238,613.1163,54.38982,573.4555,849.50275,567.76215,814.2174,840.59973,803.7563,655.47485,385.12772,105.403534,432.1876,324.2178,138.90337,413.77972,681.69684,229.74751,89.71843,306.01508,315.81946,247.46524,265.12646,536.97015,354.27924,610.4592,499.7037,380.37283,250.9577,700.22424,358.15338,167.33076,242.70352,627.2005,521.3039,502.90536,301.24075,165.71016,128.8193,365.92987,222.70232,261.4453,93.85078,250.19583,350.58203,189.17297,43.687874,56.35309,393.5902,506.93256,122.31877,526.87744,726.62665,383.36646,304.96698,454.22476,411.17236,339.21896,217.15125,209.9667,370.67184,383.8079,197.90816,324.63153,210.70064,297.80682,310.19638,142.23601,256.5406,377.81628,571.63806,505.2803,522.3369,193.65753,239.73105,126.45137,222.64247,252.58278,236.98288,343.2363,61.245636,212.04724,133.84856,278.84225,106.697136,108.98756,346.04532,291.74728,594.9687,744.9798,115.166855,516.67413,337.84192,263.2879,110.34723,416.94742,243.55766,287.19125,224.70651,252.5132,407.755,186.0122,34.606026,253.89581,678.4494,870.22284,561.02594,557.656,462.48224,581.4534,685.9551,407.31027,188.64803,504.20056,344.42236,392.6786,252.50844,218.6702,104.54058,329.57623,277.8766,262.58023,154.92928,197.57414,356.15958,301.68457,273.98773,147.0947,123.463615,272.45306,304.53476,463.15472,403.95828,373.77585,164.25285,278.77756,336.08566,135.67593,261.67377,272.67175,405.07617,252.35367,377.9,137.56645,271.2146,234.71312,249.58846,402.9807,428.9834,124.67946,351.1032,532.2641,330.7442,172.34384,535.90607,201.2944,248.2508,469.53104,956.83246,619.7331,588.05334,524.12354,420.69742,151.04922,368.89053,251.30374,365.6103,419.44632,683.5387,353.90286,312.6829,282.3616,134.31847,314.8692,163.75128,214.94228,134.75276,347.75964,281.84088,276.99017,402.8089,473.84198,358.84305,114.5631,254.77246,271.9961,196.35945,261.70132,184.17264,70.19036,105.46423,179.82062,294.57047,211.68196,125.22376,170.29675,112.822754,296.72757,244.87633,188.69833,142.79779,296.3482,314.8858,352.4636,524.5152,364.7925,163.36018,101.730705,275.83368,402.6859,306.63147,91.3125,Desktop Computer,$Whiteboard$Printer$Phone$Shredder$Google Home$Desktop Computer
566371.25,242424.88,4140.8066,7063.483,8297.073,7073.6846,4501.35,4891.9995,14141.583,7979.717,534.1421,12968.588,62539.92,47880.25,6588.617,966.9828,5880.0376,3365.7139,1239.7446,4195.4995,6752.147,8046.3584,4206.738,2322.4255,4301.679,4116.5283,1471.5857,859.6359,855.97614,2544.5288,2272.7678,2430.8647,1627.8308,1158.3123,1510.2355,1523.1182,833.80054,2947.3987,1450.4962,1083.627,952.69,1015.6929,624.89355,1189.5353,1044.6951,386.5492,642.4388,501.9497,199.49269,1448.6932,1422.1931,973.7774,245.55489,606.4706,556.9977,384.9498,458.5838,260.08682,396.2522,612.4895,273.33514,312.22757,152.38371,161.77913,224.85745,269.21808,515.6044,293.505,304.38373,41.782715,391.12054,340.3453,229.30429,342.63464,880.469,311.05057,304.72507,285.89124,223.79585,731.27094,625.9641,538.8761,207.70918,154.76373,318.6916,162.19363,168.45113,258.98737,164.15321,207.58153,153.98158,535.97595,535.80176,391.6386,69.37867,494.64862,389.57397,436.29898,92.32316,281.88382,240.0929,466.6324,444.2152,182.27007,58.24604,194.51402,167.99934,129.14148,557.42413,302.72293,183.00739,343.85175,238.19391,316.0455,379.2162,199.28769,55.582516,206.50345,65.9711,315.38617,385.53345,433.6122,406.9711,138.1371,163.44856,194.35016,273.83987,124.665596,128.2954,256.51175,240.08472,212.26743,286.99692,548.3025,752.9651,78.87193,566.382,254.71283,386.60663,339.46063,571.3509,343.0742,333.2882,372.93918,117.800606,311.05154,423.5567,365.97217,263.46616,438.02274,579.6516,482.0958,384.2548,406.28683,594.1794,478.111,75.646805,108.96866,294.78802,475.16833,422.67795,373.10648,241.5483,257.64374,256.79648,161.35033,219.5746,231.2171,341.57812,307.75555,168.93542,265.784,163.19475,164.0288,234.34677,213.68327,206.95918,339.29297,157.662,404.35855,228.41348,384.81375,473.48657,596.71313,273.98975,237.2498,427.4155,375.1037,332.22144,320.3891,140.37276,423.53952,260.51984,302.3219,362.11157,594.90326,377.21814,416.89545,481.93112,138.83174,410.6676,204.17041,132.63168,486.28363,1060.7297,558.6049,415.4046,499.68027,624.38446,560.5265,174.07294,183.04305,228.30806,346.394,254.68777,525.0951,517.4262,502.09796,417.15015,131.9712,185.14894,419.36496,230.03807,199.66959,321.448,269.48035,458.3812,459.76236,302.38882,181.21902,132.6856,128.94946,272.19565,407.03027,145.05925,227.66664,273.30664,387.79858,398.19885,245.98724,99.427574,104.61722,280.94742,419.91284,350.97147,368.50336,332.2073,621.08954,396.89914,255.58572,119.70006,179.25914,121.47319,685.74365,1006.6761,766.9012,645.0625,Desktop Computer,$Whiteboard$Printer$Phone$Shredder$Google Home$Desktop Computer
569659.44,241569.17,468.66492,10797.553,2425.5112,11028.915,7432.532,3023.8232,8702.601,2059.2083,3115.1257,14596.769,62560.723,47814.02,5744.498,4055.4639,3355.8965,893.79285,2307.6887,2036.0828,2131.31,398.73618,1130.7897,1665.4889,1687.6282,2858.9878,1170.1614,729.90875,286.35178,1502.1508,950.86523,670.05316,1742.2605,496.57657,927.0243,935.43256,2309.1638,3658.1465,1369.341,737.89276,626.23114,952.9897,763.6654,282.6908,923.1106,233.2252,207.99097,606.0072,490.63824,1006.33386,886.22784,815.2889,386.65063,1106.0153,1191.4976,102.09341,485.54556,485.12402,331.0354,263.9016,131.97154,245.36836,938.74286,751.7027,353.6551,107.25065,527.38055,243.90326,56.806404,218.76022,263.47372,199.53917,259.92352,571.4292,684.2887,448.44003,363.69766,224.90549,212.3221,498.4612,566.21075,112.8975,229.08356,258.2016,208.22897,103.78695,297.08334,228.1329,281.84357,330.21973,294.8468,62.540203,247.43945,211.47069,102.60553,191.87358,269.70782,395.169,540.32404,222.58252,471.7591,605.52637,135.12282,171.0479,194.19043,221.71576,399.29974,248.45755,273.07983,185.3456,200.6759,256.88318,252.0269,39.48917,371.5925,346.64322,362.7932,297.08633,358.86194,131.43654,229.63637,575.7437,489.4573,325.60223,490.0419,403.30356,209.22017,383.67108,322.7605,442.51746,948.2017,654.9706,368.49915,859.51544,1207.1835,99.79026,739.8657,495.6911,175.1448,398.5779,477.5871,107.64048,177.06714,45.56688,259.35858,273.5175,327.76865,413.90744,563.5195,299.0428,183.3507,509.97095,247.16194,597.8108,856.9169,424.36737,278.02667,209.01685,269.26678,255.29376,386.5095,382.31747,108.56232,135.5516,231.91823,248.23906,65.60081,155.60693,160.97827,103.26736,139.22073,178.19727,245.37866,198.61398,247.96292,482.23132,402.69354,247.66826,263.4417,342.61353,80.00717,273.69745,319.09164,204.18459,393.91388,375.50702,191.70775,175.22905,210.79494,72.021515,262.5957,306.53723,133.56956,102.00545,169.70375,235.07928,278.35452,327.7763,282.64044,130.13553,431.3459,390.58206,267.1338,252.77806,366.86002,419.9253,706.04785,1349.0132,1010.7891,242.66068,158.22884,106.64718,83.79143,169.40486,262.52344,94.83473,300.57993,357.7718,163.3504,187.93668,258.58548,199.6937,85.1515,89.55751,88.08733,38.14753,36.437893,134.655,144.1885,286.2517,245.2207,245.36282,368.1577,315.70694,112.23095,102.5636,72.64519,148.83202,303.21542,315.9097,366.73483,250.34506,175.96474,58.38496,160.97765,261.4738,401.30438,289.76227,144.5985,35.84644,307.0414,419.06998,528.6297,506.60605,869.9946,434.42468,352.0625,Desktop Computer,$Whiteboard$Printer$Phone$Shredder$Google Home$Desktop Computer
567448.0,236019.55,6055.349,11135.662,16590.654,10015.003,7035.266,10524.144,16713.88,10582.831,4156.8027,13208.834,61883.613,48351.75,5662.9272,2568.6929,3204.0256,5311.6484,1589.669,2626.4114,1926.8522,3292.4026,2805.7356,2972.0176,1360.6676,2182.074,1030.0005,990.5808,2133.601,2483.6829,1342.9402,728.77686,2682.1714,1178.9053,433.3886,1269.7867,2260.933,4513.9316,1736.6664,418.5083,461.48505,916.6106,664.7696,625.2843,572.57806,478.5922,574.73553,823.97156,907.07245,948.7704,614.30865,1045.6626,1953.2456,2015.8779,349.14377,199.58617,309.26376,289.0796,414.19037,421.04532,527.9261,922.9223,1235.8286,252.5521,280.79883,594.01636,106.06411,137.7539,164.35616,204.09938,441.7474,368.16367,489.94293,254.7935,214.25821,202.81721,545.75397,484.42288,450.30945,582.3551,285.48196,263.32486,262.65634,430.76804,124.19858,258.2193,118.790825,240.20276,100.35029,220.451,56.305714,241.7123,31.732122,340.98834,263.5414,340.6776,320.3114,81.01423,169.51682,306.76938,765.6205,42.627583,777.56195,806.87036,708.3798,661.7358,626.4843,280.97708,631.88965,563.3338,332.95865,389.9903,696.18146,742.5864,228.76218,438.2421,340.987,249.27208,141.51035,391.0021,176.91862,124.34914,422.35587,249.59271,233.30826,402.02823,438.64804,285.72205,18.7094,331.29874,436.98587,283.7132,198.768,856.98694,1124.8192,323.85077,507.1587,275.96475,192.93599,415.83328,317.57672,212.01411,243.88068,210.41133,37.529667,135.2309,39.441162,259.67743,413.57574,293.14362,130.37865,510.80206,1286.0234,1204.2125,215.1172,403.6998,456.90604,400.8543,376.20956,163.04555,41.4996,176.16869,159.9813,71.25591,233.50256,259.0553,300.76123,471.06952,163.47688,64.30162,34.0062,111.29622,229.43877,171.2816,378.27197,438.94476,307.91626,208.2377,429.48096,280.91486,125.195244,235.13687,340.55426,396.94415,198.4971,508.25488,490.7213,356.06158,414.97964,693.47076,597.9938,285.2866,383.38434,338.6804,307.32843,177.15906,144.91658,141.5598,189.8348,265.6628,307.50143,229.64168,155.21178,278.19708,587.9803,1093.5387,102.367195,1266.3412,705.9413,435.17834,228.72467,284.39282,346.3293,236.51486,227.74211,147.78171,123.90717,349.05252,290.4707,296.4724,153.85324,190.344,167.51767,104.28209,45.331596,121.13113,94.3443,75.097115,266.35275,225.34386,252.99608,255.09756,297.1081,100.03522,466.47595,192.0223,15.570431,122.16673,106.83812,93.59018,216.42345,448.09854,133.31396,100.7148,136.87282,149.27917,61.631424,298.327,235.90977,502.6597,329.10223,375.21164,656.40576,527.25775,271.34457,381.80157,250.25,Desktop Computer,$Whiteboard$Printer$Phone$Shredder$Google Home$Desktop Computer
567349.4,241347.69,14796.175,15350.922,10256.927,13838.949,17051.23,9563.884,13088.412,6805.3374,1629.3121,13056.392,64075.87,50956.105,5456.476,4073.5466,3958.3477,1771.1617,3511.7427,2711.0032,4035.3787,4021.361,2239.7332,1597.9662,4524.9214,4408.4272,2499.185,1743.2124,1886.7021,120.893,626.09686,1982.8804,2342.8735,613.4002,999.68756,872.1369,1294.2662,3773.343,1704.0361,2066.8853,1788.5677,913.34753,583.659,1048.6681,937.2704,595.3766,465.83835,1035.0481,198.99254,1120.7297,1077.5521,1018.05414,880.40704,838.335,1215.1769,560.18713,539.75854,752.6289,900.0585,789.3847,257.8917,611.3905,955.77423,649.4105,306.6331,416.35986,479.43436,236.39783,207.86655,445.98383,283.6838,122.982254,156.66415,316.73135,471.49966,467.0054,155.14723,158.96268,426.67575,291.49277,438.46942,647.8134,428.7865,454.74643,557.0572,251.77977,125.70019,447.57547,334.61227,254.58333,136.64375,299.32516,449.3168,400.12103,171.99017,269.11166,246.47215,168.73132,401.2142,122.79558,155.80502,803.6395,855.96045,331.91367,414.04935,375.3309,360.40787,401.11636,591.63947,447.2363,365.2885,298.58832,495.81525,605.89874,378.83405,83.70853,233.47641,82.895386,225.3223,253.58292,238.31647,127.57639,293.7234,274.99664,339.26846,50.75652,118.575615,150.53763,217.36632,63.28839,42.391994,253.97342,446.5464,847.1912,1239.1166,474.21664,212.69398,99.66758,184.86894,312.409,608.7395,551.2279,200.3062,115.31854,374.42645,182.557,111.12414,136.45264,205.60925,280.89923,259.34964,169.56433,561.79266,927.1485,181.78162,273.2131,172.72795,265.40024,202.4415,283.1703,209.89854,181.40875,154.46939,128.07326,150.33315,152.2829,318.8841,281.8333,269.38574,163.32794,286.89447,412.59644,261.36584,255.73468,186.39326,198.066,109.85153,171.45444,216.2423,461.0764,502.6373,446.50076,514.9179,370.3244,246.43547,132.93393,140.19484,383.06256,327.41693,90.65767,247.77042,213.58688,400.03333,610.0522,277.3668,60.76014,119.01346,181.84077,211.02429,119.207985,76.7225,181.31104,267.54007,661.9328,853.5773,240.97133,1168.8037,650.02637,379.9112,559.4089,267.91595,123.61209,285.49405,343.3794,507.39508,301.1791,189.74846,90.97316,205.53978,332.8226,38.747353,236.13002,193.33267,216.74315,143.21,77.34943,111.70865,87.64368,152.77611,170.0148,188.8794,143.06621,70.54072,315.0867,687.38403,507.19577,575.857,574.9615,424.17697,403.66367,384.45297,218.36266,207.7981,168.15729,138.3311,186.77399,320.23096,243.73035,156.78654,364.7584,367.40598,422.32877,326.01923,348.62326,710.9966,545.8197,2.25,Desktop Computer,$Whiteboard$Printer$Phone$Shredder$Google Home$Desktop Computer
565431.0,243693.73,1558.2969,5984.6553,1694.9679,5504.6,8012.5654,5287.876,6481.6294,3800.6152,879.4575,13479.447,61919.15,45307.145,2352.949,5564.0557,4720.86,1233.0404,2060.8784,1051.7136,3824.9067,4633.7593,1391.9056,1130.4889,421.3585,1525.2236,562.7133,1201.1262,2722.247,1938.0349,445.1629,1994.5103,2972.1372,1819.4695,705.262,510.09354,1962.4198,4141.569,1201.0267,1162.7809,981.01715,47.84803,158.51953,444.5515,1080.5204,493.20547,230.10599,589.6359,360.24973,594.1552,310.77753,468.6615,910.50555,1068.8577,769.73254,414.2588,108.89066,485.66492,822.9388,407.34534,190.26056,514.5292,546.1542,258.44388,334.48965,294.2249,289.0421,224.99371,436.27002,250.51067,389.85553,390.15567,85.653175,335.2036,494.6062,148.20795,461.24258,316.37936,338.1375,274.2816,263.55743,332.94345,321.6385,446.88672,307.65088,63.427578,184.55655,330.24615,151.17686,132.69244,250.72626,226.59282,155.69127,412.74667,243.75768,218.36876,304.1347,241.02905,366.3293,500.8079,109.321106,691.05176,240.77007,322.77667,143.81172,418.64886,489.6688,204.48027,147.30003,259.47913,256.31305,7.109006,228.70044,245.63507,194.36757,355.15536,273.6625,125.869865,245.09671,159.10274,89.92225,21.211147,29.611237,54.63075,109.99564,362.42065,222.394,104.91918,109.894745,95.14924,277.77188,278.43872,551.3304,1025.2856,1245.8971,240.90808,444.92667,258.0163,191.1801,99.92401,285.77576,485.3997,291.11368,273.32892,190.13985,296.0766,479.67834,435.71848,143.924,370.15298,462.15756,319.98898,256.79825,320.8647,490.09042,248.21996,120.67479,248.33282,195.46832,474.6719,221.93985,333.7497,250.27689,80.66012,94.318474,173.39821,196.70401,119.3428,227.42914,301.63544,326.79718,216.44962,177.22041,302.28867,214.1942,292.0708,217.02805,109.26476,201.44734,72.41064,234.78963,427.67004,230.04468,188.405,233.13673,219.85152,247.25768,192.02596,426.16556,328.63522,289.23605,149.22437,138.77873,139.209,240.02928,266.49918,275.15897,74.27353,361.026,439.42178,358.43042,237.76036,216.02567,392.55667,727.38275,481.66525,744.5852,998.86554,300.02084,146.12392,128.47174,389.55814,215.20436,68.04649,204.65898,336.64835,343.76575,310.6145,95.934814,357.68158,235.23662,129.80862,124.73911,53.81451,212.02106,192.1582,185.22292,290.06436,290.94916,267.97275,243.47867,144.71992,214.30496,137.25354,210.22237,308.42184,175.82233,501.27536,372.577,189.55354,265.76218,127.19371,334.3746,195.14134,101.38257,184.89758,119.38446,72.05974,165.24777,124.06798,191.08138,314.82877,644.1253,378.27466,196.69806,170.21216,48.09375,Desktop Computer,$Whiteboard$Printer$Phone$Shredder$Google Home$Desktop Computer
569588.6,245896.88,5536.7676,2451.632,2475.253,1954.9812,1151.5817,1184.7286,4417.1333,5380.002,6536.9404,9074.723,59836.152,51890.465,11570.013,7652.447,4383.264,2219.2468,2269.9917,3991.7148,5301.0293,4457.469,4558.857,1949.7112,1693.0657,3937.0354,2925.1182,2435.4688,1174.6097,1139.9277,968.1564,1744.5172,3578.502,2043.0652,2467.1597,1541.0165,1559.3715,3642.7495,1412.488,1279.4264,1724.9116,1014.36615,404.6574,293.13553,1428.9755,1065.337,1041.4587,915.1863,107.60032,1046.3972,1286.1577,905.80133,843.1706,1490.3373,638.0529,359.0918,784.2841,819.73535,634.61194,724.56915,198.70442,573.7824,389.16153,301.85345,117.25385,310.19235,655.5997,759.0473,498.90298,559.6468,363.40067,470.73135,418.6191,394.31876,890.93774,898.5222,762.01843,637.21344,455.53467,658.63696,55.6883,347.09546,489.45905,506.4205,421.38672,470.42087,408.94012,512.7813,745.02155,385.96182,334.9366,184.55199,100.38691,222.23257,295.81033,463.29578,647.19196,699.01184,1221.0132,1566.6001,561.42865,20.630898,299.74716,251.0167,570.6254,264.48196,451.9623,524.59924,236.36516,474.86584,322.7122,324.76163,412.99792,476.65427,342.8248,206.8323,363.50113,405.18793,405.22195,272.91946,285.8098,268.54248,170.78952,198.70326,196.60077,286.2041,236.30939,179.9226,180.21811,40.53055,155.0868,285.04297,394.0751,707.78375,906.35754,391.11288,468.0056,146.04343,130.01193,272.0284,263.57895,453.43387,486.51123,295.1191,42.173687,255.15619,66.71649,244.1635,140.55708,282.69983,319.39972,776.1432,758.0351,539.88403,413.1964,55.543835,459.03442,523.95447,385.54205,543.6958,572.26135,193.25441,378.53323,475.42847,338.85004,289.61395,165.30574,101.99809,341.63538,126.909775,227.12958,28.353409,383.4581,418.10272,290.86954,267.17422,317.5774,320.61847,91.879616,27.480566,137.60138,311.1858,259.95007,268.87265,248.65147,144.71468,103.93506,77.11889,270.98917,114.99451,39.681694,39.202908,158.90544,342.6662,452.8697,297.15112,336.87927,300.07312,313.8246,222.37212,159.71674,173.36029,265.7237,526.75464,817.61383,976.3544,413.8233,589.82434,422.7358,486.23456,276.18982,350.23685,285.28574,104.33847,364.1585,324.2451,266.32837,108.26579,99.33502,33.75735,69.338745,162.21803,103.09158,208.24477,100.82384,393.23416,323.74332,246.52274,150.27777,123.1895,179.37582,120.77698,117.952965,235.2805,151.67499,187.84676,318.54193,259.61856,52.14253,159.14574,312.017,228.92804,173.57071,60.969875,215.45622,181.7813,138.40506,315.78476,316.6032,385.2176,585.89056,555.04285,103.21291,212.21257,311.1223,443.62912,630.3125,Desktop Computer,$Whiteboard$Printer$Phone$Shredder$Google Home$Desktop Computer
566119.4,239248.28,2400.1606,9907.643,14976.686,9489.581,7624.265,5976.045,11051.975,7850.282,6318.654,14719.064,61009.77,43599.258,3649.6445,3189.858,4905.896,3728.352,1247.1781,1685.1202,701.3577,3333.597,1207.5481,1367.1987,1876.6017,2456.164,351.00055,1771.4113,2061.5227,1148.8507,1623.4077,2398.6707,3338.5293,1233.4202,1717.6224,1386.026,2098.9363,4028.3428,1781.3481,635.4631,1093.0792,388.6315,252.85342,641.87225,1214.7872,1151.267,1338.233,1417.443,969.6233,1118.4517,886.7909,1167.1447,882.5459,561.62646,488.30368,488.27103,804.77423,187.23218,288.10513,310.08853,396.73242,114.73373,483.37616,695.4702,679.6287,541.9194,413.6197,898.05884,635.5761,219.92763,131.26514,168.78511,165.45541,317.90112,680.80414,244.18274,494.94598,302.34653,142.073,371.74536,515.45197,366.03214,434.09683,621.8247,130.96088,178.9873,295.90182,320.12335,374.6976,142.90016,284.04727,175.74547,148.64561,413.58798,219.48714,404.1748,475.4233,305.50668,259.45496,429.10153,597.6414,568.7971,794.1104,640.62585,270.49152,368.38107,373.8564,573.7862,461.1948,341.39417,272.09174,205.22743,301.7426,496.47507,73.99378,141.40417,253.10812,290.40442,139.07916,51.66312,179.99393,261.52902,255.99911,147.09235,209.93582,297.49472,337.10223,455.9551,287.88928,202.79543,260.78864,278.76898,513.94977,711.695,1093.908,363.31952,373.68466,232.12846,60.15496,536.0965,411.38705,237.364,231.79958,180.1244,202.59532,391.9082,195.83357,256.61673,110.65413,465.0912,209.40254,450.02295,241.40036,409.96057,436.5969,207.6922,363.582,252.7131,82.382515,100.77675,251.16006,15.8575945,105.586395,76.9762,167.87013,289.96188,182.68495,141.50749,120.1992,109.293396,185.80959,276.42316,124.59975,201.44637,164.2783,105.778114,185.92743,57.17472,135.02449,142.32254,107.62644,192.28467,106.00548,132.32608,126.03739,225.23592,204.5674,313.7111,321.8131,357.65256,224.34418,44.840122,249.9278,96.87623,190.93088,82.20998,308.617,136.01938,102.2046,251.88216,332.817,309.0588,296.4253,334.18454,905.3583,1044.2104,49.321377,534.63525,329.45273,251.31165,227.90584,300.3768,298.94193,225.4221,301.91238,317.66766,62.33815,215.32906,236.0889,388.50092,271.2904,206.172,59.580734,136.20172,107.3505,275.33334,195.17957,284.77072,233.36441,217.61957,227.8099,249.49132,150.93605,274.1745,197.13081,202.26714,174.89268,207.37231,175.72711,135.90337,70.194,47.200237,174.34451,247.0588,363.07376,191.49619,186.05617,408.35165,449.0738,199.80081,185.21233,322.61642,87.29402,471.00183,524.4386,168.80554,324.53125,Desktop Computer,$Whiteboard$Printer$Phone$Shredder$Google Home$Desktop Computer
570597.75,245947.72,3444.5522,6338.7334,12213.827,8493.078,3409.1045,9793.131,13851.257,11609.628,4418.3423,15945.434,66718.695,52337.684,7360.81,4323.116,7413.6084,4339.4688,2878.6536,1333.217,3740.52,3716.5344,3098.0938,1224.661,2537.2913,1881.6903,398.42023,358.08783,1123.9135,1234.8627,277.92896,282.23965,1155.2089,1061.3962,1481.2853,1410.1798,2073.658,5763.5444,3954.47,1476.4929,133.02205,1226.944,1269.5902,821.0607,57.3632,888.4087,866.53986,483.28552,231.60135,893.95685,1122.2992,515.51794,1019.1371,1669.0746,1048.0918,689.5595,727.0159,469.15955,594.84924,768.008,482.40363,572.48553,1350.9386,1065.7283,549.427,100.98117,345.32578,426.95325,124.61892,255.97554,289.04678,323.87906,234.01851,191.8152,492.42206,163.28458,38.3558,252.74028,433.92886,513.12286,392.11154,257.44705,233.84634,267.87463,285.62433,224.41812,217.0914,113.88897,348.0687,356.33655,315.10535,171.09984,92.73291,255.69458,491.28058,235.6754,562.24005,730.67444,698.21063,889.9006,672.79395,670.4677,933.05475,529.86597,266.06723,322.00696,294.28824,206.95564,272.69604,83.546326,171.90324,185.68837,179.37175,257.91,155.77072,99.38717,229.32558,186.10628,265.0306,576.87335,635.85254,409.2176,252.52,240.61232,255.4361,233.37187,269.5935,149.17526,629.0578,781.94653,587.43994,212.9155,180.49997,445.29324,814.37115,215.1956,121.465775,180.01863,364.00845,340.26602,284.2437,458.38766,513.1211,381.12592,194.29216,670.64496,528.2218,33.672348,292.75696,631.54755,630.07074,440.06274,749.1527,486.71912,143.37306,226.129,205.9939,125.88712,205.41353,300.45996,154.63577,69.78339,109.049614,223.54031,190.53519,155.37589,198.54851,288.78232,241.8571,119.5496,72.50548,110.14811,214.25291,332.65125,326.3133,208.74026,185.56706,288.2973,239.623,63.026962,206.91417,218.9879,74.47247,274.16815,215.56865,175.34662,411.73883,371.51205,89.32964,234.29471,208.53664,216.08684,147.7379,177.40688,62.962467,180.79494,30.648659,423.0437,520.4363,86.46796,80.04027,235.60088,310.86612,381.13464,689.4084,1387.9622,730.2319,484.65323,683.94775,505.50662,704.8174,505.28757,314.19955,294.42157,117.0044,121.264046,237.62442,283.8858,233.80836,222.51582,113.896996,110.449646,68.9448,45.671726,116.28324,8.813107,172.7996,250.46234,323.27942,168.67145,112.90195,368.13333,422.02078,261.19296,155.42305,185.14275,255.11708,117.13032,151.01912,191.48361,258.9556,305.62128,152.45087,90.87256,342.3148,562.38257,271.05603,131.31755,208.61281,160.11603,97.70185,268.04144,532.0414,57.641228,455.8255,199.86124,88.90625,Desktop Computer,$Whiteboard$Printer$Phone$Shredder$Google Home$Desktop Computer
567327.8,243015.11,3582.5427,10305.88,9977.674,9647.274,4433.84,5927.0073,9740.422,7376.982,5343.0825,9258.277,57682.67,44027.14,3198.299,2693.6663,4613.33,1935.4508,1570.7539,375.5253,1140.6943,1669.6155,1264.9071,1135.239,2115.6401,3215.212,1843.8082,689.5318,989.2646,1941.3523,1255.373,1638.9292,1196.8884,1126.1797,512.7749,1426.3926,1481.5034,3666.667,917.88794,883.90344,854.307,519.1655,94.678665,57.483,283.56082,969.2649,168.17136,636.65967,531.0914,1432.1969,1103.6819,364.82898,136.67471,787.2506,237.67659,382.72943,763.5787,476.7917,358.6309,289.85074,64.093414,554.6389,612.29724,49.390152,277.9924,97.54548,31.030127,88.43305,311.7788,227.88026,134.18309,156.74277,114.68153,231.73407,529.84674,433.61432,221.45404,402.14517,281.70584,426.3732,138.98341,178.1028,193.66539,279.1983,236.81958,148.48169,249.04797,51.423084,378.0026,250.60185,327.1211,415.6047,337.46042,193.07474,216.61267,247.5371,231.5524,652.9744,690.01605,190.93407,428.9062,156.98747,410.11786,313.8902,306.477,414.7406,409.70605,527.52765,433.59442,160.19691,275.72702,44.6784,175.18706,26.36399,113.035385,78.776726,281.93115,85.64766,206.97667,182.43387,291.36017,210.23256,166.92953,155.20477,337.14334,208.96696,277.70453,113.23236,318.2538,162.54335,236.8484,68.14967,165.62697,806.4925,1065.0895,165.27776,386.24344,199.35634,57.04951,163.46678,83.17373,190.08257,206.88882,109.95574,184.17946,381.78287,292.22183,256.12323,146.30775,343.80466,602.882,927.9354,549.86926,148.25523,250.49374,173.86508,329.37744,8.814228,29.552494,347.163,293.67313,83.722404,83.72227,139.89908,260.62958,251.22804,178.7462,246.27252,64.53665,117.55761,234.23485,339.53934,380.27335,311.94397,403.73007,150.82921,254.09528,206.88379,244.07086,118.41678,218.50662,240.5398,122.007484,49.84196,236.6139,84.55087,111.3821,244.1357,363.32693,98.12716,43.822212,85.19686,171.0952,279.72946,151.82104,126.31565,251.90657,288.0731,530.0782,379.97217,187.96121,364.65668,214.82457,530.6563,660.33765,898.7739,203.80699,736.28656,555.039,143.64581,432.2507,324.5783,446.84637,381.421,372.40027,208.47548,124.02938,242.11562,271.13602,161.97878,98.61834,194.94014,90.46055,133.26772,114.086754,60.093086,149.87526,44.353825,84.42398,163.0107,117.03943,83.57144,108.33821,214.51743,157.32959,148.40443,354.16464,384.78146,217.37552,307.78754,251.50427,323.20453,130.26617,266.6572,298.02066,94.68519,162.82817,274.33496,357.35587,700.30383,413.9342,338.04037,267.73907,463.30267,356.66336,143.33514,87.4375,Desktop Computer,$Whiteboard$Printer$Phone$Shredder$Google Home$Desktop Computer
567344.1,241513.14,4496.4717,11311.336,11263.541,6705.83,2365.6946,7140.476,14658.126,6569.9624,2183.8936,17180.139,63731.453,50425.75,7645.2856,3292.4507,5800.4653,3595.9634,2075.7651,2492.5718,3581.2754,4790.4365,1672.3783,1475.5806,1669.6324,3355.128,824.7908,1095.191,1136.4875,2477.316,443.8583,2405.4019,1400.7821,254.56987,347.20413,985.6997,3152.0876,5222.2373,3218.3425,1213.3237,2107.0532,1112.8176,208.53592,229.45996,1053.1001,457.4958,458.87665,373.73962,794.66125,1080.6205,606.91205,444.24234,618.1898,781.9813,352.34338,290.65424,467.45157,603.00006,531.90735,487.3468,216.6166,784.53436,884.0351,463.3618,398.41644,534.1513,364.084,367.07727,197.46477,368.6344,99.66871,126.39861,226.40778,451.8504,513.34503,386.91757,146.2839,216.04973,144.08347,455.9563,604.82745,565.15497,213.25006,246.82472,396.87155,436.14496,153.08223,251.9022,130.17569,105.29411,573.6311,459.87262,395.80432,518.2902,317.6723,170.36916,311.4475,126.33347,284.30048,199.09387,589.2097,87.103165,119.20831,422.20944,396.46277,242.15784,227.09753,243.23862,787.6613,409.92126,223.91054,200.61394,310.559,379.0601,232.6715,504.20142,749.11566,466.32663,202.09897,275.0808,448.9915,711.3192,420.6858,399.09848,560.45746,503.87134,214.2657,72.729515,226.30136,479.9459,291.21988,266.26276,86.38759,598.95825,722.8737,409.0115,626.4866,315.24783,153.99602,158.53497,261.27203,371.15616,71.77875,145.26712,159.0092,261.32236,206.70276,607.3092,308.09592,419.2123,622.32544,620.8552,829.10974,676.5071,330.21762,166.90141,304.37564,70.99496,340.30276,425.15454,327.99356,299.20654,217.56644,219.03938,309.336,204.28044,207.32323,272.9837,276.46167,124.70744,368.40045,85.97876,190.68393,299.70203,328.03516,120.69067,47.397957,38.322384,252.28854,3.7120767,136.1865,174.71843,240.02916,72.622185,139.33849,50.71231,197.65813,93.48502,258.62985,177.84344,283.18808,239.78194,285.88943,80.3819,241.75067,222.9578,436.92862,258.01257,69.96441,248.9985,241.20071,362.70724,340.49942,852.6302,443.8244,552.0385,397.28848,133.29242,178.65723,426.36935,295.64835,396.47525,634.4177,500.72202,277.2852,192.80597,351.22137,443.34338,308.26114,363.18466,290.05206,275.08722,291.70108,82.46341,225.2766,103.844795,93.05572,249.26163,51.09074,114.79215,130.2857,220.4517,84.042206,226.67381,364.95383,397.23172,326.53732,162.79349,111.23228,277.61298,117.15344,126.51882,317.41995,218.54375,179.21138,201.37485,297.6538,250.0185,432.61273,490.0064,408.73914,209.09862,420.7257,314.4583,340.97763,510.52905,729.125,Desktop Computer,$Whiteboard$Printer$Phone$Shredder$Google Home$Desktop Computer
568599.44,244820.25,2180.0964,9208.552,11887.361,7075.8374,5207.7896,11520.253,14231.715,5174.3755,2389.6843,10943.976,60754.812,44220.08,3921.5288,4781.192,2938.8218,4082.1624,2409.8892,3131.5986,4055.986,1225.3074,3098.8198,2085.472,1324.9009,2054.7314,1029.5702,854.47266,2633.7705,4065.6245,2120.9268,2127.9966,2602.6719,396.25726,1476.0494,1728.2273,1947.2236,3919.4563,1180.4163,602.9351,1002.2031,1232.8674,422.3824,921.9074,788.47595,169.11197,1039.019,486.45715,643.08966,1478.6195,1006.86115,221.04727,1215.561,720.23315,405.65686,874.4221,544.69147,709.463,938.8357,1056.1759,284.28867,174.04842,574.6685,527.82104,179.97406,283.0207,418.51263,309.786,744.7494,672.61456,276.3284,167.3998,565.152,841.9635,624.1951,382.8356,469.66922,338.469,330.4196,472.95624,538.8143,77.982445,352.9901,308.46176,28.632837,288.53516,149.68655,143.97322,132.80345,485.58084,472.00955,306.61633,285.3943,125.63395,303.27737,468.68817,140.6968,228.85922,150.49081,681.3623,570.87366,675.02515,678.663,125.75969,524.54767,244.5036,734.46344,1108.7355,678.3105,526.3455,87.94524,380.47702,540.0128,184.821,220.98503,581.6571,611.00696,427.99612,156.50142,184.8358,344.09705,157.02032,441.08337,560.63666,579.1368,332.63873,329.4055,249.36107,293.26743,238.96745,410.65067,662.38275,635.25977,804.46747,841.38257,87.6357,586.3169,362.24832,392.62827,217.41351,476.54822,339.70895,509.0548,382.65927,116.90966,532.84393,623.6646,306.48557,320.95877,557.4514,650.1954,884.18445,743.2416,290.3943,75.97202,174.226,93.74776,56.03231,189.43103,21.399075,108.66837,281.49554,395.41223,256.7634,108.14972,9.385619,351.33417,537.8617,433.72128,87.38187,241.05988,219.07469,242.63226,225.16603,217.76733,136.79753,232.2517,168.6237,284.9642,279.77777,227.0668,400.04288,414.11563,185.8739,477.23904,650.3636,578.06305,178.00427,341.68036,355.9302,178.73834,392.86462,360.76047,398.446,324.13284,86.600685,244.4536,302.01532,275.97696,400.58075,729.3364,751.28955,136.88206,556.1462,454.21136,666.0119,698.4427,544.3773,585.7444,472.83795,749.4674,731.7594,331.40536,484.3511,512.5392,223.58519,223.73149,283.48322,148.048,80.97898,383.25488,219.99426,189.57996,317.07947,137.81827,242.24771,148.82904,233.81943,487.93506,447.2771,97.8813,284.9514,274.42343,68.47069,297.95874,286.11282,99.03279,266.75833,286.47516,216.15642,218.61804,282.51328,421.93225,661.97144,265.2078,161.36508,242.19603,132.87267,122.25916,313.9382,432.0786,310.75534,437.4084,640.2927,181.35587,456.78485,766.5625,Desktop Computer,$Whiteboard$Printer$Phone$Shredder$Google Home$Desktop Computer
568296.25,243614.67,9522.114,7422.8726,1492.5386,6330.1816,10138.652,6349.766,11117.389,4883.651,3990.3513,14421.436,64037.688,56055.188,12996.035,8227.948,3841.0747,1092.4642,2374.7673,5127.542,4268.206,7065.942,3550.8635,1959.407,2936.7563,3560.4697,1361.5365,2165.8418,1896.3124,2356.353,2571.9236,2956.4995,3175.878,1868.5513,1420.9591,2092.2368,2374.0972,4221.45,2073.5776,1093.8678,1024.4829,1932.3837,923.94165,445.8744,479.38477,590.2948,813.62335,800.25226,989.594,390.91043,1232.6843,698.11414,412.52234,1246.912,1003.60846,439.0403,722.005,1001.38116,1124.9153,943.2905,315.18985,401.8541,863.6081,1054.0114,720.7646,904.33954,570.8296,367.35938,260.02206,520.13025,202.67134,437.9312,301.4251,385.94864,420.3093,788.58435,227.39664,748.38446,277.45972,461.1371,559.7822,547.33167,118.3015,157.05032,126.8228,231.5774,264.1555,656.9006,307.24826,98.13882,201.98845,350.3635,336.87732,502.34506,358.25522,317.34247,513.51733,430.9797,663.25397,462.97858,550.13257,110.93218,226.05797,300.66937,153.39905,318.28046,407.7143,573.34827,25.746374,216.91806,327.10907,188.0164,308.61893,246.47974,337.40765,185.19984,470.09973,605.11163,593.7127,457.45413,181.25188,143.12202,168.35153,154.74336,442.83777,605.8447,377.6152,348.85962,200.07756,366.26993,289.764,157.48064,430.09424,879.1642,1169.3767,230.75215,548.25653,198.0407,329.08463,259.3618,207.92772,122.04254,507.9689,326.95108,236.4942,400.5228,635.389,414.48456,793.365,614.56506,993.6249,972.8852,592.0966,164.11188,328.2769,108.452515,247.21086,388.09683,258.37976,311.2517,253.82771,106.84496,307.11124,517.2915,471.25983,290.23907,126.11082,141.15361,250.38986,68.6064,274.00464,290.13153,380.7925,421.54892,146.75208,130.69547,338.62802,246.61226,119.41017,245.94763,226.80006,170.89664,170.50366,163.11446,151.55638,243.71779,169.8873,274.2269,211.45358,191.53813,114.29803,206.10953,216.36061,239.36043,501.2735,407.69348,347.6643,84.69727,22.596867,59.12134,533.56195,406.39435,432.24203,768.8742,836.20447,686.5891,249.45117,1263.2216,856.48755,435.51498,119.46575,632.31274,449.24097,326.86353,145.8638,207.26936,251.79039,310.59076,209.871,142.10675,274.4863,282.5602,243.15526,238.57307,427.46402,340.12756,331.5547,7.905797,185.02475,22.585323,218.36198,248.73357,163.9178,288.1582,160.95859,326.02615,168.4358,429.1073,205.47604,149.62273,203.13026,98.85372,203.00642,266.36667,260.37134,358.2454,298.10825,295.43637,191.64519,338.58322,448.5845,784.193,473.32108,186.5133,344.2101,206.49362,380.96875,Desktop Computer,$Whiteboard$Printer$Phone$Shredder$Google Home$Desktop Computer
570277.1,245821.66,12555.0205,16255.072,8973.009,2259.7615,4695.042,3459.3484,12002.57,9445.654,5420.0586,13720.923,62870.457,45407.734,1109.794,5193.3013,4504.181,2637.5552,1677.9935,1215.5757,1524.6743,3620.9338,1778.4117,1961.823,2483.353,3608.1228,1491.503,2058.544,1067.9517,1470.6309,1273.3232,2173.7778,2834.741,1267.472,1039.9812,1232.6711,1406.6316,3545.1345,1512.197,260.6442,795.16156,1321.9222,1024.3496,521.67334,265.98267,178.32697,463.64404,845.1571,218.93501,1090.6301,213.85208,801.9714,1007.6976,1072.1633,731.3931,198.77264,405.81537,805.4358,424.12653,520.2724,618.15375,756.0891,480.9532,519.6993,309.85913,73.441696,299.0262,391.00906,455.32043,425.96225,114.5279,181.72179,244.84743,515.1724,679.95966,390.49182,168.29248,261.08847,597.5495,307.299,665.5922,764.2835,647.3829,329.30637,377.6826,101.68521,283.65598,96.51627,112.05743,52.744614,150.78514,282.67328,249.7193,24.792202,165.52524,366.16437,218.46515,758.64813,730.9875,497.69287,194.53697,367.45822,680.11053,747.88806,171.60071,399.639,153.26016,245.58736,145.09724,292.34207,317.4621,392.9801,314.66687,408.8475,357.03934,490.54367,640.49493,370.99664,79.27671,232.16019,340.6971,84.89306,97.62329,133.8913,428.83105,579.93884,176.67232,240.25952,558.2551,436.06824,424.0495,708.8088,515.1667,655.7497,1072.4447,98.15587,753.4624,525.3921,213.94067,166.99284,376.2394,484.12173,336.16232,207.27971,449.81836,398.5722,158.44545,332.1134,480.59378,298.49075,552.73157,1035.8016,527.4913,130.79454,230.02074,227.23026,480.75925,522.1255,45.495068,196.1362,277.37738,63.751507,222.13995,187.11288,524.3067,315.30823,182.45946,292.01123,495.47745,487.63202,465.72617,135.39525,304.51822,585.6395,262.59753,71.71932,198.47609,18.857822,223.6694,174.28603,259.73682,204.45457,47.125298,472.2098,262.72656,126.43684,314.89587,196.37778,25.34454,483.69666,537.3246,325.62537,253.5018,67.06162,78.76736,467.6497,405.13068,98.91374,132.15031,349.61737,577.16425,479.18073,811.8674,896.2002,481.1305,606.9182,470.79874,230.99231,711.2552,865.1224,1014.6161,991.30884,604.3177,319.3929,522.5047,307.59195,222.60732,328.22043,296.73813,132.07672,171.55722,259.7388,321.88562,170.27809,187.90059,455.77512,81.58347,74.28001,87.87233,159.33923,252.42412,27.439865,399.85782,420.6205,341.13947,357.65518,281.12686,281.32507,266.64572,432.31253,437.8302,458.75394,460.9695,554.0206,708.1754,502.16736,385.40588,284.6695,151.53923,400.97266,537.8111,855.7442,573.662,137.90222,97.610405,267.0402,636.25,Desktop Computer,$Whiteboard$Printer$Phone$Shredder$Google Home$Desktop Computer
566866.3,239153.61,7435.831,3563.3647,14852.428,6004.939,6674.6787,6825.699,11046.743,7078.5757,6153.03,16551.637,66144.875,51099.992,3941.759,2644.0347,4655.2534,4645.9834,838.67676,2197.784,3889.7898,3432.421,4603.933,3124.2695,2645.7234,4746.689,2705.529,220.50136,1748.5309,1532.897,1082.3439,1974.4246,4377.849,2055.8423,771.43854,506.59714,2082.9055,4882.7603,2035.3624,1361.1016,2035.3607,984.77936,342.22037,516.8645,1332.4467,1087.8348,1045.8127,319.50766,724.9173,842.0255,648.6028,615.7633,217.45554,727.6948,842.8537,22.644428,135.3178,503.05893,440.46146,572.12335,287.97812,237.37285,847.2809,397.30963,149.04633,318.47598,505.29044,814.8775,513.16534,491.52417,355.69498,55.96768,349.65244,503.77698,782.0472,207.78888,154.99457,162.92245,268.41553,349.7082,194.91673,212.67162,25.917662,231.37013,280.87933,277.0609,421.6961,126.617355,241.42848,288.88376,311.69077,460.07227,633.4591,433.79086,383.9443,346.63782,365.25272,270.0836,267.08127,429.49142,224.27321,269.9854,331.84525,655.1212,649.707,313.73297,629.134,150.92783,427.70667,505.1969,378.7981,326.77118,65.363045,581.9421,689.8415,125.969,219.54317,206.68404,125.23907,173.5149,172.25713,356.12616,514.63525,325.70132,327.20688,61.389244,314.4965,236.957,111.62779,238.47485,328.84354,170.29294,117.323135,546.75555,1125.2379,182.86508,567.0819,369.6809,301.1476,389.01947,440.3696,79.32022,155.20966,640.2147,466.4537,216.51689,211.54433,302.7837,135.25276,166.62085,451.4149,1094.7924,711.6698,346.7236,386.69946,400.21548,235.46152,465.95663,521.859,121.99864,48.174374,111.67974,289.0403,704.799,531.6219,344.5033,511.65286,253.87431,211.27675,83.279655,369.7598,340.22287,101.12795,403.89453,236.99097,288.48203,83.687584,306.9065,169.45804,372.77167,78.306076,186.32576,201.93248,321.3714,286.69308,65.34759,196.29143,267.8091,141.8973,291.2996,394.88596,351.36954,414.28018,137.27783,498.45383,386.09476,287.9044,212.51393,364.16736,127.745964,218.88187,217.86656,562.784,1253.6455,889.6838,273.3316,637.86664,499.00262,207.97469,675.6052,715.627,297.782,143.24771,131.56764,473.2584,578.52795,134.34016,254.87424,174.35428,275.29233,265.47324,31.119825,185.92552,55.964653,303.35587,442.80414,123.73243,157.05527,231.71375,81.16183,382.143,422.07092,514.2852,433.50455,292.7431,293.24948,85.797935,358.9906,409.64517,170.71896,164.40599,302.7054,192.63834,216.6777,311.8801,146.67737,321.8851,399.65717,449.5894,171.28142,340.97858,80.22001,258.4423,415.41055,588.66187,712.4627,215.5625,Desktop Computer,$Whiteboard$Printer$Phone$Shredder$Google Home$Desktop Computer
571111.4,242980.42,4987.0728,22280.775,14257.62,5480.792,8848.794,5085.557,15847.107,9163.204,5723.7144,11279.2295,60679.91,45077.44,1782.5502,773.5814,2601.507,2814.5598,794.6487,1030.5492,2961.5718,3973.533,3494.105,1627.8134,2927.6672,2752.823,2697.2195,1176.4807,839.6602,1740.7361,1519.947,731.50275,3454.413,819.8439,761.99854,1062.9684,1739.1755,4913.8374,2953.2986,696.33154,856.8413,210.1561,405.0419,944.57227,608.81903,1064.087,1011.58246,418.452,974.56116,1906.961,1264.3826,1197.442,833.91327,765.1189,758.01575,905.9829,414.35165,560.9742,557.44867,321.05768,315.4007,560.63666,626.6748,322.77777,124.69299,108.92389,523.3784,287.5907,537.93445,428.30862,219.75653,282.81967,393.2097,285.50107,588.9168,371.06042,251.6345,282.87537,245.11171,518.9754,193.16652,176.14807,144.37006,290.6447,126.37648,165.75185,371.2054,203.0317,289.20218,110.00133,146.98,305.45154,326.0028,419.65436,525.99115,59.39654,47.881626,71.86371,345.53067,284.0011,581.70844,468.05328,327.48654,437.34412,284.5693,143.08969,357.33276,146.16933,95.80336,471.97504,350.75247,506.07465,402.0907,87.790405,753.3886,684.77637,572.08154,678.15515,850.8179,347.13287,244.97949,128.36674,346.14764,168.20459,192.05476,151.18779,99.21522,331.53262,235.98021,476.87775,603.27515,518.30554,545.54333,1192.5326,1419.3987,157.43933,460.48874,294.03717,232.22063,681.7345,650.705,108.47253,363.4691,374.48608,260.17798,133.78564,244.64722,390.7764,508.99133,547.4094,394.78098,688.9164,570.50916,493.6623,327.28354,317.33997,222.86743,353.70734,387.62985,517.7877,344.59653,222.18045,262.4022,299.835,281.84534,332.69553,505.84988,370.5187,165.23859,529.50806,342.12305,300.79227,253.54973,209.61572,520.73065,375.68393,448.04144,288.3845,332.18716,83.507515,262.06683,224.17963,87.756584,132.64961,443.19922,440.10715,333.82416,225.02213,324.29575,207.41779,145.89554,155.01515,405.83417,425.75467,173.16173,680.55566,500.1229,482.32394,724.4423,518.05597,87.59365,242.99756,340.39432,367.90933,789.54584,311.78363,613.6676,695.8524,585.59576,708.4953,436.5611,246.50449,326.41434,383.30252,106.79733,688.83264,700.6657,431.54303,233.20404,226.89348,156.92155,343.2256,203.74612,362.52518,375.39713,234.05142,398.24942,447.65707,495.7754,274.61285,245.18214,384.31058,281.2178,94.93424,178.27547,135.83171,249.02184,233.32619,118.44084,68.47648,142.9509,249.34467,359.01968,395.0386,456.33224,394.54996,66.18534,251.64684,331.23273,230.21606,324.37872,540.3108,447.71933,145.06975,290.50565,386.83405,754.78125,Desktop Computer,$Whiteboard$Printer$Phone$Shredder$Google Home$Desktop Computer
561789.5,239283.98,9412.856,19749.97,15979.245,11508.321,13614.802,2148.6743,9678.299,2824.5073,4027.3372,15142.245,65801.055,52919.113,6783.067,3077.5024,3923.6426,1228.0842,1248.7678,1763.9967,4364.804,3583.5986,1088.5175,1195.3215,2991.5432,3631.3066,737.3258,992.7513,555.58844,1175.841,1053.6913,2082.4546,2005.6101,150.26628,735.0511,1112.3812,2367.365,3624.6335,1601.5912,568.1002,962.49146,274.06522,1047.1759,1045.7017,557.9184,209.8298,177.61452,658.7292,612.80536,1333.6339,1510.1045,722.2371,895.90753,265.93713,945.71765,863.02924,624.22046,257.02054,370.61673,384.09045,331.30215,314.30646,622.7492,238.64513,193.94667,606.40436,808.5023,633.4971,326.0688,409.7825,435.39117,687.1263,503.5845,265.6047,463.57227,337.46585,175.15717,489.0466,407.30582,218.43619,192.18146,109.50972,224.66696,278.27914,400.2416,456.81335,345.1278,429.17822,275.50577,388.93887,592.68604,549.7465,274.9259,426.308,790.3395,630.4981,575.1451,349.672,86.04696,328.7181,711.2468,578.83093,339.60703,572.194,535.40155,427.21024,164.18968,344.18362,121.4095,219.59009,114.60261,233.76878,120.05276,173.82648,105.714294,151.16077,61.284325,192.62247,233.07797,331.38992,208.02786,65.63665,199.40935,431.7473,514.0742,388.71503,287.29904,238.614,270.81207,725.1631,610.8207,497.95667,766.1496,1344.2721,1352.643,226.71844,638.3277,678.9354,628.812,745.8789,420.03293,339.5499,245.04366,184.85919,463.0264,309.86157,96.64705,96.75932,130.00778,16.736355,226.68172,360.1437,526.3981,269.0495,312.55325,416.75146,386.01266,513.0933,259.48285,190.56673,188.56378,365.7983,174.86217,50.582195,21.229614,86.65593,260.70175,165.87799,206.88351,398.9858,263.46887,310.03546,167.50465,133.76266,151.55936,133.12709,360.3848,147.42169,19.43384,290.53906,364.4002,302.3881,324.78067,251.63246,495.45108,261.69522,217.08511,327.70483,184.87224,316.1213,224.75943,48.027363,164.12936,264.29968,207.66293,401.0144,318.42935,525.1065,324.76016,505.53778,853.6998,519.74414,398.3747,320.59354,419.74377,998.86676,1663.1752,896.059,293.65207,351.62653,558.1401,326.22968,266.2674,347.49222,168.97018,260.92496,178.23486,175.24306,64.869026,135.85158,93.1658,152.4144,88.00358,85.16858,301.68344,336.45084,230.23032,91.38386,257.09753,237.33203,70.23467,344.52554,400.13852,357.68573,161.87567,76.74094,112.23248,135.80879,420.91425,591.895,307.63162,83.75834,292.62466,361.8362,84.27303,84.77626,245.12282,271.22998,344.60034,525.07043,167.491,302.17987,295.88132,357.00113,362.0346,917.2974,984.3125,Desktop Computer,$Whiteboard$Printer$Phone$Shredder$Google Home$Desktop Computer
564150.5,241025.12,1413.3712,5454.835,1631.8022,4861.533,3722.5413,4449.4443,7894.889,3747.8782,5596.058,14752.598,63333.54,44013.426,2682.3271,1634.6493,2097.8289,1717.3676,483.07422,2849.3132,3793.3013,1119.4313,4249.3574,1188.1385,3187.6047,5562.8574,2464.8086,1270.0009,1680.5258,2679.4617,1563.9464,1872.8146,3357.6184,1362.5612,1138.447,1667.9103,1977.9824,4339.3027,2664.3567,1764.1552,884.56146,1137.1141,763.0275,171.2895,1127.0995,1014.6015,445.54166,805.18176,1471.6609,1616.5214,1223.6345,1786.3782,1267.5249,250.77191,869.18475,744.9134,331.64203,1012.9187,987.8446,506.59985,1505.6776,1393.5082,690.8351,845.78674,936.5285,618.2331,605.4469,515.5716,783.2386,237.4278,533.9768,920.4317,242.45187,207.59691,207.60637,255.931,362.16074,90.568886,35.342575,328.38858,245.0703,325.23135,457.55563,453.12653,279.1537,426.66965,139.98787,123.12401,308.29282,155.54291,140.10005,252.24345,214.40614,545.7876,38.296574,132.69977,489.27768,91.68771,616.6233,775.15015,494.26297,665.32214,459.27124,517.94055,168.38576,390.117,63.881447,271.9467,211.78021,40.205566,80.00379,188.38371,317.7856,78.782364,146.0927,106.824776,305.60953,578.9438,418.64505,178.72401,295.80927,146.87561,84.57449,36.77203,282.4835,160.77141,307.63065,156.31042,65.81689,477.4507,655.40564,553.91437,541.3202,718.0504,1341.2518,377.46887,528.901,374.49048,301.391,373.5452,80.02751,99.617325,142.22734,285.70676,324.58795,330.13248,202.7563,53.566586,207.53154,136.5474,50.317074,220.3926,604.83167,944.2161,208.03723,439.02286,590.7013,196.818,279.81894,442.26373,344.25284,290.60953,274.9477,286.9955,386.87335,178.33026,228.5292,389.0783,227.34146,97.88263,191.72871,79.368095,172.92528,123.471344,138.63515,74.941765,172.29782,299.35513,168.98651,244.54376,367.48212,327.8609,205.33865,189.17363,31.43069,309.44894,310.29874,184.94646,340.06247,213.88168,437.42807,380.79456,101.62493,329.70312,160.5098,137.45865,428.40048,457.183,312.50754,268.29456,564.88556,493.03055,534.3855,698.52625,590.10895,637.6745,810.8701,681.8079,1042.3678,291.81387,353.28506,78.78651,397.07443,726.1129,499.222,118.770935,346.53375,333.63116,221.31189,143.7606,235.85243,411.6343,282.29642,102.2069,419.1245,129.87657,279.96353,316.54483,218.68599,61.751205,289.71823,160.40007,154.533,183.44016,74.00388,276.01196,151.47762,64.522224,207.00899,269.14047,74.17111,126.770096,220.24567,471.28156,239.80661,74.051674,258.31412,292.9792,175.23718,284.393,272.9623,504.08844,281.13712,280.55493,757.85254,905.07794,579.75,Desktop Computer,$Whiteboard$Printer$Phone$Shredder$Google Home$Desktop Computer
568790.25,242460.61,3800.2593,9750.554,7786.351,2859.8335,5892.933,9047.682,8585.146,2246.5293,8746.517,5969.0786,57992.223,52287.17,9539.8,3115.573,1774.3854,2477.5413,2585.0972,1176.0605,1675.0571,4585.3447,1900.9985,767.38214,1999.9622,3186.4734,152.76947,1699.2288,2456.655,2209.9414,1414.0219,908.96045,2071.5725,1632.9575,1623.5125,1632.0015,1511.0001,4469.3423,2154.29,374.94397,607.069,833.73895,944.2172,696.00543,837.5216,191.82184,711.59485,761.9939,789.4248,547.9955,482.41306,1254.2444,1202.9596,656.57336,660.26697,396.8509,787.20105,229.15717,151.50021,835.50446,1401.2289,287.31305,948.70544,622.8796,388.36398,647.452,644.7474,540.6308,858.2118,558.4762,237.33228,56.943142,473.81165,651.5405,158.7334,530.89075,760.8164,220.66064,240.68204,106.36926,303.7208,400.38632,272.76923,310.9831,855.94904,612.623,619.9711,271.22223,443.8082,264.93924,395.7181,141.62083,534.5527,664.7512,603.0522,497.42664,1045.1987,391.68518,575.76294,709.2064,436.18292,76.761314,775.8171,634.1988,762.5901,645.61414,443.02606,400.39597,505.083,243.67172,245.59969,354.0723,605.81964,459.38193,585.51855,306.78278,271.12927,189.96034,167.31287,613.55536,469.67093,310.6403,128.81596,351.07016,298.34747,155.44977,219.93097,398.21832,284.0577,265.68787,344.1501,628.8274,709.02673,1170.8687,1041.9082,195.9329,345.21698,244.45647,203.7903,264.44702,185.87463,60.963528,202.65628,134.14636,47.71546,273.06363,109.99302,287.37762,215.89449,447.0175,440.9342,696.3488,673.1618,242.62569,922.73224,741.9207,647.9759,367.01953,204.46526,177.6386,120.69994,166.23361,175.17291,52.019783,164.7257,492.60703,388.20908,435.5355,354.48517,364.7129,229.53157,199.55768,317.3669,343.61676,404.35825,244.9053,313.07825,378.25385,285.27127,155.64006,101.70371,157.2762,230.50635,91.895515,192.87152,161.32039,60.63169,192.5877,64.81731,218.13234,353.83844,161.89932,9.064718,72.38002,64.45493,114.190384,152.20996,235.91943,73.17008,205.64278,296.27618,50.538124,161.02252,541.48456,471.21014,562.4623,1208.8364,1702.7318,927.9119,393.72864,336.743,131.24316,84.57673,386.86533,108.09301,321.0394,319.8783,321.26376,200.36258,442.50024,214.95142,120.16184,342.3464,382.80862,134.25195,351.1316,21.731276,210.6152,127.43731,423.85617,534.84973,327.91254,177.12294,270.26666,127.06204,295.0314,294.52542,145.57217,2.7667599,80.26045,45.668705,246.31071,305.74805,191.30841,89.77177,150.4469,238.88803,202.4614,241.60225,161.4977,150.12895,510.42776,561.1332,627.81323,310.5836,206.63068,359.90625,Desktop Computer,$Whiteboard$Printer$Phone$Shredder$Google Home$Desktop Computer
570499.8,244164.64,9078.584,15382.032,8672.174,6320.263,11082.598,9367.465,10673.462,7772.061,4626.4604,15754.876,64146.54,47040.668,4427.819,5194.884,3278.1846,3561.4602,2647.0679,2368.1604,1778.887,998.7514,2655.2488,1279.5256,2608.9734,2375.2295,502.20358,1631.3705,1393.2537,1478.152,878.4077,1981.974,3179.47,1066.1038,1324.4341,962.5964,3415.4092,5285.616,1890.3491,1272.0459,1418.1729,826.0541,727.8193,627.4908,805.7692,611.25696,972.66797,583.3521,597.3857,807.7511,812.5305,328.57254,959.7751,493.8248,245.5184,769.3623,821.64746,804.94696,809.56,1135.8842,480.0509,704.59625,647.52356,371.83487,547.947,464.55588,415.99567,718.2578,393.29248,408.0597,108.03568,232.8254,350.26413,481.05063,605.30273,398.50174,716.5598,786.365,441.63318,569.4127,420.19196,641.9285,440.9535,463.28033,216.7407,153.35756,367.50748,637.48944,610.6429,346.80084,310.45575,241.3146,519.8567,590.3214,429.72556,556.2095,288.4025,621.9603,904.0654,841.80035,464.36917,754.4695,1347.2825,1121.252,975.66016,1027.4188,851.42096,433.4177,243.45099,105.43826,260.59903,312.24487,73.5494,316.76266,624.9339,343.72327,323.74542,604.41205,624.43036,414.7208,290.8612,477.1335,358.58276,291.75647,19.159046,275.8966,232.98315,267.8878,528.42725,543.592,716.2011,525.6527,635.74243,916.9815,1385.4813,432.9738,346.62726,142.78285,164.50372,112.84234,211.60777,277.43088,46.59034,259.04846,404.16965,504.49396,329.8089,376.11914,516.90906,256.8878,388.7331,654.75934,469.68423,578.70264,430.71716,323.92383,483.4223,381.76108,384.6932,502.53036,358.92126,54.89964,67.278564,251.56207,411.97177,227.54936,272.63885,68.43921,351.3096,611.2281,405.44464,360.68088,380.22858,291.71802,716.9429,655.07776,489.32083,533.2097,737.18,572.39764,450.9007,329.18463,680.4392,580.65546,390.02484,424.14606,229.42746,19.749603,165.05151,151.72136,221.32588,544.1979,578.7379,527.895,497.26974,554.26434,655.7599,803.28375,905.5341,600.0545,670.8003,821.97845,368.97998,713.9955,325.53378,720.7483,501.2823,499.8145,255.0623,110.18395,309.67175,237.10869,270.83887,726.30066,512.51733,289.77783,348.91116,456.64005,300.6514,113.436844,213.629,246.10524,105.627945,85.44652,87.94765,235.9981,310.23422,432.93616,692.89233,534.59625,383.39294,461.57855,239.49355,623.905,711.4509,489.65527,286.22733,206.72968,29.916025,118.11504,419.52127,444.8123,319.5741,68.11444,156.45142,291.49823,335.52267,574.5622,262.08728,273.18478,470.91437,459.17834,386.18866,584.8231,528.7665,325.0215,563.375,Desktop Computer,$Whiteboard$Printer$Phone$Shredder$Google Home$Desktop Computer
569427.6,243270.17,5997.759,18029.303,8931.169,6720.7036,7932.365,11605.643,11435.1045,11669.514,7921.897,12727.579,65665.43,52871.414,6250.161,6825.506,7321.472,732.097,2106.2305,1828.6772,469.04645,3853.6956,3620.8535,3766.9055,1992.987,2554.6655,2368.807,545.7617,222.00003,508.61465,203.07526,3094.8923,4478.996,1533.9264,1438.3276,2024.525,1307.2228,5203.596,2622.4187,261.7443,587.08356,931.3131,1572.3601,937.288,929.91595,1294.1951,1144.0074,1335.5493,1022.85443,520.9999,1435.3936,760.9821,524.3643,412.00784,754.3185,1673.245,1347.8423,1087.0603,299.18936,630.9028,643.84607,146.71303,860.87683,489.35562,317.9498,633.62976,975.663,783.5867,217.85503,484.85483,489.3545,345.64633,427.07654,409.38016,469.76495,318.80176,306.29175,458.43173,517.8332,538.8962,524.6632,460.38647,252.50754,339.2514,315.2793,163.45984,414.18335,626.0474,400.0855,375.5731,212.57245,633.4939,631.5056,365.00177,279.94873,467.99524,718.31494,613.5771,323.16684,1008.38934,683.0754,306.6948,351.4149,401.59808,170.73909,570.5205,757.3247,665.67065,686.9255,278.70615,470.15894,678.2603,119.22227,734.8211,688.1595,350.9527,388.50043,226.52045,377.1609,408.13977,52.339893,202.90309,233.36986,96.7494,249.11356,34.517254,217.74838,235.02982,542.9366,390.10995,172.64027,703.8184,655.36017,928.0385,1088.249,435.6593,638.7224,245.58424,308.97684,106.706856,139.31895,117.12732,245.51149,149.53552,109.95153,596.3271,677.316,123.099205,615.7538,499.49844,120.72104,559.08167,1372.7726,795.1101,293.53354,373.41983,338.0078,93.4133,242.2311,420.52338,159.09395,351.5977,131.53506,210.21951,290.24545,429.56714,305.65323,419.48468,615.4186,340.3203,362.18216,384.5771,300.17563,341.19278,303.92654,334.88907,356.49405,213.09682,270.21024,254.06058,299.22964,297.38034,225.17662,142.17677,336.5327,226.50992,286.07648,479.6564,123.8201,278.69348,448.05188,183.38611,121.65976,137.57135,238.79535,502.83615,331.06503,114.09854,528.16583,575.59564,505.8125,335.43143,467.91354,403.37296,618.92957,1159.993,369.1936,1033.2072,1083.8862,795.16296,446.7511,96.57287,324.47415,370.6054,326.85608,620.53986,554.8681,312.03732,216.25056,170.13171,268.9452,205.55936,218.95673,489.71497,378.1291,138.71773,492.3269,354.55408,202.01761,201.06563,237.20256,225.79395,253.90681,457.14053,400.11346,256.34988,175.6884,304.77878,451.20132,586.3942,251.46538,104.45159,281.40125,414.93655,194.99835,399.61053,278.42746,212.80559,362.05536,533.76074,283.72382,620.6261,682.86993,356.06073,365.08173,659.49493,442.125,Desktop Computer,$Whiteboard$Printer$Phone$Shredder$Google Home$Desktop Computer
565009.44,239211.17,2648.6697,6604.0317,7183.561,8316.667,5551.352,7564.128,16486.988,3252.8555,3251.7964,13490.489,64829.484,48633.895,6321.3345,2967.5093,4297.5186,3640.8525,466.1193,3738.3733,4237.9565,1684.294,590.1626,760.3818,2902.1194,2699.1829,2269.9753,1301.8627,2245.9912,1761.1522,273.73163,2170.6138,4557.3013,2183.2917,1068.7013,1638.3167,762.1881,4186.147,1537.9756,1009.78235,1095.3048,993.2787,506.7333,544.1007,1339.302,1000.5158,918.3602,768.38873,506.57938,1113.4124,798.6054,489.69717,1034.44,848.7011,1116.4491,343.2748,733.4731,676.4609,476.0266,329.83755,9.973078,270.92786,589.6217,503.66916,300.04333,330.20963,200.94006,409.70023,446.36893,322.06805,352.46725,315.41537,397.5427,429.1603,747.1361,451.97574,505.7453,549.2975,245.04207,278.83206,381.97305,383.59924,117.14055,257.38013,219.31485,173.0099,413.13824,558.2198,236.62164,516.33716,172.60716,113.64727,195.02814,21.480288,290.9788,310.0719,451.29663,151.7394,350.32623,387.58823,869.524,713.1943,564.9021,385.28568,510.96976,385.418,157.12051,298.86295,286.32623,169.59808,255.48624,373.7788,425.23987,206.82999,372.8593,320.60623,127.2783,284.31076,443.12955,375.02298,236.01962,231.06474,324.16205,55.254448,145.93816,455.23303,545.2745,288.21863,286.69568,503.0328,544.04865,489.44986,578.90985,910.11365,1140.8733,200.31873,508.93207,60.43367,100.53731,364.9684,313.3406,274.35815,237.46588,288.9061,226.73253,680.2391,406.91937,421.08914,287.155,334.49847,510.09384,409.52896,1227.999,1088.74,389.04495,526.715,186.48035,172.90413,87.17889,584.9329,472.83032,227.18056,415.34055,216.09715,100.87106,75.6122,86.30457,377.93143,365.56552,126.67426,47.539425,67.0075,218.43391,172.23335,252.61021,289.6802,363.67026,120.26397,278.53937,112.79309,308.59625,415.9657,544.45416,482.27902,395.4463,478.7952,285.54593,117.22933,185.12784,317.74805,502.61777,625.8725,526.64667,366.03085,239.07394,311.42947,161.91463,352.7641,403.36945,174.0404,312.24326,541.91315,296.71243,474.83365,326.37268,1026.4542,436.4696,895.784,440.9562,330.2086,327.68558,34.25631,256.1466,349.14212,161.0637,310.1078,311.12094,127.24829,211.95264,294.51288,77.490654,184.86641,102.54692,404.5056,305.2562,48.485977,334.57507,461.7097,261.71173,285.0067,190.06009,111.46796,99.121895,263.63504,111.299065,283.76614,262.47485,355.7046,121.008316,195.38835,217.9341,198.94768,89.50616,245.10799,269.87988,452.2305,606.4188,356.35242,418.2893,236.02611,363.29614,389.34863,621.5301,217.59186,222.40628,490.1844,888.8125,Desktop Computer,$Whiteboard$Printer$Phone$Shredder$Google Home$Desktop Computer
567244.6,242182.06,3117.9268,6083.9414,13267.164,8956.599,4899.4297,2849.2095,15543.673,8965.549,3760.5215,14567.6045,65940.61,52226.85,6008.7925,2101.94,5745.511,5245.7393,2734.7761,1733.6508,1654.8181,4684.861,1621.1669,819.9655,1461.8718,1853.6791,878.68774,1147.7054,1023.98456,290.87503,87.65341,1554.1816,2251.714,1125.2351,1035.9265,380.3234,2492.0044,5388.0806,2800.19,390.54974,1642.2623,937.21466,933.856,479.65872,1186.9172,380.74115,891.6017,814.8806,546.6604,1289.6417,1601.9688,1084.2205,1256.5134,1566.9016,224.54668,326.67743,413.774,636.7531,384.03763,404.5654,386.84097,988.92725,1353.8575,295.47437,192.63689,284.52896,69.74218,156.5357,467.94904,337.89804,321.164,233.77226,236.986,183.65323,467.76443,456.5616,918.7884,326.00375,138.11517,350.19183,490.06378,149.79877,123.33406,79.25,171.88849,164.21623,428.46677,258.98676,215.0165,243.02682,453.04077,326.57507,177.98164,242.83818,371.38504,281.28293,188.16782,140.98735,254.67796,369.21512,758.65894,581.0772,513.45825,256.62302,18.053534,602.24915,226.89777,245.53377,582.74493,413.0748,148.12123,209.02779,482.3149,312.10535,126.0167,312.76144,244.27504,278.01697,207.49098,280.72186,343.4614,353.1542,73.38321,20.20409,145.65878,176.6113,235.14893,329.54236,306.08417,176.79686,288.78778,135.08847,347.751,766.7213,1516.8365,636.3134,85.68744,196.48796,148.13593,291.28348,262.4544,264.34204,138.07121,73.87432,71.037315,464.8088,401.2596,158.93971,103.111496,234.58253,568.54156,281.62286,922.808,783.7786,611.32336,650.19147,392.38162,341.014,423.067,61.724255,240.9229,298.755,189.99603,337.37082,128.1327,181.74167,403.4333,572.14984,632.60736,566.2662,274.3962,110.972855,193.84798,174.62766,208.83244,261.21948,126.824814,354.84857,191.49763,152.29366,208.9843,171.19627,60.11336,214.5244,222.65623,177.55319,181.12035,172.48878,80.000175,91.12143,127.29135,400.101,185.07628,139.85464,152.91106,251.4915,178.74347,132.51903,462.2912,490.78757,431.4424,153.4699,526.32996,412.2745,708.85864,1058.112,109.331535,962.94507,730.33594,201.7925,134.25009,360.51752,615.18024,615.0201,378.54147,307.76697,446.42166,195.5886,178.61162,102.64715,349.00916,250.52014,188.64041,120.35392,135.40219,198.9981,145.80183,17.177088,135.43976,380.08188,548.16016,425.1108,201.06435,82.10803,42.84486,197.0999,139.40236,190.91666,561.28143,266.86166,223.91718,352.6571,290.20163,266.40268,441.76074,422.2073,589.59546,331.8775,228.93665,136.12285,28.084225,185.90584,157.83925,273.9804,141.92891,248.58945,70.625,Desktop Computer,$Whiteboard$Printer$Phone$Shredder$Google Home$Desktop Computer
570681.44,246615.72,6137.2646,12268.429,11596.368,2578.058,4626.5938,13468.575,15292.949,5953.288,4086.2393,14902.841,63802.91,48668.953,6918.8467,3725.2957,2584.731,641.17395,1680.6072,4197.7993,3950.4673,1756.8821,4041.4414,1357.8297,4181.8613,4472.3906,1910.6708,1637.9059,861.3869,1087.06,1223.2078,2096.107,3273.3635,1024.9191,1932.3522,1630.2517,1462.6107,4381.466,1910.5319,740.7976,1609.031,1158.4882,599.6644,1097.8448,555.6927,576.2097,1576.9263,1638.8279,753.90344,984.6047,442.90817,1138.9924,1085.6565,833.6389,759.7531,410.90225,354.15796,1309.4513,1790.7416,1112.2646,856.0177,566.1255,1157.4097,1107.4052,255.46428,413.16306,582.5695,618.44653,192.7529,675.91766,866.9085,562.31805,601.4478,781.7413,339.26782,394.2112,643.4369,552.6604,148.64302,177.26834,389.58548,332.59885,195.01363,365.28873,573.12134,488.42084,386.31522,366.4307,252.73885,335.79556,62.98035,253.49922,219.53531,362.76254,535.93494,311.07635,308.05627,403.73624,341.2154,461.29968,990.04736,865.5732,268.54236,586.502,351.8641,559.2619,523.0925,522.5304,115.24302,313.01654,143.30946,480.56348,566.41644,490.12146,873.3988,781.828,104.75163,678.44086,515.9467,119.13663,134.999,749.934,566.19006,144.71826,157.25652,376.1883,358.08777,159.8516,206.65132,299.1514,282.95206,165.01472,715.4218,1207.0786,1429.8673,222.90076,446.83334,726.2268,242.70349,337.84692,589.25256,400.56287,518.6627,677.91425,442.7743,124.51309,136.05614,292.2464,264.07266,513.55035,464.7336,528.5018,897.47034,322.10504,358.21463,400.16644,40.033825,282.56152,392.45422,555.5597,553.57434,305.3293,339.1055,165.1243,132.76431,101.88711,256.86902,321.31058,218.90671,255.8539,257.8532,233.33615,284.22897,133.333,467.2452,473.3788,277.42328,223.85059,319.87863,67.802986,167.17694,266.0571,456.6126,558.1287,312.87964,284.1133,356.22754,329.34976,199.78645,263.16324,374.6124,506.82736,524.77905,229.81802,233.79814,379.87103,278.9016,105.83788,257.217,316.36783,237.60892,349.94006,668.52856,852.1318,748.49646,326.77365,1078.7069,575.47906,619.8916,258.14783,143.24644,135.60796,383.23248,407.15097,424.87762,272.21292,85.16076,444.17322,156.33478,216.04875,260.5805,465.63248,480.5911,252.49591,229.00374,348.18228,264.7216,41.81204,76.53437,216.80869,389.0172,460.8591,230.20927,315.62936,602.4045,200.94238,441.81522,631.1467,440.87946,324.33658,162.2637,215.5642,270.8226,273.95004,296.12518,622.37775,316.33286,334.0603,442.31183,124.68412,316.43887,160.8486,401.50195,474.16837,568.2013,434.531,44.3125,Desktop Computer,$Whiteboard$Printer$Phone$Shredder$Google Home$Desktop Computer
565844.56,241323.5,9369.369,7722.511,2843.531,545.9722,3832.9434,5788.977,11439.694,9133.519,6422.762,15131.852,64305.72,52935.926,10873.306,6868.8735,1312.7083,1791.074,2935.9094,3127.6975,4515.7456,6752.8916,3142.0303,1121.6741,3656.612,5847.0093,1413.4216,1958.7611,794.48975,2410.5583,247.84535,1928.5511,2588.1646,689.29114,1341.7755,547.7067,2723.288,4803.7583,2161.5007,1051.354,1128.6859,1157.1733,889.4451,104.4121,712.6568,1189.9417,1553.0863,399.78485,615.1347,1365.7231,904.0962,144.7868,1153.8528,1305.7263,117.48177,764.71277,651.0,571.9061,618.9327,600.8489,346.98773,503.00516,72.060234,587.67883,173.40413,596.52106,564.30585,349.59714,268.5407,417.64725,428.1312,304.05063,496.0288,600.48395,321.90778,270.91696,116.012665,146.66446,232.89676,214.02916,287.83688,664.7782,631.2845,503.5235,484.10556,681.4569,334.23074,394.64423,474.091,300.65118,251.39458,251.90582,179.88261,373.21304,80.970215,185.23969,244.23135,369.32303,246.90196,114.80398,420.82043,210.38681,213.74908,522.277,318.61957,421.46548,380.98834,289.4322,680.0374,665.0613,602.9861,575.41455,534.3355,739.58673,325.5731,53.402485,299.4044,100.28018,290.04138,222.82753,248.80104,390.3417,377.85574,470.3954,309.0409,287.08206,278.6267,300.48563,346.844,493.86115,338.51172,237.00687,241.63898,397.11972,1003.0752,255.71669,226.68558,476.4908,643.99866,689.60254,261.52908,660.3499,529.75146,332.2276,253.58054,376.57196,332.31845,158.73366,321.40836,470.65204,443.2247,1060.1495,1181.7566,751.03485,441.04013,328.6755,716.7306,637.67554,526.3205,365.46304,129.54124,171.56883,379.69794,691.1437,544.97296,382.81924,176.29256,216.02171,214.15678,420.2596,350.42044,381.01395,416.3596,231.59009,362.9527,236.67908,239.90312,288.25427,65.30392,295.19116,266.93555,335.73758,269.3535,26.889439,455.99997,196.61555,280.5253,73.713554,258.16034,301.93515,268.6454,398.753,437.1977,761.58044,458.8897,206.95636,120.70558,167.0977,134.78978,318.27222,248.20166,390.5476,173.2923,196.14575,757.791,729.95013,520.3284,104.3748,579.6138,267.94385,234.95111,241.57378,300.15668,389.8327,274.2226,42.093273,223.37509,148.26364,481.90878,283.98505,85.82165,354.44583,329.20108,272.12183,424.37628,49.209328,651.5118,631.0106,490.80948,441.58765,397.52448,105.90866,297.7547,356.98312,707.9307,215.49283,163.226,510.35278,250.31606,197.88997,231.31,261.90033,494.33447,477.4248,185.25877,301.1169,122.85025,286.92218,384.9873,173.53426,261.69684,452.82462,609.6069,297.743,108.938,357.38922,6.25,Desktop Computer,$Whiteboard$Printer$Phone$Shredder$Google Home$Desktop Computer
567219.0,240341.03,4552.489,11357.149,10443.898,3643.7532,2914.4639,3676.2937,12615.428,5841.475,4032.19,15879.581,68387.83,51318.81,5664.4,5892.131,7231.0903,2980.313,2183.7004,2441.7615,2732.9517,776.1041,1878.4137,1771.974,566.6824,2572.1724,1217.4066,1508.0287,2009.9235,3798.652,1974.2931,2525.9197,4695.3887,2470.2173,2186.2954,2201.3044,2641.1536,4329.083,1842.3347,344.76364,1229.7083,1602.1257,582.52936,115.95871,502.91022,774.8593,192.70815,800.1029,571.0637,1417.1005,647.39465,549.6007,696.6678,598.65515,533.1337,671.86395,782.70667,1058.6399,935.47736,436.5093,987.91064,1463.8485,1040.0386,464.7702,395.02756,268.75073,171.7767,212.33963,280.01514,466.40057,277.572,640.3093,447.46268,289.13544,534.8121,554.9203,550.7471,542.91235,382.27057,396.93307,376.36023,344.0389,517.04285,297.69995,354.6468,550.67944,182.0206,199.01273,347.3953,27.290354,263.6107,440.77173,356.77664,311.50552,313.68536,295.07318,237.48788,41.41778,345.49442,602.44684,864.76495,426.53104,609.58826,382.9189,222.06438,166.56638,306.1861,128.07646,287.5169,190.27774,27.94446,573.0092,295.6014,190.60612,531.64233,279.4404,264.8919,405.0839,106.42248,161.89157,206.14209,320.12595,220.24811,278.3356,341.49396,217.2753,257.7779,347.75616,51.08326,323.26752,239.2785,457.2641,405.0502,610.7872,799.24835,106.58255,111.8218,359.71878,336.67368,766.7113,752.4503,425.43253,551.4643,553.8681,183.63368,199.28424,276.6672,157.90236,227.25601,396.22992,145.37463,114.98981,569.4989,575.61597,482.9765,474.87955,204.4784,583.60205,702.42993,405.96844,396.36307,535.664,123.6343,69.04284,193.1448,128.29018,29.418873,320.4779,172.44186,199.24524,144.18785,160.20956,251.90782,92.221306,302.51584,296.5367,273.75006,379.1447,439.64288,248.03189,115.34373,177.69382,205.483,105.640396,154.63368,196.86156,184.28491,137.10008,244.53682,393.87323,228.47752,67.40931,376.2026,357.39352,156.17046,80.89383,135.11359,361.56555,271.5149,78.762726,350.17108,387.12943,447.63623,344.70706,597.5921,1082.5353,231.49973,1073.0293,507.29166,279.0784,157.88463,280.7113,274.49142,305.57037,422.63202,415.51334,294.56418,144.8543,201.39131,156.59418,195.92928,216.16068,211.41576,47.52656,259.93665,197.76852,328.97394,160.02412,150.77951,187.89343,120.22931,175.37993,88.64914,330.98615,234.10768,133.94363,329.0704,236.0919,281.00058,247.14073,281.57544,23.875809,232.59238,248.32962,89.731804,258.15442,237.99898,311.77557,532.16016,404.0932,271.36536,82.94831,440.87344,300.57132,429.5475,618.6831,309.84375,Desktop Computer,$Whiteboard$Printer$Phone$Shredder$Google Home$Desktop Computer
564783.6,239196.84,1571.2395,6578.378,7844.69,11888.157,6919.5415,5919.518,12761.983,7678.543,4534.426,17387.797,66980.19,51346.43,6348.7163,4201.5176,4593.201,617.66406,2171.1824,2469.8552,5150.888,6706.2534,3944.6096,2273.375,3860.614,3577.061,1410.677,1138.2809,1335.5701,1692.9698,1261.1793,2839.4756,3219.3984,1409.5317,790.4839,475.49097,1703.4277,3808.182,1501.1592,336.54355,703.59296,1172.0793,258.96054,1235.9738,1942.2804,1280.5305,1168.0496,357.69397,1454.2291,734.51556,1105.2366,1033.437,1036.9597,608.0111,424.57794,873.0223,980.50165,1611.1273,2008.2776,1666.5254,803.39636,965.7417,380.15628,459.8966,613.4943,561.5752,916.09265,857.0435,676.8729,179.01622,679.3176,572.29095,223.29099,729.23413,894.64087,516.463,711.0974,274.2913,76.812485,182.02292,249.46399,81.39395,340.85037,347.8374,121.27899,218.79298,399.82806,562.1042,528.9617,312.82642,85.25288,157.57304,308.74292,277.6076,277.31625,268.32126,496.35315,291.5688,67.186485,98.51426,532.3492,938.5594,302.12692,238.53455,624.9109,607.04584,299.7704,46.119843,183.92229,379.00482,23.05779,442.1305,278.47302,662.1348,726.86224,200.42303,244.01993,554.69684,366.15277,231.91347,566.1573,233.47362,130.73988,237.90695,55.011826,149.991,19.155676,235.17998,549.8559,379.5104,60.564716,570.04034,428.85193,794.39874,1117.2343,344.6363,613.0205,328.21323,422.9047,255.47758,275.53088,235.90651,322.5661,298.5303,65.49836,133.05632,240.97499,241.17233,164.98103,244.41516,159.9468,361.29266,642.4776,373.38208,457.32422,339.86612,387.3731,250.82426,245.91338,65.06524,195.41905,308.2849,164.40292,49.778095,128.0326,18.68454,130.96547,221.93616,278.60666,277.58725,351.50592,142.26894,158.87308,16.327314,201.53618,68.676216,267.43256,96.92326,215.78152,165.19029,42.352215,345.1551,503.53482,188.57994,242.73318,297.87003,262.08395,227.74878,287.99347,200.27702,298.28644,226.7953,149.10992,359.43845,267.39902,224.8611,162.89044,122.419395,453.91782,270.37155,431.0907,731.00446,840.904,547.1134,118.10091,1123.957,1117.7056,358.05792,598.05695,610.604,379.52832,511.78854,430.55026,211.5351,161.38591,70.523766,473.99173,438.327,235.65054,158.24536,293.2851,218.47386,324.05035,256.24225,228.12032,69.637474,110.29317,71.56218,193.23325,477.88864,292.35953,109.861084,382.1379,286.91647,243.99445,219.58626,248.26479,107.68645,167.17361,335.53784,172.47496,308.05496,311.3198,285.31476,293.32385,285.97827,365.6476,225.30132,101.37222,285.13773,46.00055,404.6614,94.39635,439.29315,352.41162,435.26053,332.34375,Desktop Computer,$Whiteboard$Printer$Phone$Shredder$Google Home$Desktop Computer
570573.25,246515.97,4384.064,7692.809,9253.812,5076.209,7649.077,5213.77,8781.818,8271.682,9200.599,14205.941,64167.113,51999.066,8706.093,4521.1016,5375.4727,2319.703,289.70163,522.0591,1319.2107,2908.884,2968.1062,670.27124,3241.1687,3182.6904,1825.1265,1436.2388,2559.1555,2658.1821,3462.8015,2777.636,3663.129,2944.9016,2056.7803,1198.0149,1394.0903,3363.7805,2492.6565,868.0518,1290.6785,928.4255,659.54016,327.68292,640.89984,1075.6245,1194.8341,1247.3722,423.33722,1841.3188,1595.4866,1046.9178,810.62317,1296.6903,546.94293,887.22675,826.45325,467.85013,329.3751,798.6351,1372.8801,677.4283,441.4484,196.09668,294.99554,317.75446,375.29715,237.17842,668.77747,314.5121,585.06696,542.40265,795.4769,954.56555,1297.1945,865.8313,960.4412,651.6384,232.62169,172.37546,393.66373,326.10052,264.3561,95.36607,330.7426,366.2127,429.5612,65.54534,285.35138,692.5261,737.7373,447.64648,401.7304,362.22937,138.12468,316.3054,328.16058,397.1513,810.0477,1033.8787,432.20227,132.72525,467.65314,346.08176,274.32843,122.12098,377.94833,255.15259,152.61314,209.31674,307.63123,572.5617,391.46768,433.23804,256.39615,215.61192,42.699505,241.09744,200.85724,339.37628,165.93188,225.62117,77.558685,130.95589,67.56261,165.54834,210.07233,99.67637,217.62521,352.10608,372.38794,262.71133,236.5158,919.39874,1276.9684,266.72708,510.17258,444.87897,275.10007,204.59073,191.16833,157.79524,61.95452,99.70971,153.39297,118.97602,135.11726,78.18979,275.1654,87.0529,406.49255,723.4029,1003.8037,507.96127,357.5374,329.6664,114.59016,114.887474,306.91986,292.27148,189.21771,242.04245,13.815387,71.69179,316.562,209.58786,219.08362,174.38852,137.46295,142.64409,251.20197,476.68982,299.2703,121.78296,48.838356,164.8734,422.49127,283.96417,226.05948,130.76532,196.17555,294.5955,102.874916,228.21115,197.77003,221.0417,305.20547,97.96028,126.648544,185.1619,350.0603,463.94846,597.2299,665.25775,359.2934,300.68457,616.1428,516.9185,104.19541,144.29103,119.92866,292.70908,180.07227,391.1666,415.22015,1031.7637,457.803,178.30252,844.374,448.40955,205.2918,147.6729,106.03323,575.9086,791.7221,671.15735,384.8069,184.5121,246.6813,327.26736,474.10165,264.8637,142.68762,28.799717,249.32703,157.46843,214.76338,100.558716,197.24603,81.610374,173.27223,183.99448,329.63138,174.16495,313.0546,242.04292,458.30096,505.38242,447.54462,365.12833,382.09198,369.2514,514.37604,316.15454,295.78952,250.57286,118.99649,169.16806,149.9885,438.61948,793.67474,692.5311,222.11765,128.1364,77.93527,344.33932,525.21875,Desktop Computer,$Whiteboard$Printer$Phone$Shredder$Google Home$Desktop Computer
570649.25,248174.23,7226.016,16168.967,12465.082,7041.653,11636.539,9420.61,9153.894,2140.0132,5658.5825,12797.837,63997.56,49161.05,4267.5796,3561.2688,4789.324,3159.7888,1481.1836,1361.3896,2271.2927,6013.651,5336.0283,2204.116,2646.3088,2262.8271,575.8238,1250.7588,462.90417,593.9284,766.5737,2292.3413,3757.0452,2205.411,1940.5552,1328.912,672.4314,3691.6562,3014.5845,2025.7218,1122.7053,608.86035,655.51276,627.96027,765.8521,1138.9181,318.3064,171.5578,712.4384,571.19806,283.6607,985.756,1048.8225,190.09383,1111.8317,692.5986,785.3118,706.83307,122.377594,822.2064,1246.1724,830.5453,719.31213,605.5294,337.22937,163.72356,340.53537,101.55482,151.08447,84.4323,426.66632,593.7189,353.02005,893.9784,1552.0663,978.327,854.41095,726.7356,382.87595,110.126335,554.2749,726.8641,580.8851,360.8524,506.63757,349.51154,289.46,319.15146,465.55194,106.04661,173.60939,296.37128,145.34651,634.4825,481.05078,203.97874,619.83307,532.2616,158.09367,334.13885,1051.6498,1069.693,206.44768,766.01575,488.93634,165.83755,128.7746,60.755463,238.6376,358.34375,527.2142,459.2053,380.9544,49.609104,69.31725,382.4382,247.66461,402.40448,420.3596,400.40955,300.60406,367.73578,743.8839,664.99426,294.46362,150.55312,361.4479,405.40686,193.81726,328.74496,423.0731,319.3579,315.16257,770.3867,1648.9447,513.9447,249.49527,381.0795,167.00606,67.98303,101.06769,154.09973,101.009315,82.63302,15.743937,71.273796,40.98254,309.53174,412.0979,138.42192,460.12753,603.18756,961.163,951.7593,260.3015,880.3227,963.4883,506.8054,265.89813,435.00726,193.1849,327.86118,160.0504,190.19131,357.89185,327.295,363.25388,282.63647,44.14896,178.14629,137.92749,519.7328,477.02658,355.6925,459.5395,161.09984,81.64261,153.36552,395.56622,383.78122,258.9397,207.9619,236.3067,322.9044,313.763,225.61348,115.49577,512.7479,646.46564,388.8475,385.47278,513.39734,400.0662,206.86365,65.90716,163.20065,127.43938,153.98567,183.8485,261.85703,406.40604,282.8425,164.56511,254.36778,1062.5219,877.0025,647.02,1033.3397,545.4611,281.77167,203.26929,351.7145,512.9739,215.0161,289.62213,340.88565,448.56342,577.67017,373.26486,294.26483,413.72354,115.95884,382.0167,375.94708,178.71205,113.641785,285.43835,243.36304,302.2049,398.64777,179.65793,47.130005,152.64691,219.04404,254.91125,459.2149,188.31575,245.66466,358.89154,187.24251,280.03772,327.8766,59.57894,321.15036,206.86357,371.87555,139.57997,543.313,481.5875,229.25505,590.09827,425.76846,328.86432,47.574444,477.6741,341.65387,231.46875,Desktop Computer,$Whiteboard$Printer$Phone$Shredder$Google Home$Desktop Computer
560904.0,236704.97,6718.2056,6387.592,12761.231,3105.633,6913.234,2259.9634,9246.028,1091.8619,3733.1934,9816.735,61097.695,46941.945,3291.764,1842.5193,2037.8109,2451.9033,560.9835,1132.5668,1184.404,1730.7805,743.8934,1866.1177,1444.303,2831.9045,857.7789,547.98517,1517.0656,155.33952,662.48663,455.08282,2382.953,605.98596,326.54282,1200.6084,1112.833,4085.8896,1023.8582,837.17163,688.572,393.49747,574.4154,180.47249,397.36673,609.5088,1126.3302,618.4789,609.9176,1039.0565,263.0247,794.1018,156.72229,484.21603,1154.67,257.1542,437.2581,286.43433,768.91626,338.64026,311.82373,671.7884,98.24914,225.03441,289.88562,267.5626,392.02393,387.80014,122.959236,427.12283,124.26562,334.78705,217.88318,418.15326,551.6309,319.91858,146.81775,215.08295,255.72523,149.93492,234.89175,137.821,359.48575,262.37872,171.23354,356.49725,243.3501,340.12097,211.33263,539.0745,67.034546,439.2996,62.702396,458.4444,290.19446,688.5587,345.44745,245.4147,448.30167,469.42914,634.9623,444.85233,924.78674,260.6348,1003.2841,360.3543,108.51097,141.08705,91.412544,22.101873,285.38803,340.71454,318.648,178.70474,122.60552,436.51257,257.12674,89.038895,91.73437,223.221,122.97939,246.61108,249.76442,294.1026,61.73668,152.28941,260.79428,130.00328,167.75006,380.33575,435.18008,198.39766,41.445786,898.5521,1235.9622,305.33362,764.9007,180.72751,202.8428,198.99187,151.37823,64.68845,212.72186,241.50066,231.488,255.86417,185.91983,448.16812,349.0213,142.53629,217.55229,613.28845,668.96277,385.59906,513.18805,421.33527,531.6803,427.92386,104.24296,265.78952,48.652336,82.28755,376.9731,374.40347,110.0805,36.11808,135.08992,277.63382,77.59744,54.041965,221.02223,247.21141,252.95518,455.0724,488.09464,251.43123,42.44008,239.51428,251.17278,232.90335,68.01087,155.36197,219.17285,390.18384,88.20634,274.58606,219.89665,233.85168,183.37337,74.06752,305.20172,430.46783,50.445354,213.22694,247.11769,307.67862,239.19714,138.66373,80.89901,187.85077,368.00616,507.51877,147.87285,455.7627,346.2539,1256.3525,928.7133,475.16,420.58017,125.17055,311.54614,575.7003,328.28915,89.171974,220.94136,159.70003,167.87042,209.0728,106.70571,307.56003,206.38438,187.17415,149.30365,42.786957,159.98882,120.712906,245.81824,196.95734,162.9322,64.5606,15.682039,118.81564,146.17607,154.7338,81.2362,133.1002,136.99313,162.17773,331.4996,76.042114,189.87729,73.001465,313.89984,148.3444,359.06238,217.70619,300.4106,233.36844,467.2887,103.566925,358.46643,336.20682,330.1805,317.63254,541.5819,162.75551,989.71875,Desktop Computer,$Whiteboard$Printer$Phone$Shredder$Google Home$Desktop Computer
569614.1,247981.39,9643.5,14016.562,14230.226,4444.222,9050.44,5082.5767,6743.697,8147.372,1498.9348,18070.266,67536.55,49956.805,5780.8804,4409.2153,4939.7163,4072.3877,1780.3535,2642.4788,1541.5226,2310.8013,1233.8463,636.4951,2217.9832,3839.095,1674.0006,566.93286,1132.9921,695.1844,507.12802,2121.6355,2780.4292,897.76166,1111.4915,1435.4497,2677.0483,4482.3623,2395.6736,1047.6365,1553.7609,1110.6969,857.4853,327.2708,333.9407,331.3329,938.462,521.881,469.78067,735.7957,348.6033,666.4344,519.5936,344.4475,1402.2461,1028.2019,727.86835,429.20822,811.58203,538.78827,379.04773,310.7826,589.1252,188.62491,44.79298,111.993935,525.5228,312.1253,357.1469,184.22174,219.84525,591.4648,335.85147,212.11993,443.50967,356.79086,418.08307,187.14142,324.02734,380.86722,291.564,466.8639,497.57407,431.19693,493.5437,345.2963,307.61395,208.28847,389.90073,570.38055,477.29666,12.703651,666.77484,212.02736,312.43927,382.23816,228.0443,354.5244,513.43365,122.67954,528.3157,81.595055,817.6313,1091.6578,379.80054,396.05563,477.77994,381.3927,330.1011,164.31628,344.27783,177.83406,152.71481,490.25952,497.6364,588.7369,452.69562,254.14671,210.21153,374.50723,465.56436,243.5457,351.56683,459.9747,451.69797,669.94214,426.96045,392.15836,289.18167,330.43323,35.84019,45.30537,177.07689,483.1263,897.62006,352.00015,981.1281,533.8932,516.5973,387.21713,528.24585,599.7683,690.415,490.152,609.2189,816.69055,809.9052,486.37936,146.47006,429.53946,554.32556,253.33441,178.17303,441.78955,484.07214,214.35095,509.33185,571.3963,482.14014,441.32578,282.58597,160.39752,96.78821,93.06473,306.09375,248.92921,399.52444,437.6881,244.31876,290.9279,293.5561,389.00156,382.29538,304.53714,313.071,283.4784,259.6224,332.85953,412.42578,326.27304,301.6641,342.00186,369.47305,377.1763,475.01736,514.351,327.37473,257.61914,213.41861,41.268024,237.12965,325.9041,133.4873,233.97823,375.70526,388.33063,340.8407,242.05579,320.65826,119.8595,157.82521,518.228,452.2943,91.2765,590.58057,747.99414,331.71954,463.01688,468.9588,607.5278,404.852,513.83563,392.00116,159.57619,290.71536,272.30832,246.3085,47.80107,227.78319,222.30585,174.99275,365.65683,332.25754,287.23682,100.96401,209.07607,7.886233,247.47108,124.82627,123.2128,85.86018,70.5647,63.38265,109.24113,213.19313,242.66113,180.05045,179.6019,60.253754,275.38367,65.838615,314.90833,61.274647,161.40067,34.375668,255.23045,251.94456,252.60133,74.32319,445.6557,326.40408,426.32034,393.00885,533.6479,319.9239,541.3854,1141.375,Desktop Computer,$Whiteboard$Printer$Phone$Shredder$Google Home$Desktop Computer
566172.44,243653.25,8466.453,6654.0835,8224.794,5290.758,4425.1025,3630.2925,5137.492,3693.3918,4943.156,15667.227,64985.324,50245.35,6379.196,4091.4233,5633.429,3612.83,4724.71,4293.7915,2079.596,4090.8474,4393.0225,1908.4266,260.71954,1421.921,2223.7043,1198.867,1628.3724,1795.5676,913.15765,1502.1744,3007.2207,2452.7976,1757.0497,1267.3984,2606.886,4417.9146,2628.5098,613.39954,1055.4506,1050.6108,394.00296,473.15552,454.1705,583.21735,411.7466,270.4787,411.52112,942.41376,151.04332,510.04,1193.7119,702.4116,549.29944,761.6239,531.00653,261.1914,63.68343,248.36378,385.94662,620.0464,480.44037,238.54338,345.07437,423.27567,299.27072,213.59937,180.62453,443.35867,148.35353,351.4631,122.34001,341.75287,317.10944,175.44699,120.918846,230.08333,76.18198,72.41043,148.73232,557.41,361.73227,78.18631,138.31291,281.61325,68.51019,205.61092,239.82465,304.76443,199.81255,93.01809,165.02078,422.9898,231.80817,242.62762,77.6,151.38004,162.39677,579.9861,502.4585,53.28985,428.4698,585.9434,242.00163,110.64198,310.482,230.29814,536.43555,200.67859,96.93562,30.897234,88.28651,312.23578,158.05699,215.22823,316.88443,293.2501,231.65657,276.06265,127.8657,154.38533,254.19891,160.40324,258.23395,142.08075,14.653374,469.12875,546.5745,24.797466,182.73018,317.57812,340.32037,872.41113,1111.3799,565.60925,521.37836,103.597275,248.81552,370.08344,306.53342,196.79279,383.18924,338.05276,373.64355,117.91476,366.9012,397.77145,36.82657,384.53763,465.61417,619.65063,774.36847,622.3979,282.8302,264.1881,572.4512,326.10104,179.34126,196.90175,349.21027,343.71365,240.22527,120.42342,114.33153,291.98904,85.25015,184.03223,214.8481,150.63995,153.8274,332.739,248.51447,354.7821,369.50555,161.2186,223.64287,218.5177,119.338394,85.58698,202.86632,247.81792,270.42715,150.40443,355.13824,195.70026,147.97806,95.34711,130.93213,191.23363,193.07117,319.1544,48.957836,116.57851,149.42027,111.3,205.39624,419.03787,669.49304,640.3104,840.9151,898.0185,801.0367,623.32355,358.74722,604.6513,649.90735,760.7456,577.9997,328.68845,412.3342,233.46948,389.1985,211.71086,180.6552,404.41068,393.53146,377.2398,449.9102,342.48672,166.54964,131.29791,214.93324,283.9066,408.35858,297.28116,189.67581,397.06647,568.63525,494.36908,367.41046,273.58926,281.34637,275.8075,314.17578,304.91858,359.9119,285.00034,390.501,298.62216,115.4074,299.88364,83.06182,189.2793,299.65674,214.60323,245.77228,326.08627,296.60706,403.9703,431.23474,463.2023,706.42236,724.8025,497.73984,186.82523,111.4375,Desktop Computer,$Whiteboard$Printer$Phone$Shredder$Google Home$Desktop Computer
568368.3,241113.75,1878.1298,8015.0767,9573.785,5724.875,4398.487,6183.701,10557.047,6037.7515,5093.0854,10766.298,63354.12,52105.406,4201.025,5540.358,7255.862,3774.2815,1999.1483,3354.0652,3783.283,5033.626,1092.4122,2357.4734,2986.7625,2445.674,1090.824,1456.9415,1385.2915,2297.0525,1050.8864,2782.3367,3411.6174,732.0741,1274.4993,1505.9274,1462.6389,2984.8364,869.17737,1975.4424,1955.6953,834.92816,652.6134,342.79813,220.81013,317.78616,650.8925,574.3439,1079.3665,862.3104,1790.7421,1676.2427,1425.1731,347.81714,1228.3317,1425.749,1171.9211,610.9487,603.68884,495.38165,233.09787,937.7262,1034.906,894.7672,558.4921,765.2675,414.13287,377.0706,228.93915,296.26727,517.90247,366.95053,359.61453,677.5073,771.9284,803.6246,374.16953,283.5126,254.5466,554.2133,657.82666,359.93918,331.92578,361.1061,319.51904,313.31805,731.07806,1045.0597,544.28925,232.23558,325.17935,148.15718,197.16458,370.74075,360.50482,487.29703,31.996704,405.59103,449.17047,79.73357,636.0231,672.56323,176.85287,399.86124,243.47438,102.55909,612.35004,151.55537,303.009,315.89465,198.18512,156.31517,312.17075,496.33,163.01079,441.74838,601.8914,333.6918,280.66895,338.83734,166.20985,410.65878,371.4665,169.85704,296.2757,576.8806,472.02563,132.21527,827.58594,510.4159,181.42085,334.1182,184.38586,754.58276,1278.5131,217.9546,768.89056,614.2453,451.13535,273.69406,183.87003,131.1293,87.82664,190.835,262.54312,443.05637,370.81403,200.19604,166.65515,634.22205,498.06274,568.95483,734.55725,309.2684,365.80807,367.91287,356.0525,122.09989,355.0269,321.72308,202.417,172.91194,44.899776,95.81714,110.36631,294.43192,482.35577,143.86047,443.82034,563.3105,265.80106,295.3226,409.95013,352.18323,67.35337,449.24533,332.43457,279.57083,161.46536,473.36987,368.71375,463.8256,253.87418,409.36185,426.92004,101.03222,152.12062,321.20444,345.71872,365.39694,191.74579,258.7073,289.217,236.98332,499.92468,370.30344,248.18477,633.78186,545.274,525.50964,178.60652,596.43866,708.4424,577.04504,458.9993,34.719723,1014.4521,663.317,351.87317,207.39569,424.15244,362.8235,87.52549,151.44945,369.58362,232.01143,197.43619,119.341805,540.3238,507.0024,275.56955,242.12743,367.9641,371.24338,209.30017,237.03302,344.50348,426.8693,432.09924,166.1228,219.72249,406.5598,494.47675,520.5151,221.31364,261.04385,506.17514,386.22598,203.31796,124.29988,53.10222,264.96643,359.56134,318.47388,220.78827,463.5434,444.92224,309.67517,205.89005,406.14023,483.35815,265.4868,558.8047,363.713,515.09436,570.9691,256.9375,Desktop Computer,$Whiteboard$Printer$Phone$Shredder$Google Home$Desktop Computer
571573.4,250793.23,15227.556,12266.767,6399.9873,4349.148,5389.434,8522.265,15040.293,5996.818,2338.4358,13037.024,65909.13,51259.965,6231.9546,5420.4736,2316.5688,1652.5367,3232.1506,4205.316,2829.141,854.3637,2803.621,3113.6287,5699.5703,4401.6953,721.7356,1257.8242,1593.6785,3034.6218,1112.3131,1238.2417,2408.4734,1131.3129,506.20126,342.70853,1309.1443,4073.0125,2608.7327,772.4669,412.24863,265.09952,752.62164,912.9383,324.76755,310.1495,996.0064,336.6729,469.44824,887.0317,247.85658,1464.3866,805.94684,969.7139,788.10034,181.54855,568.0715,836.2098,679.36664,455.56235,237.0312,490.63995,752.12726,159.84918,345.35666,59.688557,216.82263,103.827446,210.04132,280.1177,355.96707,246.90675,215.6806,555.7172,808.1503,296.62112,296.6559,47.062515,340.24426,311.57068,322.8174,618.81366,580.1767,369.79147,206.03867,292.00464,123.97357,372.1515,538.9938,70.44566,381.1273,431.14078,549.98004,324.64172,182.9889,197.52162,315.03238,467.7674,767.37994,439.6608,579.57153,401.71973,278.8811,191.71117,74.4639,342.8376,452.91592,149.19598,434.71545,357.17044,189.5376,226.35693,283.38278,478.57062,110.81823,316.79544,136.60608,71.38662,150.15967,257.47174,229.81168,457.91406,519.3134,332.43762,234.53676,200.8437,194.9239,204.65292,246.68764,174.44676,440.09494,590.6738,356.72714,753.42285,965.10187,238.26056,900.2456,370.3665,389.6203,492.04306,564.6641,587.17004,448.64413,296.00082,317.66776,384.54538,374.05957,457.86627,134.7984,520.46185,678.82745,592.01385,658.02325,164.23276,125.04529,582.1042,441.2322,629.15454,773.3676,625.1608,481.2698,533.8008,583.01953,565.98804,393.41077,254.74332,452.6741,541.31433,390.7541,253.63176,132.72917,587.8579,625.99335,559.6578,410.29254,206.26236,380.98972,560.7087,681.3614,176.90178,219.20616,283.6014,173.21327,60.602444,167.52876,199.22414,336.09628,397.7399,331.12442,368.20142,393.47922,260.6136,294.29398,496.55478,497.17352,313.98853,408.00372,222.32042,213.3782,39.00565,346.72055,221.91759,167.69577,146.40498,544.94293,686.2579,483.7901,486.2197,218.78668,375.351,529.42993,897.6266,586.87067,429.70605,433.43283,55.21623,318.5596,68.14604,160.88919,226.26602,330.89267,236.03587,128.45905,277.67188,357.89603,153.03429,195.0597,255.59183,171.83173,264.3211,475.93625,322.26474,247.91528,422.60916,536.985,336.09006,261.34375,296.66443,220.21162,96.96056,130.58931,136.15698,234.45702,99.05565,102.77654,530.32153,567.4908,417.9211,516.31116,736.30206,427.6537,368.22083,521.661,621.07556,551.1493,195.72775,36.125,Desktop Computer,$Whiteboard$Printer$Phone$Shredder$Google Home$Desktop Computer
562988.0,243127.98,1992.5608,9231.673,15055.569,7566.1323,3000.4045,5907.975,12665.488,9899.194,2112.8992,15404.729,68311.055,51334.773,6643.4346,1167.864,4243.547,3703.335,1820.0107,3057.6428,3542.0444,3031.961,2467.0347,1140.9298,2252.7178,2809.5044,877.0638,1464.9991,2609.679,2402.2725,1521.2439,805.4562,3178.7625,2319.028,1481.4154,230.2963,2434.5217,5431.9365,2239.0796,547.2276,905.32996,696.2598,950.55774,221.03079,635.7585,376.82535,555.4618,629.7205,824.0558,1257.2738,998.4556,726.8518,1130.6123,1597.1294,931.18494,500.9362,363.38635,546.1588,570.1281,77.75552,255.06143,734.6617,916.385,156.8359,427.87717,140.608,25.160057,168.3829,149.90218,389.85858,145.18135,209.6056,416.86523,774.7566,1132.707,523.0583,302.6006,422.3562,651.70685,268.87192,257.47842,470.09686,556.40564,339.50247,248.60231,314.1773,137.98756,168.19534,338.7076,210.60928,193.106,222.05952,259.6387,227.80562,154.01866,126.77829,248.82135,414.15308,524.093,681.6656,284.83994,537.27594,409.898,440.3752,288.2229,158.61337,87.613914,237.31866,146.75859,478.91266,453.59406,215.11829,176.28032,300.993,289.49237,114.81303,117.69033,200.80983,118.277725,107.27389,355.69757,222.433,98.71863,120.90285,185.4595,310.0125,242.0539,347.78064,485.48676,408.4252,238.77191,88.00437,185.12411,485.74905,1029.8154,315.81653,611.5267,428.17618,85.85052,128.94522,235.29666,143.1334,25.46815,87.77814,228.65787,234.46776,268.0581,263.9732,105.26332,88.00919,119.18878,167.72977,96.708984,628.85596,755.7283,518.13104,327.84143,275.09924,203.18938,131.95372,201.4917,229.60251,340.22028,491.20645,229.88943,262.7536,478.35254,422.02194,308.29382,216.70491,68.34509,260.26752,300.86954,162.34239,243.29002,243.57806,267.1601,72.94851,169.36133,408.8167,332.46094,415.6066,90.533936,68.70818,116.62773,102.380585,153.02104,329.79196,258.82632,418.03278,423.62363,367.81644,293.53946,113.66601,7.973713,71.69785,232.55441,159.01622,230.94179,245.91582,236.76566,559.89325,645.13446,363.21268,686.37286,343.67004,743.5064,1132.8146,963.3082,456.11972,314.5775,512.35187,119.238335,141.02634,303.08255,354.09677,248.71606,28.250425,78.6413,139.94087,289.3883,254.36551,130.95865,107.36318,205.12547,410.64517,295.03033,196.21251,114.89476,472.15527,444.0106,249.91133,166.26755,202.74869,194.10185,335.50287,357.56668,163.10164,271.91507,238.85458,235.4881,294.74142,282.47678,134.9522,138.94821,323.09857,158.0256,187.69357,259.0953,270.68658,185.46706,185.58171,408.2825,658.4696,697.05963,447.3296,328.125,Desktop Computer,$Whiteboard$Printer$Phone$Shredder$Google Home$Desktop Computer
574722.4,248845.28,11757.0,12145.931,7795.396,3778.422,1045.0281,3193.0,8676.843,3417.3235,1455.4402,10480.1875,64684.52,53237.15,7123.189,3427.4436,7196.4263,3755.1047,3507.1516,1988.087,3493.1597,4353.9956,2226.844,915.8289,3027.767,3653.8013,1689.2677,539.37805,1621.6849,854.15533,404.6216,2244.7117,2728.0686,895.79517,583.45856,378.6788,774.74805,4066.1013,1833.114,468.16818,500.59998,1080.66,785.035,363.38937,801.6671,902.924,525.0161,217.21135,387.1614,816.6216,1333.2003,1012.047,189.84167,887.7786,680.56805,1043.9614,249.92659,483.25168,569.56396,412.59448,325.42813,748.58234,732.0955,129.49837,665.24713,75.55616,127.53485,325.44635,81.92823,367.72293,115.32028,373.3109,583.2083,443.08813,751.3396,194.0916,390.51535,417.7026,470.56445,219.32765,694.5196,453.1998,374.83258,356.81796,370.73935,230.4707,133.5229,430.58548,150.15543,144.28986,336.5841,423.62158,614.08923,247.57832,336.60953,236.57558,382.176,550.0637,1224.4551,1140.518,364.45273,402.995,328.33884,54.383255,213.51355,506.8042,573.55585,214.70128,211.91315,335.98227,346.74075,236.69356,169.33838,89.81726,140.81001,290.37943,175.98145,42.07214,86.16232,368.09995,266.54306,110.96338,126.079994,364.16867,385.89902,576.1854,163.80093,92.053566,152.00276,415.8929,396.32562,721.54626,934.86725,1174.6746,1064.7416,552.7211,923.62933,639.6835,446.72256,508.53775,313.64398,52.956535,203.88727,364.87805,325.15765,333.91183,27.10425,293.37405,179.07152,392.65134,318.3497,513.39374,673.2857,861.3556,188.11464,294.9408,377.83047,231.43529,156.54362,56.882347,145.30083,369.12143,160.13718,116.98959,556.1005,591.78937,245.83305,109.26663,214.87024,305.33725,325.45178,660.7248,400.50723,225.40892,193.62872,173.5705,75.13465,125.18065,116.815216,333.78366,260.69476,215.69519,394.53015,346.2082,274.16757,345.63882,296.3562,252.08357,200.72891,320.44876,264.7694,338.16745,379.2415,373.6729,102.83766,312.66986,563.3206,553.12476,316.0098,106.372246,280.88187,358.18842,339.2798,1046.342,1025.2988,454.4498,125.07209,118.69279,469.29544,355.5521,490.85352,273.28284,254.71759,458.90445,611.5922,479.40253,408.80267,145.07787,162.33522,217.76645,202.08174,413.57635,235.26646,68.68883,324.37634,459.52658,285.71115,169.03627,162.20201,224.02365,359.02042,493.63303,398.93182,300.41367,173.35754,219.0028,293.4772,87.88837,193.18166,270.7126,406.6871,360.74188,420.81378,325.7425,436.01743,491.7006,381.8272,200.12039,210.30484,454.1938,311.1127,410.23138,605.2995,412.57843,394.88516,183.99377,273.90625,Desktop Computer,$Whiteboard$Printer$Phone$Shredder$Google Home$Desktop Computer
565515.9,236886.81,8106.5513,20635.629,10446.659,1225.101,5210.6606,6307.5566,16303.587,9456.466,4322.9917,14676.036,67661.484,50907.59,5151.675,1576.329,2074.5132,3260.429,3561.2998,2783.5496,2935.779,3233.7861,3969.892,2563.6633,805.7801,2456.513,1360.4502,587.2352,1141.3096,1062.8196,1190.0786,2632.7048,3239.1682,929.50275,994.4024,954.8188,2755.439,3731.6956,1838.1154,894.5888,407.73505,542.58606,1016.78503,1509.315,1843.1989,1517.3965,985.2017,821.31915,1363.1885,1740.8906,778.61993,992.4187,809.8438,739.0067,342.78427,343.4595,197.8062,1034.8619,729.15094,133.50256,442.17548,1298.8715,1176.7867,542.2968,255.0995,567.70264,388.7804,277.73013,217.09222,345.5625,399.80887,389.15164,594.707,677.38666,897.82294,321.13254,145.90086,468.63846,822.0632,421.8086,685.09076,419.0365,459.00555,111.52803,348.69174,606.96857,135.76834,152.3096,541.1037,261.17892,219.98114,191.79584,223.26501,782.3036,572.88617,220.43703,482.32004,269.5828,674.32025,1245.4327,629.6604,461.13748,473.68384,608.4629,143.8287,134.43153,463.0558,130.62033,613.4121,779.258,396.8637,344.2043,555.2088,597.6571,425.79965,560.69934,838.81396,642.2942,638.3561,721.2336,816.75507,468.19708,18.161798,299.32587,227.55417,500.6097,302.67834,172.3792,108.24876,208.29573,35.008038,389.5214,418.4281,643.40717,1256.4458,336.99982,333.03827,207.46744,478.8968,128.88853,206.37355,152.62393,115.12406,88.79136,172.81815,244.2459,195.62076,403.82013,373.59476,386.63525,390.25208,581.72235,387.72388,227.33064,216.6683,323.6453,160.06503,268.1415,110.78184,117.40567,260.12927,477.08582,603.642,481.68707,538.95166,620.6528,504.71997,490.29416,315.3593,256.82782,435.0438,294.67807,37.28089,257.0197,298.03323,506.47104,130.83243,458.09033,312.26614,152.39525,134.40936,175.0411,546.6144,546.1873,530.95605,500.9283,113.483345,461.7582,683.5694,589.91925,402.4581,579.9566,701.1246,439.3305,430.83273,146.3872,152.23936,306.1566,187.69574,190.58614,261.9324,146.34427,317.37405,439.1751,633.6237,398.8968,612.35474,773.9057,116.081535,785.4128,761.8316,518.6229,499.52557,119.05798,103.04829,304.4544,344.24384,543.743,622.3649,461.80127,123.57295,300.583,417.46515,393.35086,537.5885,144.35158,307.51318,249.70924,312.55716,259.92264,119.83408,171.83365,318.5102,454.47537,452.63596,229.52544,284.51108,23.79368,10.220896,279.87292,211.52774,405.64258,456.23737,310.28778,274.8612,246.46114,506.93842,353.94193,294.6349,410.19028,880.69617,495.15625,464.79587,495.31516,281.10278,302.6852,39.78125,Desktop Computer,$Whiteboard$Printer$Phone$Shredder$Google Home$Desktop Computer
567122.4,240547.92,5886.216,9158.309,10164.264,9885.624,15523.765,4456.499,20655.613,13452.575,6711.1973,16222.378,67957.54,54509.586,6997.0083,2297.2124,2902.528,2124.2854,6314.628,7066.9478,3557.2388,5449.53,3512.2825,1841.1707,3849.242,3375.9253,1237.8682,1251.2631,622.72516,1158.1515,664.0664,1426.767,3026.8596,545.64526,835.5598,226.1641,1195.9951,3828.0188,1638.1125,1605.8856,2047.8114,1177.4402,1287.5137,1628.1309,1891.2493,1823.0653,1495.9023,1039.5714,403.7432,1698.9276,1026.8673,457.75327,30.760267,304.2439,772.1093,1198.6794,1013.549,460.86444,1420.8304,963.15533,662.225,440.20377,486.72754,239.75154,122.99296,326.65027,170.19814,325.94174,465.1571,529.6166,519.2169,614.85834,667.033,345.75223,669.0598,534.1594,574.4413,423.31964,550.3966,249.02795,301.81638,167.24701,158.43591,188.89874,440.83533,188.2203,204.82222,106.920074,147.40175,258.77737,111.95479,83.61599,287.51245,610.4973,538.044,487.0947,327.57565,269.4472,148.03278,574.00507,128.10298,440.02725,342.74786,91.448296,133.34468,210.27371,245.84485,223.3152,194.25742,281.13086,184.13214,349.43814,75.07408,174.6079,545.92004,438.2095,418.85886,160.90968,147.12619,356.01093,244.32137,74.155624,125.143974,358.66473,406.77563,590.94775,686.32294,404.95123,198.90132,454.14017,704.5637,792.3747,641.04346,857.95776,1185.115,171.3199,678.18524,541.8068,407.43143,623.1778,545.04095,575.95544,506.03253,346.89017,313.78705,588.51654,215.52206,99.35526,233.98778,456.26013,725.13727,231.67105,347.43164,329.6085,196.98853,208.25871,298.08987,380.65155,421.6935,432.062,393.2315,132.45958,304.0131,356.21625,407.10782,447.58224,391.88147,110.69488,508.25067,732.8136,772.7852,439.73575,177.66211,143.99452,252.74104,371.91965,456.62393,598.17816,998.3827,716.53015,604.28326,601.9234,302.9922,455.51666,576.595,431.96176,235.94417,366.6861,516.6889,176.02338,326.29718,176.64693,146.34134,109.06854,381.07852,534.4283,617.71423,375.47403,401.12088,349.08688,547.32837,569.1556,537.4039,454.65485,160.30591,269.82825,53.512882,721.5439,797.80396,441.70865,574.2739,407.28397,706.2852,906.4296,772.7125,750.2497,614.5519,448.2838,683.2541,608.0252,419.85318,182.21573,333.43762,630.44995,646.6473,602.85345,514.3017,391.22745,250.9266,156.7305,335.23538,26.444086,306.8715,152.25027,301.87015,522.7911,635.77997,665.1991,312.16922,187.34569,537.6452,333.63892,289.47574,228.7693,86.79151,58.73868,149.5811,236.74992,577.5004,717.1142,167.97833,377.68622,455.60693,386.03247,240.30446,463.5188,514.5,Desktop Computer,$Whiteboard$Printer$Phone$Shredder$Google Home$Desktop Computer
570220.94,242828.64,4977.674,15793.564,13816.82,2821.7998,8167.0166,13350.1045,21256.188,7294.536,1364.6976,15854.204,67691.69,51269.266,4714.4585,1865.3333,1547.397,2262.7017,1685.1249,3788.4963,4831.853,3410.2612,1722.8289,2812.6008,2097.2656,1609.2045,1974.4996,2372.6455,2915.4448,1690.3734,513.64996,3536.1843,3504.5015,1025.783,1308.9193,814.33386,1925.9308,5014.9414,2111.4656,812.417,1261.3644,994.5708,538.07916,801.34045,500.47223,502.07706,906.58215,779.90234,869.1972,575.4752,1210.522,1196.3713,872.7695,279.41098,1437.6261,1007.4822,1048.0494,1608.6185,541.7594,435.53357,366.55157,761.5666,385.28024,504.13095,547.0624,512.07007,594.67456,483.54395,252.87323,602.0585,671.8162,815.8919,658.794,351.24173,460.0565,517.1346,378.56223,638.749,847.83307,839.80914,332.04736,340.41803,605.5012,337.2778,159.98534,594.38165,283.17288,130.08675,216.4503,265.18082,260.01627,346.37595,441.6988,74.626236,518.18024,289.28702,783.7711,913.3573,216.02448,805.5187,459.4563,510.93497,143.48349,169.79149,38.318604,162.37717,256.21597,536.399,364.95853,449.51648,479.74176,480.4159,338.1414,462.27588,126.74386,494.7252,635.14984,472.2513,228.82481,206.36708,499.6599,341.03146,314.32547,206.89017,176.45622,104.62601,141.03741,372.6425,301.03516,322.13428,84.55601,353.80658,522.11017,879.2518,896.5999,364.91336,680.012,285.7288,416.45178,394.25232,264.17517,392.99228,363.91537,419.39224,537.0493,249.80632,147.9254,178.5671,43.511448,271.73184,956.5087,1015.43646,330.60498,885.69257,430.56982,103.453285,399.52884,130.687,128.50806,133.74388,216.28078,450.21198,359.97687,329.663,280.5681,259.06857,145.86232,376.12836,243.41132,338.2238,155.10951,93.81506,249.82254,266.5779,79.97888,239.60657,288.837,531.11017,261.78638,334.86124,394.5253,172.92003,177.10876,167.06683,305.84778,478.96176,326.10077,248.8374,223.74321,85.139565,261.48993,295.08893,344.07724,543.64777,276.0177,246.10869,494.12122,255.87811,130.8337,268.10834,248.37646,285.92487,560.1429,427.2703,136.5652,135.23413,261.38495,778.6999,681.7772,403.26163,416.0713,351.73755,278.32117,193.48558,390.75113,454.23267,407.13092,344.39212,324.6833,573.01416,462.7495,143.12901,449.08942,256.60297,246.36928,276.3223,208.87659,211.71216,253.33078,98.4327,361.28647,467.35083,303.38004,335.2251,212.29958,109.03301,120.510056,312.40863,115.85606,68.503235,214.48912,292.24417,90.76791,269.9741,243.52156,107.37308,207.64424,105.63541,383.1138,434.04263,271.92365,471.95682,646.4334,181.65012,361.7247,338.90836,192.0625,Desktop Computer,$Whiteboard$Printer$Phone$Shredder$Google Home$Desktop Computer
567229.0,243714.66,6676.5254,12280.955,17067.125,7135.0195,8872.4,15605.976,21889.62,9231.237,7809.0835,13570.576,68751.35,53399.574,5800.307,2238.5188,5048.981,1623.0862,2587.7295,1188.4728,2710.165,4706.972,2840.4202,1767.7926,3966.5637,2904.287,649.6912,977.2509,304.85864,694.17755,1479.2338,926.1787,2171.8604,1322.8499,1055.2521,1321.5956,2532.0237,4468.0024,1791.4639,1031.1709,1210.899,323.6674,627.78174,229.60515,1291.5764,245.25241,244.1511,271.64557,406.38156,1170.1416,730.1757,367.55432,492.10202,149.14902,795.37195,617.76465,683.42096,613.11,421.45334,623.9311,567.6939,450.4208,873.8676,717.7669,148.39058,215.16002,148.5906,584.6362,691.3972,532.58813,441.17795,864.6192,678.2925,811.96277,824.0302,857.49274,430.94446,401.39362,205.05333,224.60632,275.03943,487.42737,322.779,229.32602,317.88815,777.3665,629.63043,165.92445,92.991234,360.0676,582.7306,295.59274,148.59645,268.47055,155.57344,270.12033,800.2377,173.28848,765.99005,655.87854,311.14905,438.87604,482.51346,163.44,50.280025,230.5321,323.1314,242.77399,315.01675,423.4247,622.7517,551.64594,265.6384,183.63986,528.5958,285.91974,95.04736,54.36558,251.73822,396.55136,103.78533,122.5962,260.59677,271.81805,172.1478,394.7697,263.1166,75.64757,247.83153,196.39734,81.17536,312.88794,435.45712,479.85815,1049.0072,145.60118,684.4277,457.93524,394.3447,421.85153,220.07607,185.70358,149.14102,91.3363,122.41083,129.70758,228.27632,379.74384,486.68802,383.40594,105.50672,520.71906,1125.7457,369.02707,273.64032,171.57332,302.0124,147.19962,92.69391,254.19044,359.7432,60.085857,421.59955,511.79025,278.14233,209.46109,47.5417,38.40693,289.9363,243.99567,58.148193,152.76993,214.16872,149.23546,114.49907,190.53766,350.13168,106.130554,91.80006,181.9732,401.6595,213.40683,123.668915,390.70724,335.66458,91.8988,147.51117,266.77634,336.89493,421.58704,341.666,255.01715,605.84985,319.96423,220.99144,396.1581,461.9439,422.46057,398.55634,262.7138,342.40396,614.0834,689.46545,333.02774,304.66287,542.6447,641.0861,415.7893,1438.1357,856.9229,478.64917,413.2254,434.90918,408.07498,428.17163,493.71445,213.69717,74.09969,257.4787,142.854,121.215576,185.23239,254.06213,351.1413,230.39697,258.1535,92.73214,354.8332,149.22758,324.2615,459.13138,362.03625,83.24218,125.886314,219.54118,581.0423,700.4204,515.6124,377.91525,354.46243,283.10266,343.1491,372.86606,336.083,187.19118,160.66052,221.10832,254.3349,191.50598,268.06384,374.57886,383.0904,439.79697,313.3252,184.5483,402.26413,300.96875,Desktop Computer,$Whiteboard$Printer$Phone$Shredder$Google Home$Desktop Computer
568606.1,245077.92,6327.4326,19095.82,16448.133,6887.141,6365.166,10083.917,14316.573,5045.7056,3956.2031,11488.437,63589.523,48513.914,7608.086,5883.395,3621.4272,2008.0717,2439.5647,534.33105,1866.2634,3782.5217,3151.0547,1756.7322,3861.3054,4339.773,2533.2627,2212.179,1065.3102,939.0121,1516.4115,2204.3005,2407.4534,154.16588,112.349205,576.0891,1468.5156,3822.604,1536.2637,675.5137,1722.8124,1387.6564,567.8164,1460.3367,1096.0806,715.203,1065.4373,813.2092,461.50412,1215.1333,968.6765,508.9154,558.13116,1062.4049,1268.1815,381.41876,869.87585,894.8338,892.02374,952.7673,815.09326,675.8393,982.0987,652.22046,217.3902,292.8174,611.7373,458.754,303.9354,194.87233,205.10638,468.18652,194.06718,638.09015,826.0927,466.6977,130.8724,308.55118,460.6259,688.42377,529.5896,79.71445,276.372,328.1795,124.470215,126.68589,270.62634,108.97277,240.1189,152.69229,633.67883,215.67906,375.1838,597.216,471.04407,209.2243,509.2499,750.0804,667.9058,234.9928,369.96396,557.1572,528.1095,146.20732,267.15262,309.0814,216.67126,503.06467,431.87195,185.63722,668.94806,570.89453,472.8974,407.9947,39.366264,306.45642,181.35089,39.67653,494.43878,711.72296,338.614,122.25388,301.1065,515.7381,159.11331,298.70078,513.65674,488.2375,461.3939,266.9358,146.25946,367.26822,437.5177,710.3185,999.4601,666.5289,872.7531,370.9681,65.931694,266.65228,150.10474,265.9091,184.71684,159.64738,201.22704,122.940895,216.10934,368.49188,436.83066,419.8497,480.24432,492.6263,461.63867,814.20074,740.0801,531.13446,451.1281,144.4493,108.19673,112.86097,190.17685,88.42686,334.76495,604.70905,520.7451,276.8862,245.88702,332.48044,367.51492,406.23798,397.37457,141.7588,287.2099,320.9049,304.96695,424.4805,208.65195,195.88799,154.99774,408.92773,545.23706,453.68884,489.9567,295.467,53.128452,143.27017,102.96891,92.39749,128.61578,313.26254,523.2258,384.94708,232.10083,315.79208,328.66986,298.76828,268.77396,295.83115,387.2278,194.35138,91.37919,410.11716,406.06992,435.207,217.50859,545.4445,606.6408,688.5602,654.97095,556.8834,397.2088,327.61557,322.46317,50.315914,212.59987,130.04427,257.9829,276.11917,501.15897,438.44754,302.0103,419.5752,600.66406,287.3077,43.403027,86.26829,99.33877,293.50085,231.62152,127.93221,232.9943,105.43277,148.99884,239.19037,294.4622,269.3732,89.68032,197.49951,222.73062,326.80566,264.87262,215.73656,133.0221,206.4292,208.03632,233.60931,270.96957,286.50076,468.46954,543.21747,389.19928,544.0626,694.09656,563.4775,206.98158,168.08711,110.0,Desktop Computer,$Whiteboard$Printer$Phone$Shredder$Google Home$Desktop Computer
566310.75,242247.12,9965.362,20271.713,13324.256,1989.909,9903.817,15631.778,20010.25,7792.224,5396.3794,10043.324,62421.207,51644.375,7881.294,2767.536,1451.4584,503.90356,3138.887,809.038,1314.7266,3932.207,1908.1112,1153.8953,1524.7653,2421.6465,1512.2928,1573.162,1329.9082,850.7814,795.3195,549.5689,2394.7249,661.75525,838.47095,1543.5304,1141.3235,3773.8655,2366.3804,352.04764,811.30023,477.6493,725.7104,93.31054,329.0998,261.1013,455.77753,463.1403,582.05005,664.6871,885.2528,806.0299,417.0713,612.8012,1031.5521,793.956,1144.9801,834.9331,455.46387,408.804,397.0628,323.75208,685.95654,197.00977,525.6657,551.1063,302.11475,291.5297,150.63528,181.50374,321.37607,99.77301,107.30255,403.07767,920.1634,204.80661,146.93347,54.86935,311.35086,74.594055,321.623,241.20407,442.2944,366.6557,589.5436,321.02014,143.80571,229.09436,608.05804,461.5208,142.2377,295.33646,238.23247,195.13214,219.45027,500.48767,560.26715,700.6479,627.00433,637.355,347.63992,304.03888,251.9067,342.1668,242.28181,100.65864,389.51328,360.825,272.7037,121.92156,345.0362,152.96774,257.34604,321.19598,236.71094,473.1999,11.672174,356.3908,465.98508,52.350723,77.083786,147.58917,174.44713,178.27782,508.13275,314.21277,326.87296,138.00043,270.78305,272.10767,600.95654,559.45715,356.33868,564.5637,695.36096,172.90398,614.34894,136.07901,73.32659,154.98283,242.1919,213.80124,471.67374,444.90274,155.52301,17.475227,145.44173,83.67326,169.8668,282.58096,101.20552,337.07013,489.2422,337.63275,478.12875,398.7196,383.15253,432.31543,314.02908,65.45526,57.2541,65.05617,205.67491,361.65558,241.13882,380.56384,164.32024,126.91705,332.68527,250.23868,281.07803,30.553677,152.49585,280.85333,375.39963,163.7661,418.69824,279.99347,257.33984,127.50005,207.93991,230.95816,262.84998,96.311005,219.07533,456.33426,298.61697,164.31032,329.54272,438.4585,178.94894,251.73483,210.8847,365.5439,136.48105,63.29222,117.05044,213.43756,190.5605,178.32118,285.3452,90.09771,286.46063,80.28028,212.61119,354.1191,997.68365,215.97118,794.0006,1025.9507,490.63687,253.4095,307.31393,236.78214,116.46193,199.05273,27.372614,241.03706,251.04506,384.73904,88.09155,238.69046,118.33226,207.38394,85.43326,133.80876,90.72965,51.00909,124.544106,241.05011,80.31117,140.50366,316.34927,141.73811,328.03485,289.66556,96.93674,65.88408,153.90288,169.39421,316.97742,185.67154,216.52448,166.71619,318.95905,214.24419,327.80756,433.1643,494.33057,447.1282,322.41446,93.48274,339.46872,188.6512,241.37604,142.49188,29.625,Desktop Computer,$Whiteboard$Printer$Phone$Shredder$Google Home$Desktop Computer
571342.75,246966.81,14797.737,14373.016,12108.412,9677.545,3826.7886,3308.1763,14674.863,9376.374,4302.8022,12214.634,64449.715,49555.305,4895.1035,966.0818,2026.6483,2608.644,3121.363,1526.0159,994.3947,2750.3364,4254.5415,910.5233,2051.681,2882.9766,1723.5968,326.90225,1570.0549,1494.4794,842.30975,2224.004,3102.7664,1378.6171,1417.2825,892.64044,2373.13,4380.147,862.9708,1227.0432,713.081,285.995,449.49747,252.41595,170.2242,249.98734,1093.3177,1153.1125,667.8483,1040.7823,661.2019,381.5365,595.1631,141.92471,846.3824,1236.5662,481.74194,379.4084,319.02197,592.13654,407.01617,865.39435,886.8545,288.05563,358.0899,516.818,457.34003,476.45325,369.86917,360.5674,260.0956,131.2365,316.1976,497.752,790.2867,445.15347,216.08899,241.37492,303.25516,363.00916,587.99445,522.5789,470.39856,71.09534,267.0713,221.5302,711.0076,447.289,472.1454,312.67276,133.035,252.851,236.64407,85.03047,356.5235,471.68152,1076.3762,532.3662,196.91776,353.46213,495.54303,479.22772,299.0605,247.67554,251.1269,119.500694,364.18552,395.71716,479.8362,437.52255,103.60135,89.625694,288.2995,165.69814,257.44104,101.472046,374.95178,251.5779,326.1994,320.78717,365.13968,367.3818,499.19843,572.67706,115.734314,192.7602,358.3521,302.01495,294.45572,456.9111,162.68774,43.599625,134.68416,657.4006,931.9632,259.10242,675.025,435.34396,127.19277,164.87099,152.32185,393.14767,300.83603,348.81607,432.48257,313.7465,331.48633,252.01852,128.572,470.85748,777.8655,1147.2919,770.6702,372.42224,194.93985,200.14304,210.39716,361.73865,244.48958,96.41766,94.67094,254.59029,309.9592,479.56366,371.16226,327.00906,267.10898,323.78198,286.43988,487.57678,229.301,215.8429,196.4766,132.06587,305.94598,329.94672,144.94756,106.86995,106.71197,240.04683,256.38626,173.34816,186.60115,218.54256,269.53677,238.54541,189.80585,140.58223,131.80896,317.72873,582.3248,355.90817,195.52066,120.89774,184.90627,231.76111,275.70474,394.18896,444.9314,255.08351,83.36056,197.00641,108.24222,378.4729,679.0488,836.72736,865.9235,524.7852,785.411,93.30654,759.67993,523.7808,172.19714,193.29951,235.91643,412.0888,279.78085,231.37082,171.66582,120.08841,190.50798,371.77264,271.6479,308.38107,305.2338,497.60428,247.75844,198.94872,138.81734,319.44913,308.70905,398.21814,113.15358,316.2032,274.0553,186.95673,197.72934,212.66821,174.43333,188.64525,267.83704,225.8092,104.238785,244.72144,324.4356,191.7429,403.6718,692.27264,372.98676,250.20035,159.07295,182.76836,167.9175,411.45642,399.96738,454.1099,45.8125,Desktop Computer,$Whiteboard$Printer$Phone$Shredder$Google Home$Desktop Computer
570187.3,242640.08,5857.0127,16145.089,8331.848,3632.7654,4505.244,3870.1233,16092.913,8731.842,2426.773,21101.717,71067.484,53045.543,5521.9272,1503.9541,4171.3555,3084.2556,449.7239,885.49994,1372.8539,2628.972,1310.9214,568.9853,1169.3129,2904.7144,136.5281,626.66034,647.72943,518.11707,613.2677,2329.7136,3634.257,608.97766,1093.4279,987.9495,762.7504,4168.91,2105.887,694.51855,174.43379,212.90607,51.49903,558.1344,149.78526,293.21463,472.30185,418.59732,361.94128,1009.9178,1190.2996,781.4154,792.80304,537.0718,444.4822,626.96313,136.83408,328.17117,159.25644,432.46735,419.39853,223.27837,638.1066,77.58237,236.23938,497.87402,491.49335,614.97845,483.1851,518.5527,690.6316,786.324,795.2267,1005.15967,1129.914,814.40125,479.68454,257.19336,280.52853,409.81662,289.1888,170.57826,301.99747,219.03122,77.42947,321.79495,240.39276,207.3035,87.72532,157.80316,236.30885,516.24023,413.94965,429.53952,156.06859,603.11273,471.1773,404.7667,559.6556,264.21948,162.0952,330.0899,238.94919,237.71935,172.9929,257.89026,201.95023,421.7758,505.2216,471.73407,99.33875,253.02373,298.81674,276.7237,38.079563,349.68185,106.54611,273.1691,263.76355,73.89937,201.81119,133.75404,321.8149,275.4085,229.8519,300.71393,331.2343,183.70245,437.8799,776.5242,272.75894,117.31653,118.41393,608.2191,735.6319,638.8019,712.01685,430.4434,374.67023,451.32852,352.5367,244.54144,490.87997,418.6916,168.42946,38.791107,260.25116,189.39285,117.080765,275.74673,535.51434,1196.907,605.3977,380.06552,299.8985,614.5652,348.89798,259.241,31.825047,386.873,299.44836,146.3483,134.59439,266.64786,255.7496,152.72119,179.94292,185.46547,28.688564,6.9946175,323.18396,189.9745,233.90083,284.46494,197.26953,192.74117,46.969067,330.80917,309.39035,247.26431,185.806,84.230934,213.17606,260.03043,148.62196,86.327644,268.09625,90.20567,243.17543,496.1269,426.80484,231.12698,241.65303,189.00989,264.17032,7.073316,147.097,141.13359,232.16902,554.59125,566.74786,202.2391,446.1719,327.27707,603.34503,851.7524,584.7066,98.7228,340.54507,739.3221,360.84686,314.07788,358.37863,262.11215,194.33205,394.5209,490.28076,337.04706,118.64347,310.06445,242.65027,492.3401,601.45044,648.9841,583.5273,611.7159,370.29874,336.3203,363.77322,389.6869,278.83322,550.076,119.153595,248.68694,405.36707,211.68124,200.5318,284.8705,74.09737,254.65869,450.38596,409.0319,426.61435,578.9183,705.9078,726.1422,601.995,321.50806,369.22943,592.489,629.76514,461.74945,281.81476,753.13434,1071.9072,1027.2068,953.0625,Desktop Computer,$Whiteboard$Printer$Phone$Shredder$Google Home$Desktop Computer
564379.6,235221.06,12280.573,5212.6997,1479.346,2885.788,4386.752,5797.7666,19681.91,9942.771,2923.3428,16013.59,68130.43,53592.633,4589.318,1293.0978,797.4777,1143.9081,3154.2554,3196.062,1098.4529,3674.8413,4365.757,2304.6545,2519.7266,2501.7024,218.76535,1884.0684,1074.6648,2144.2,2183.2625,2537.4292,3915.2417,602.11017,1428.2855,1640.6287,2347.582,4447.484,1584.1412,736.51855,693.47656,210.26164,1083.8503,1191.123,771.1948,277.33844,352.3133,381.5156,112.74991,910.75836,207.2902,184.54263,503.92,755.46765,1050.0568,434.8428,1052.7832,899.2836,138.01657,201.25465,591.7045,1011.1251,875.0974,259.7191,69.1629,322.83435,383.0929,431.16217,375.56885,274.3433,573.5921,621.52234,669.22705,800.9359,583.83264,760.7508,814.42126,559.4627,573.1865,602.4289,428.89627,325.7449,82.37729,314.35757,418.05234,434.46793,138.53625,293.94153,305.07016,183.54347,349.1302,365.245,577.9375,459.88385,636.99585,994.85095,470.08838,230.34053,695.2655,439.52667,446.39417,664.4532,331.90436,600.3627,711.4283,647.0693,400.7325,198.34753,633.60846,416.467,389.13712,697.5194,548.8012,336.2134,184.02753,169.77924,321.88425,479.63455,337.87872,120.6916,199.69832,328.46396,346.13718,364.76706,425.5003,739.24615,573.2272,464.83807,782.0387,342.95837,598.08136,291.3368,343.44067,920.7084,1156.019,221.19382,561.7389,335.46124,240.51727,299.0093,355.3526,575.4512,220.52551,490.46732,546.49176,397.46054,304.65332,364.14215,739.6071,717.84094,242.32648,505.94592,70.52156,451.02948,547.30536,296.34744,433.19614,884.9331,791.51154,477.17825,526.9299,366.0117,256.61588,173.98602,559.69586,542.9303,311.11188,254.57448,341.80063,343.5516,312.34607,286.02023,251.73256,427.60284,460.3586,266.2929,231.50227,161.77443,139.73737,282.79004,149.76811,94.68539,121.53071,104.77993,188.44333,366.15594,353.75333,146.43378,185.5936,417.1907,405.44165,318.59686,381.96835,418.2076,414.56064,495.38235,561.76605,243.93947,73.00698,565.6473,769.1759,304.74817,438.3214,609.1572,382.11713,1332.764,585.48505,409.05286,420.84402,197.24748,413.3813,359.03528,247.682,326.17252,299.5228,333.3555,525.21985,435.49664,137.7339,28.524546,53.655186,32.82995,212.06808,415.96622,298.17322,130.74467,90.20065,94.90079,177.98132,276.75388,252.70613,404.77606,659.0474,529.22473,768.9091,649.35876,226.59485,215.2194,492.57843,796.2567,691.9828,458.31885,317.47812,423.63992,194.60614,275.89926,237.09586,62.928932,379.35928,392.77017,364.00793,534.14636,116.51896,369.47745,779.82007,411.20905,273.6875,Desktop Computer,$Whiteboard$Printer$Phone$Shredder$Google Home$Desktop Computer
570751.06,246983.17,11451.206,16085.854,6069.2964,4740.123,3543.337,12653.592,24477.64,10589.61,1312.6273,14642.539,69134.055,53198.66,4584.452,1854.4749,3317.6812,3488.1133,3101.2158,1972.3923,1035.1309,2442.4932,1485.6176,2302.7778,3312.7168,2108.002,1574.2754,1689.4988,1415.4729,616.52747,356.20505,3034.4272,4366.5806,745.2513,439.91525,495.71832,2922.0198,4686.297,1951.4602,849.4739,367.22418,254.49054,363.08636,783.809,341.68256,717.8664,790.2621,623.9048,755.9769,1716.4705,1686.4646,1066.1409,1152.2316,859.94824,473.62643,1285.1519,1113.7034,565.9587,590.51843,252.54471,88.508766,531.3613,704.76434,431.48068,89.29126,239.4348,349.03046,160.93497,458.10114,645.44653,259.32407,441.48297,529.5015,255.41891,218.49918,325.1614,513.6721,356.97675,164.41211,86.462845,384.95972,323.79755,317.67136,320.77332,459.55844,190.40573,206.41681,186.73431,164.49783,308.73544,181.15355,91.361206,389.1573,491.4194,74.92777,475.49625,655.6697,411.14478,102.38997,800.17163,654.21326,284.9122,367.67902,517.4053,80.804085,295.12692,365.35614,194.3128,483.94373,332.52884,136.8844,417.08478,96.72167,97.24368,147.747,320.83325,473.82428,225.20163,289.66196,371.18326,257.3443,161.06818,35.83108,141.47307,100.65095,250.8057,147.34341,317.23468,78.58121,262.43018,343.41577,300.537,596.5169,768.6481,1065.0194,275.4276,575.2792,415.87106,269.3084,373.53076,503.9046,289.87357,168.46628,402.11777,258.32977,460.24063,183.40372,79.40446,336.86993,186.11871,47.5172,813.5369,1177.7883,800.10236,230.33662,363.57883,497.82327,556.8573,420.36792,158.9558,196.56602,483.50943,371.11078,316.76266,545.718,810.8627,437.67395,187.50772,432.66385,222.70021,96.707596,86.95023,96.45168,154.27225,221.24568,66.50718,67.3215,304.57138,368.42416,184.71196,183.65233,188.12556,329.32718,342.30344,376.04056,102.06045,165.3835,214.4388,41.860813,263.55447,276.20636,420.42697,491.47433,336.79456,221.18137,281.5524,236.52055,82.04539,62.501198,91.7188,214.4791,469.6364,152.11374,169.57849,770.8428,1277.9589,232.54427,1004.84033,749.4308,530.6325,387.35587,227.10124,60.81754,311.68253,388.87286,241.05362,474.34424,249.51682,140.6798,206.96432,338.80048,223.53378,187.36736,121.75275,198.02736,509.52658,91.15341,175.37437,210.41875,144.72664,55.34677,364.8275,500.46967,387.98737,36.253296,178.5028,29.614365,284.96237,173.96358,327.11084,283.9105,203.84546,329.70242,255.43321,334.6892,277.4562,129.67749,352.00778,245.08105,190.65984,353.3528,240.76044,463.0943,411.5059,471.79785,191.9942,239.9375,Desktop Computer,$Whiteboard$Printer$Phone$Shredder$Google Home$Desktop Computer
566740.4,243484.97,9498.513,17971.38,9001.962,5162.926,3006.493,10489.861,17734.729,9818.086,4678.04,10888.403,67147.695,51195.09,2681.6934,1806.8677,904.66614,2020.3671,1869.8234,1294.6213,1407.7822,3297.691,1920.1843,787.8717,189.71747,1836.243,855.3692,930.7926,1266.394,862.12244,558.76355,1539.7607,2884.3184,922.8085,658.0421,658.73413,1546.9327,4502.919,2153.5583,428.82587,550.0317,816.5696,1013.03436,753.8523,346.32355,753.28253,474.57272,203.66411,825.6622,1789.768,1747.5963,1403.3195,1209.6017,1187.6188,392.22336,731.36664,328.91418,109.84239,770.8272,290.16937,241.07484,514.84485,604.4604,381.8873,318.5786,287.60104,102.94047,365.37497,430.62018,714.71063,555.6538,462.01294,470.5782,536.9014,453.4449,52.419712,199.33023,252.32414,397.7402,563.5797,354.6652,56.3955,219.72049,361.41205,427.15265,320.36993,346.84537,364.2724,287.01132,291.8073,229.6419,282.80103,117.29338,116.15313,193.65388,392.235,474.59277,621.0174,322.11148,550.1934,252.77211,788.746,556.69183,303.47638,238.53862,295.03314,116.68307,657.63464,936.8906,744.7675,497.5159,468.3684,370.14966,433.1666,551.1732,162.00397,75.19254,585.9344,381.37363,430.56552,374.37637,12.273502,248.97543,233.43764,133.66739,346.31747,149.16287,115.58901,263.22192,126.69115,163.49413,139.48909,329.42203,735.732,797.87195,319.64984,379.23026,96.52945,134.0324,378.80722,116.411,269.44824,51.164165,106.7251,122.66135,238.84837,518.4585,480.12708,190.78914,120.3013,221.87752,563.41504,918.7612,255.88805,115.66385,305.98422,193.19632,161.68254,257.22205,402.08426,122.53708,388.72507,293.81842,77.813515,279.9051,147.45914,69.37446,242.08887,158.11815,336.21262,334.5103,301.41144,272.1836,304.34027,310.31537,124.38549,186.4344,367.362,386.39047,274.10434,398.28534,177.90387,364.5251,107.53478,327.83905,414.50735,333.53296,167.22598,273.40674,185.47018,245.35875,324.32895,588.793,443.8811,181.79703,511.09836,495.0072,185.00348,201.99474,244.51372,182.97028,134.27737,150.3357,187.34822,668.917,756.32184,533.3995,821.74414,634.7359,846.6843,749.7445,478.92093,249.72855,155.89896,435.9396,67.58409,458.80933,356.52856,141.31567,264.58063,170.83241,293.05634,276.43185,337.6228,405.58685,220.6834,270.69028,230.14261,351.3981,216.32593,279.408,411.80728,70.10799,113.75487,255.37047,225.93593,162.17078,264.8592,375.73038,290.5854,403.3333,255.083,154.93864,155.7984,154.28745,328.0458,154.8409,94.12011,322.7076,327.2096,409.74377,572.01843,718.76917,611.5475,416.73364,455.83115,331.5,Desktop Computer,$Whiteboard$Printer$Phone$Shredder$Google Home$Desktop Computer
563750.25,236122.58,13912.679,10125.0,2063.9314,6309.7896,11538.706,13054.858,15098.012,7697.724,4500.324,10137.5,69077.65,57166.57,6588.2627,2855.068,3338.073,1523.4766,2219.9885,2398.684,2413.0723,3681.4353,2558.5444,1032.2859,726.4294,2011.0803,1297.6964,511.818,382.75397,872.8889,835.90186,2519.627,3668.9753,1111.9797,2160.702,1705.7968,2138.0596,4605.0527,2040.0951,875.23126,476.68906,691.67365,977.8465,376.6468,585.2094,1556.4379,846.7375,582.6533,486.4642,403.4158,1121.8284,232.821,308.9383,1118.538,939.13513,437.2124,186.51407,633.7072,559.57635,377.98358,666.265,471.01706,720.6523,225.80067,318.14374,333.8686,421.0059,262.32465,658.4506,669.30817,175.28029,696.89404,717.4167,714.4546,782.29205,257.28677,212.86276,180.78754,344.8985,458.07785,109.20207,518.69604,261.28156,114.97283,462.10043,337.96066,631.43463,307.19296,321.18375,617.70856,574.6706,593.0429,61.47863,305.167,365.9587,139.0428,361.001,71.7597,906.1198,1157.3027,587.209,98.593376,677.98865,499.9887,402.30426,185.51836,515.28253,521.0178,271.69644,456.57654,267.29657,80.17689,400.79633,411.13794,512.4502,606.06335,830.98706,508.4378,247.58012,270.00247,364.70218,273.24335,220.75824,108.43178,563.63043,545.1796,373.74612,133.0031,327.01306,385.1208,156.42574,568.9796,647.02905,502.84338,915.0954,295.36905,575.289,361.55994,210.12003,429.53775,33.82486,374.40085,336.0159,87.801315,179.95113,291.2514,724.15625,383.46118,426.17535,438.05124,390.8338,549.1936,942.30695,286.631,504.74255,313.34903,291.77505,268.51407,159.20352,408.47107,275.64023,298.20578,367.91586,75.15735,280.66843,234.21428,261.4824,189.08276,188.67262,81.9548,142.21938,206.31458,436.5011,309.80585,194.69467,242.75803,357.73126,387.35065,229.45671,168.31473,321.90616,547.7813,142.19954,44.95996,246.96526,464.34943,274.86987,288.63654,439.2912,301.40707,76.02712,454.752,760.8227,551.13055,220.83336,382.35947,169.9295,601.9266,40.547432,630.1904,336.94348,149.7386,260.54047,210.91534,896.0589,1098.2509,493.49554,819.46185,706.08075,595.8584,279.0934,459.7402,214.4685,273.56793,251.1085,406.14053,208.63783,349.8128,362.87723,100.54287,199.32733,84.81278,139.06693,322.7902,442.06046,312.79236,183.97449,205.41705,348.27524,621.48865,233.13268,251.08408,439.6646,399.96313,572.8615,449.5785,303.97046,163.39433,195.69531,244.17384,275.68988,128.21584,164.72981,322.71277,477.30328,116.08889,272.9173,398.8408,145.05693,472.36075,456.38324,308.14423,686.5179,135.17787,399.01163,364.48917,185.0,Desktop Computer,$Whiteboard$Printer$Phone$Shredder$Google Home$Desktop Computer
565179.0,241255.72,9774.727,19403.992,11406.257,1360.5027,2001.6519,7183.2935,14043.338,4945.7095,428.31085,16220.676,68630.336,48003.348,3820.804,2860.893,2310.9404,901.1682,574.1002,1754.4554,3285.1013,2380.525,2208.4097,2088.6096,866.1479,1476.126,1378.0585,407.3992,862.0879,365.09882,1209.4363,2169.3596,3273.2834,175.52182,1376.811,614.2199,1714.6104,3912.3787,1764.3464,657.52386,95.2545,864.2665,887.6251,443.2595,573.1728,768.13,1008.67163,595.1166,349.20905,806.9272,553.79517,658.5237,378.90256,1327.4054,1043.0417,672.31836,376.32965,460.78214,651.2208,884.93164,738.6949,265.48486,418.09723,125.05113,244.14163,428.72958,568.13025,180.37683,45.220894,598.8298,906.33,699.76654,380.24808,611.1892,540.15546,618.9846,376.6492,279.02304,116.69534,321.50266,259.1793,83.49771,269.78833,328.00647,17.113941,86.67963,230.90225,159.15366,354.9187,29.474325,34.068333,183.1389,103.30016,511.5191,130.44147,209.63477,410.7498,92.9558,742.08215,927.09015,809.9625,389.31784,431.06226,71.32858,241.0412,4.6872096,606.6452,593.0352,184.60422,466.16135,720.1764,438.00598,555.9995,1017.2035,1121.9137,801.5291,610.09045,437.26962,436.22083,314.11505,349.57047,349.67776,392.1587,193.3666,95.135376,343.68912,237.95993,317.9542,763.31226,755.3358,477.5331,386.10278,417.63168,493.144,691.97406,295.5713,708.7518,493.686,311.9299,449.3661,263.77563,27.392244,292.1802,278.1266,381.98148,350.7048,383.8242,341.4051,121.60378,139.47408,571.8211,1135.7788,994.5524,297.09302,373.61102,483.9124,255.80553,295.02835,371.47333,567.93335,629.6571,527.42914,131.47803,243.37889,148.176,224.16403,382.56735,544.0361,154.59796,163.52934,168.92896,155.83896,305.94418,277.19522,296.4572,314.40625,227.77626,82.87668,136.01288,244.52374,125.59558,280.05365,562.5475,352.9513,215.7335,512.6686,423.9104,186.11362,225.85565,289.13535,439.87915,448.29788,459.0053,360.64984,206.3513,298.02588,46.429394,317.82413,503.76837,364.2068,240.07149,171.3174,591.09546,822.4766,780.53986,1022.2425,86.84326,1112.9272,615.5168,489.69318,279.2306,369.70212,410.61768,455.00052,533.3118,590.4105,438.5849,318.5605,299.52084,310.75046,221.93533,166.43132,192.40878,131.83119,118.84538,517.948,624.595,479.65656,410.34973,331.04388,227.19568,279.5576,253.5903,275.41995,252.46509,342.13892,363.15778,90.22288,55.91517,97.77216,24.940905,117.90447,233.13777,198.63446,325.60458,89.01511,64.54581,378.95612,434.60135,222.46025,155.29076,583.0836,1010.1639,432.40628,262.34918,509.22272,76.53125,Desktop Computer,$Whiteboard$Printer$Phone$Shredder$Google Home$Desktop Computer
571502.3,245759.22,5693.3413,18957.85,8631.259,4541.71,8610.68,3406.0417,19941.883,12134.676,4790.8633,17420.143,66749.17,51745.543,3723.9563,4111.8813,1179.4182,1754.0902,1643.448,2646.4636,1888.4089,2870.825,2958.7612,4391.199,3449.6826,4822.6665,2280.835,2024.4686,867.1187,1080.221,722.3681,2900.349,4186.274,2007.334,926.8312,1566.0469,683.27905,3311.0706,1276.6011,800.3818,435.8777,1071.0531,910.6173,369.43158,450.26245,649.8616,632.7045,223.74011,538.22375,782.88513,408.09467,732.9159,1256.809,2223.3208,1102.5431,690.67175,177.53598,90.918465,493.4071,346.2968,254.98325,159.55208,622.73944,873.0153,788.8496,683.861,297.53726,194.1145,413.56073,184.57027,466.86694,441.14697,412.51746,304.84396,592.4298,574.40405,632.0903,329.9368,434.18192,618.5004,669.69794,553.62244,455.06067,528.5279,235.7425,490.0414,420.7575,289.36563,433.1834,243.49557,382.91135,67.23484,271.18848,219.19658,108.12983,156.9272,131.35564,375.16614,350.22644,230.35469,699.11694,285.11508,365.36597,654.6878,713.53625,607.3095,117.109184,354.52664,335.9957,468.67664,401.1147,243.6497,351.79523,397.92188,622.1005,161.4392,462.58713,136.3934,363.88382,106.53324,368.45312,560.3199,200.59427,453.22775,641.71265,816.89154,364.69888,263.19803,459.65695,417.48224,49.129036,290.501,278.8126,649.3212,935.8267,36.855732,562.29956,107.33048,247.02711,506.60098,223.11821,106.989296,180.37698,68.28571,178.35373,415.63022,417.94193,500.8424,543.72406,393.0948,178.80612,614.5809,363.76544,383.52127,459.72827,129.27405,337.86017,202.43936,595.94226,746.50714,596.2209,431.80856,412.98264,266.41766,241.37169,354.24768,339.71713,749.7611,706.0345,547.1976,283.60074,194.02664,292.46863,717.69446,565.29706,377.30307,471.17285,559.7139,418.52502,293.2372,392.25427,457.68735,720.4456,631.7681,620.7306,204.01591,274.5363,424.479,494.83362,237.2049,137.64514,99.31935,167.59474,117.98391,203.16258,53.21092,89.37892,43.811718,153.34534,163.91783,425.0808,446.4114,520.9979,513.10406,499.91324,663.677,407.18396,1070.3129,743.12476,624.36865,279.23575,253.58478,132.58394,456.52362,589.5211,102.81642,402.9763,285.83154,112.30403,220.86545,418.4272,311.32956,71.72643,374.56104,432.24582,297.3843,504.02872,310.3221,137.39323,264.14856,79.9174,114.64842,275.98883,586.1526,685.16656,378.25928,255.87863,135.26025,217.00235,99.35467,99.280716,232.96837,266.4883,229.41785,285.4475,322.75037,525.40155,275.72147,541.8003,735.06647,501.34366,249.56853,556.7713,208.86612,123.64415,198.26102,195.3125,Desktop Computer,$Whiteboard$Printer$Phone$Shredder$Google Home$Desktop Computer
567151.0,238800.78,15990.3955,14288.185,8268.993,3376.7263,8701.205,12384.212,23875.922,7743.426,2655.0413,13399.806,64642.477,46533.258,4788.3,4524.281,2480.4014,868.72235,4659.954,4241.382,1886.3604,1359.2749,1223.1196,1019.2011,3502.9043,4729.4175,1951.1912,786.4601,175.32724,716.2274,1030.4572,2062.1284,3451.509,1085.0295,1385.5594,295.60355,885.1565,4163.974,2412.305,281.94424,367.6491,584.3413,1024.5378,537.92645,851.9013,605.95355,516.86523,145.32558,198.0815,807.7107,601.06946,579.0922,68.217865,1421.5804,1206.1826,412.7345,716.3557,386.3872,290.34323,428.2455,463.19873,91.70815,408.66025,444.40018,518.29553,512.8403,277.2621,324.03278,703.1612,616.3433,463.24677,649.45953,186.92418,535.135,339.43027,93.82949,430.48843,333.23795,276.79416,345.65848,180.36569,251.52777,241.86082,378.7807,412.46744,316.8916,304.36713,402.95636,202.30807,634.42456,402.16223,241.56953,494.12204,440.38593,431.2467,512.6555,207.846,662.1051,701.35834,259.10858,505.02817,234.38953,264.82043,359.46478,266.56784,369.3299,795.5429,607.0173,321.5889,329.7238,290.54434,57.675644,470.82825,330.4495,257.8494,434.81708,853.1057,477.01178,355.20682,415.05826,75.29322,496.7684,144.91313,109.53375,182.6996,99.28932,192.70695,98.18716,170.85622,162.17233,150.79884,240.49554,369.7738,1017.8745,1634.2816,514.8017,647.674,629.779,299.65646,346.05557,294.9328,295.72562,283.3623,192.74486,173.11548,228.79102,300.09766,363.5578,298.58154,299.80215,349.8757,505.74658,142.52573,104.21139,83.34346,625.7501,817.44275,385.8139,105.51734,250.9219,132.46165,530.7901,521.3059,72.07814,372.65564,382.41052,588.36786,180.55498,280.89395,524.08295,433.73956,56.46876,318.21378,524.23065,650.8434,402.3021,239.22646,222.41594,162.42102,105.3462,200.23248,141.98909,373.9063,492.14178,596.82916,543.5768,469.8396,114.33093,164.22858,284.28333,321.15005,341.41406,466.01584,284.13223,313.90387,220.6815,88.66339,318.38773,292.39902,641.5932,814.7896,468.63013,230.65202,584.6823,767.25507,477.77148,512.57733,37.429214,708.4936,939.71515,902.17114,537.8363,573.76404,710.9776,299.61063,114.77704,196.52533,453.8029,249.81235,284.0484,360.27344,216.62561,355.8244,83.70928,224.94691,189.24588,234.48827,218.16515,92.94357,612.22485,635.49896,385.06082,191.47227,497.04233,74.86926,404.1932,341.70728,230.08484,182.59518,404.39145,335.59573,153.96736,348.9633,311.18823,55.540028,558.8278,880.69794,442.85144,393.21576,363.0578,186.30042,292.05014,410.45523,546.36285,106.59386,499.81223,625.375,Desktop Computer,$Whiteboard$Printer$Phone$Shredder$Google Home$Desktop Computer
565707.75,242644.73,11195.018,15298.697,5202.92,4999.716,9802.17,12610.743,18787.516,5912.4136,7949.8223,11501.92,68390.625,57717.574,8616.641,2142.298,1803.7267,1329.3921,2602.8457,3281.6855,3910.182,4009.451,763.89636,3393.1711,4251.4917,1758.171,1532.8551,2677.7075,3204.8018,2696.456,954.6618,2532.2087,3628.438,791.48944,1010.23364,1465.9293,3464.1765,4633.853,2362.3115,686.40814,298.46664,1259.5948,895.4116,1083.5454,806.331,791.0811,683.8356,508.5139,331.041,287.3536,360.61526,703.634,1238.7656,1169.094,341.89432,450.2506,539.6776,668.2633,54.587524,131.73956,582.0879,822.9497,1318.6439,825.3751,542.9684,534.8049,416.2894,382.23447,586.0274,939.1251,725.28955,476.51242,710.5199,697.9597,429.0814,523.6072,761.7215,282.3087,117.12322,552.822,471.98285,533.08734,376.81213,194.65846,267.001,312.5868,436.18173,413.60162,137.35521,399.72595,350.95218,285.18433,206.0574,271.13113,421.04187,264.18948,308.12665,421.79092,594.9556,155.92456,472.12335,911.0463,673.4945,655.65454,710.0442,211.14557,846.39795,733.77985,390.63113,517.2216,282.07208,199.94176,336.56094,293.92657,363.49286,286.22827,239.15974,438.17242,241.8619,339.16757,119.472694,302.6799,330.04196,298.952,442.7257,458.7021,495.67816,406.92633,267.50024,177.70728,270.58704,331.94315,317.07748,797.10223,1453.4318,149.34528,409.399,123.44325,185.99721,569.8831,935.6625,865.4298,472.65323,595.61273,539.2466,265.7754,277.0154,250.93471,390.5803,266.4694,438.53918,206.23314,292.3733,233.24223,237.62912,635.0236,405.99918,124.464554,584.7996,733.2625,513.8136,262.52188,195.74178,229.97061,116.98225,137.11618,118.819115,172.48727,270.37082,123.90093,311.9888,223.1706,308.082,535.3184,661.1358,425.30417,383.15286,283.13428,193.79909,106.86318,209.45404,615.00867,571.515,381.35556,526.63837,325.65512,227.3968,232.14365,156.05981,321.24637,388.26215,444.69846,327.2734,324.51602,88.83489,305.60587,154.97208,370.36002,361.8985,451.70648,347.76608,801.5222,1159.7675,1165.8707,592.75793,551.23126,245.72202,217.05452,432.88998,145.81683,249.54135,272.41434,111.033554,73.71828,91.57376,30.189373,156.34993,22.597502,317.7323,368.07217,221.9279,127.22956,217.89885,272.21774,136.53587,501.7334,442.64554,293.76465,301.54233,476.5591,269.1044,200.09126,418.1424,304.50366,70.648865,473.68906,327.55762,379.0221,242.1383,19.17531,124.19633,129.72601,112.89929,377.26425,407.29614,294.33908,363.65756,552.4665,285.93713,305.71298,327.52713,625.254,638.5725,434.99988,330.92148,214.30763,74.03125,Desktop Computer,$Whiteboard$Printer$Phone$Shredder$Google Home$Desktop Computer
568804.4,244446.66,7919.5654,8414.007,2729.7996,2301.1997,1713.3405,190.12894,3403.9888,2870.9807,733.08185,12719.853,61114.76,48323.484,5369.3276,3505.3694,1244.5966,1115.5422,2167.121,258.78964,318.9845,1237.1012,840.85815,1009.0077,1910.8624,2551.479,578.2358,728.3619,1141.2184,1493.5111,409.3906,463.34033,121.94232,949.35913,996.8039,793.8345,2049.4243,4860.133,2297.9912,282.39758,718.9894,428.13782,182.24628,191.37001,222.84175,667.55383,626.4683,486.45068,384.15924,791.2077,1002.9595,273.53198,335.10852,564.3458,1584.3762,381.95245,598.6805,779.1729,337.5609,188.67174,226.66264,186.69803,374.3739,144.66513,154.0144,233.68768,200.07066,246.77046,300.27374,157.84389,117.21892,365.12094,461.88803,14.592723,303.69272,284.93216,175.70534,182.1491,213.068,433.26398,590.1012,383.25607,319.2139,317.48544,399.70605,342.57098,201.01309,300.19638,83.34051,125.256325,43.981537,168.9568,270.32626,179.61618,205.18062,99.31693,387.9015,779.98785,1078.4408,588.5914,179.70732,110.218475,104.007164,226.29976,179.68251,295.4981,243.9871,76.84051,416.99182,360.163,343.72357,325.87082,338.13733,384.6707,349.5967,147.14302,223.20563,52.589996,214.27188,274.55487,58.291107,445.35806,161.37747,413.22107,285.3697,195.60237,250.27405,316.79684,226.42688,344.56024,387.51584,309.80884,227.0333,653.78864,1086.9265,228.03137,238.32265,165.86023,253.44125,353.6493,170.34026,181.01245,377.79874,89.84193,294.01306,139.493,119.87883,212.56325,180.63553,221.01483,321.70456,551.48364,808.3665,271.33694,662.4119,212.16345,113.746796,266.68414,279.25677,281.7117,183.13936,169.62103,298.4832,249.53514,248.18942,225.81927,411.93304,289.09308,40.268333,113.982376,197.12457,152.8245,202.33629,199.47234,114.90703,138.11119,232.58223,118.19287,192.46219,44.049656,188.03526,107.34443,114.24228,66.10128,166.08319,174.81473,162.5772,151.46878,126.37842,162.11267,334.15714,315.15863,392.00928,306.996,499.4657,405.4674,296.79803,84.46144,159.37117,419.737,484.47955,244.16373,374.31818,456.58755,400.2408,515.6382,1072.4072,70.48778,898.8962,679.39905,391.98813,174.8846,52.98754,175.9475,105.266884,115.023476,282.2612,226.26128,179.08609,322.8212,331.4296,103.43216,165.27739,330.75143,297.236,154.80005,275.63318,244.31648,171.8283,195.3169,392.01053,631.5722,445.06735,96.98975,255.81013,354.74335,333.121,242.12285,115.887535,214.82774,211.52939,159.37634,119.25316,15.417237,138.57394,202.73235,83.43118,98.20668,402.3666,810.2491,725.8046,72.4895,265.14877,229.0426,461.52335,108.21936,263.5,Desktop Computer,$Whiteboard$Printer$Phone$Shredder$Google Home$Desktop Computer
567707.4,241353.45,5139.7017,7065.6816,2149.5293,1870.84,940.2106,3835.1902,7647.8022,2743.5945,1548.8158,14258.056,63575.08,49628.086,4724.111,1614.7814,1364.6334,701.5912,800.0707,758.25946,1820.9838,2323.1572,2115.5518,352.66827,1312.8807,2292.8755,1375.994,279.30127,145.71951,371.73746,315.73163,1643.2845,1449.8816,622.29736,463.04337,90.812546,1432.174,3840.1287,1528.4104,362.0433,396.61136,762.22485,354.8234,409.35956,339.03476,332.97195,244.14737,528.4218,385.4254,1177.1575,936.20294,249.17307,60.19273,268.3873,572.6708,934.1152,526.96564,192.34198,318.44583,261.46216,185.03261,504.57965,585.67175,300.1422,219.66711,204.47496,58.73818,47.535873,212.6781,92.93607,122.84518,213.86992,192.25032,102.17216,321.7384,240.38403,171.93306,97.46832,79.01514,186.79535,88.03918,179.02144,265.95963,173.0593,33.48714,189.9548,334.7042,131.6079,106.944695,96.88902,101.86727,150.39072,288.2707,37.021156,158.23892,577.91833,785.49677,837.72876,249.34421,189.15697,147.74222,188.84627,263.1848,105.99432,357.65198,221.81815,94.227,57.268585,171.41174,298.24698,414.66916,386.0353,507.23166,513.1601,255.77351,228.7913,173.40805,151.0638,74.99936,417.07697,288.66302,74.46847,329.64175,272.55972,149.48216,172.95189,147.358,296.65363,198.86395,58.66053,249.84332,318.05753,365.94327,593.7363,944.654,125.84052,343.65155,279.01697,198.28032,168.05762,367.72128,495.1531,212.72928,269.79544,348.15213,243.0407,73.26853,128.27377,41.481133,123.26927,270.0391,621.9539,825.75653,344.65225,499.42764,51.063587,118.78001,214.97522,88.52724,238.33456,298.56924,101.35177,154.1251,173.74887,71.93301,106.182236,39.34229,197.73303,106.5748,52.371696,14.508025,113.57507,152.42007,156.4255,132.77765,254.50854,149.8987,174.96516,244.91574,259.57483,312.2476,292.11014,166.4501,325.8424,341.549,65.4852,107.68883,220.57497,190.65495,144.6304,187.38577,166.65207,349.85477,495.87418,330.19415,199.04071,123.43231,108.19123,148.70885,107.3605,143.22476,268.34528,328.72803,132.00601,124.9225,286.50528,798.3351,835.61053,431.59354,950.45215,736.7013,493.67596,350.23407,249.29068,200.39272,268.26044,232.10541,170.58757,158.81982,168.13217,164.33418,250.3887,117.10201,88.34373,189.61243,287.4826,244.39604,225.12195,214.25737,14.082799,146.34569,71.14898,111.32902,62.045288,126.632744,166.25745,204.65854,281.43927,90.75541,56.776447,41.403465,64.96727,78.43101,61.550117,180.72443,173.5274,147.22208,408.63937,498.9927,456.63895,412.5442,399.09674,98.6744,233.44838,283.677,292.86758,455.28125,Desktop Computer,$Whiteboard$Printer$Phone$Shredder$Google Home$Desktop Computer
569737.56,244274.55,5991.8203,8614.693,4611.3564,3462.934,1630.8077,3241.4436,8467.026,1857.7695,968.9721,14240.719,63305.35,48496.508,4942.429,1573.225,1712.5647,666.5525,138.29149,930.2939,928.0741,561.8001,559.9814,574.7965,1625.5742,877.5392,853.843,658.3609,130.40144,523.3838,622.45215,621.0864,988.7834,615.8831,797.7158,568.4943,1517.7955,4254.392,2123.4155,117.11206,288.67596,411.48572,216.82349,285.57812,474.8199,490.87048,700.91565,241.87392,350.11212,705.189,418.83893,302.4547,207.98709,710.22144,780.22107,1149.29,769.31866,383.1185,337.4093,125.10819,249.86157,648.8753,712.9738,123.74428,147.42027,78.75303,69.95736,246.52269,222.66655,244.49127,65.70104,316.551,357.77472,21.498043,559.526,211.5777,201.21927,272.993,223.87943,33.73177,72.644424,192.99606,201.55455,153.59093,154.92548,233.50241,185.18501,215.76628,375.97235,206.82257,98.8013,95.51235,282.41083,258.25458,158.76964,168.32672,263.81744,332.59662,541.77203,363.4265,547.03156,433.47452,210.53815,244.30672,152.92242,111.50905,210.27419,409.8313,399.23636,219.51947,259.26053,139.81721,352.2637,317.58606,371.62726,262.0152,385.588,283.51074,210.3218,286.32712,155.49867,215.70001,182.3747,202.0223,108.2151,96.92038,95.741936,203.09103,132.43599,139.4722,106.01755,295.3914,469.03494,630.4029,706.0605,125.42579,386.01025,276.89575,355.25842,198.67168,158.70474,30.03119,177.29123,175.13133,69.363365,201.73431,293.36926,153.74597,296.53775,294.1769,446.5014,593.3239,354.05453,824.84845,566.76654,140.90288,183.71527,177.50607,154.444,155.53735,286.47577,305.80878,85.78132,60.69158,101.33002,160.83017,271.66846,241.79375,318.9232,211.47433,221.88316,212.02979,184.9702,267.2188,234.8589,413.36847,172.19109,66.45803,56.101913,164.77718,126.03424,129.92001,332.2692,133.78053,136.5401,285.32712,169.41963,213.35394,268.2593,68.58859,309.2229,248.12619,266.63647,320.21964,357.06528,378.17807,316.68097,170.44218,47.43124,182.80667,85.83827,314.2536,395.18,282.15042,539.0572,804.6222,775.08984,287.6973,792.5327,690.8991,122.598175,216.3821,339.2172,550.162,347.06317,532.3724,319.23154,318.16705,250.33694,96.17311,92.18142,288.40002,259.9823,227.05284,231.94319,102.931854,205.03256,360.84543,304.68274,202.15378,250.81096,314.44064,241.2654,347.20972,315.5021,82.65291,71.08056,144.823,260.15817,114.985794,105.329666,154.66687,71.581924,243.132,132.38733,202.64563,262.11798,472.54675,294.6781,265.07257,155.24297,341.55746,163.34416,400.8848,500.05457,289.14728,127.9375,Desktop Computer,$Whiteboard$Printer$Phone$Shredder$Google Home$Desktop Computer
564508.5,239100.4,3361.5933,7006.2114,4973.2124,5377.735,3500.938,1866.2388,7680.6157,4060.4465,2407.4377,13566.822,61195.98,46969.855,4288.803,2415.8713,2394.0264,1604.9235,312.0292,344.67645,1164.348,1978.3967,1632.008,914.75397,2223.988,1759.9281,831.2322,483.04153,325.8071,1140.874,1148.0768,897.17535,1596.7253,1139.1826,904.1261,667.98895,1962.2537,4420.4307,1371.3743,783.0232,223.1691,676.56494,524.283,484.47714,723.2367,806.58405,872.3006,168.35179,87.018135,753.709,688.186,337.25717,622.4952,893.24603,833.092,639.6708,491.62857,535.19165,447.8545,407.8707,339.9441,329.53427,881.88,151.68173,94.81975,228.4727,93.27857,335.8443,304.17874,363.02692,210.65082,109.73391,157.97653,94.876,766.752,322.00534,135.34676,313.3306,220.58386,237.7172,296.34058,272.0039,149.2652,154.68129,267.82986,226.9227,346.62958,381.92294,109.31832,210.33472,302.50464,108.428856,111.12899,230.13011,355.97894,627.5505,698.39404,603.80164,661.5697,520.7854,62.386,160.73012,299.80588,394.34402,268.83698,272.22287,100.64681,321.56506,298.81158,402.0125,153.98001,530.83844,514.3224,91.152,291.83975,80.50625,261.85144,397.52975,215.89877,261.34946,252.58652,161.92477,195.25385,256.5387,114.90369,112.92783,234.60667,90.576355,123.81628,167.51917,199.67473,499.7034,449.8292,569.0982,787.6589,297.0098,375.51352,229.77908,271.05692,49.776432,172.59323,152.15817,118.43124,317.8039,274.8753,240.22276,290.37738,139.60068,281.6618,218.4795,329.6958,166.51176,373.50565,369.4221,437.0993,276.4277,58.514446,66.73314,308.0292,263.4868,239.94849,254.39095,360.1823,224.01648,94.75475,240.22772,337.82297,160.9904,287.6533,238.99925,10.507584,453.90372,240.53543,169.82883,361.03076,333.65863,654.86285,448.18567,200.08145,316.23105,234.21725,258.34613,334.83032,136.04958,131.00436,347.40805,353.64124,157.45447,273.72928,108.7858,168.3674,147.64105,431.21164,218.09053,143.86238,68.77543,98.12343,204.1965,297.73846,337.10574,363.27444,454.54108,299.04266,423.02777,704.64984,130.08351,552.61664,450.3292,305.36157,366.5562,190.73485,15.8135195,28.78786,424.12592,797.62213,618.31635,509.19455,434.16013,274.94077,626.927,622.00323,262.74646,373.32956,207.34036,384.6852,356.47958,167.81906,277.5683,323.86298,171.16695,301.15506,208.5686,173.10986,131.3917,262.7919,218.81049,245.07153,32.07389,443.05844,610.9952,533.2751,219.63754,154.19011,164.3286,98.91486,30.529411,178.87663,157.46397,172.29295,328.13943,595.4799,561.81744,435.50177,331.21304,231.83107,182.72849,79.53125,Desktop Computer,$Whiteboard$Printer$Phone$Shredder$Google Home$Desktop Computer
568614.0,242710.45,7215.751,7617.1816,3295.6143,2028.3098,2799.126,5181.9326,7398.289,5592.4565,3970.919,13232.854,61112.508,46088.023,2311.9119,1025.4906,812.84644,629.75104,1082.8958,1603.0271,636.3527,1098.2502,649.8161,1300.3405,2258.3608,2863.658,1655.864,598.64813,410.61093,59.64589,789.69336,1223.218,1606.5394,564.97906,125.854614,604.4102,1481.3951,4428.194,2129.1462,331.29535,179.76056,270.85477,185.7538,254.30544,288.45465,211.00407,543.2936,494.6492,473.9184,832.56555,676.44995,122.79952,575.7743,968.1639,1103.0405,265.99664,750.5653,531.26855,422.14734,262.22174,422.53152,371.49765,750.2451,272.88754,163.3407,249.99075,61.054153,307.52502,97.40858,284.77066,369.06113,620.43646,650.19617,575.22626,742.8687,181.13031,96.95443,233.09563,337.43896,338.34695,157.41228,336.91553,250.84578,46.259544,367.15308,246.8424,247.56569,384.21518,464.70563,207.89885,237.9059,203.70041,114.21143,272.80765,197.85745,239.12985,344.0843,566.46643,515.88043,242.98567,262.9867,213.32039,320.88577,383.43738,70.06147,379.319,744.8757,560.712,385.85992,246.10666,121.14143,322.55148,318.52155,351.40063,295.1186,213.54024,170.17296,252.30675,158.56273,353.2795,462.96713,168.81767,164.75507,366.56378,257.6897,372.9275,317.43872,465.193,493.6549,461.19275,423.5201,373.1541,468.67676,723.9608,943.643,223.05133,250.33766,300.5623,247.1962,230.73607,355.96945,393.6357,232.40092,355.12192,412.97275,236.80669,153.14488,279.35278,264.15823,79.93819,435.16418,659.05396,353.93246,493.94568,913.683,567.0527,242.82428,188.74397,194.12952,304.14346,459.34613,262.36725,312.09122,441.89636,110.57027,27.980104,234.13322,352.89633,274.39694,166.14445,234.94955,432.49063,131.32634,162.53456,331.88855,222.46396,126.460884,266.51654,97.41373,242.3132,246.03526,185.40599,23.60728,183.8284,261.94467,217.583,253.65993,289.51312,356.02963,235.53271,47.294975,122.97952,348.19986,294.48657,196.29553,162.80159,220.27911,235.71324,188.53757,111.85203,136.05576,421.4066,550.82275,480.03168,797.2461,735.36536,417.84424,970.40155,370.8779,284.982,282.50937,206.46938,169.90729,93.85052,307.33658,283.23962,159.53075,290.50583,254.54205,252.49857,499.04416,419.05502,207.76817,85.30293,92.11197,465.92456,488.87854,407.57217,247.34512,292.79517,386.14743,346.91513,543.53235,464.82486,537.7032,479.57312,137.05542,108.33444,408.81888,281.02185,251.93982,195.59859,114.26652,178.67944,213.69553,163.41562,304.6103,195.07396,323.7462,254.52808,204.17075,208.51997,560.42596,179.0857,230.93494,30.425184,7.84375,Desktop Computer,$Whiteboard$Printer$Phone$Shredder$Google Home$Desktop Computer
568222.9,243127.98,6743.3506,8845.549,3074.9045,2376.0496,3302.712,507.88058,4196.239,4799.1323,2132.1199,14088.059,62922.613,48310.117,5061.2026,1311.0035,568.6469,511.26215,1701.9879,1467.1187,1166.0973,796.02454,1496.8403,1044.2828,591.89575,2062.6038,343.7014,401.679,371.12796,340.23087,427.41547,1050.3522,890.40546,350.65244,908.9129,644.9914,2143.7017,4545.1294,1717.5383,186.25249,466.49887,461.90002,584.9161,311.01575,99.24513,319.9246,229.5641,109.95096,416.993,1201.637,778.1893,353.76038,248.83638,425.4848,729.30914,685.536,523.98474,94.16568,638.1528,571.2144,583.58057,547.91895,615.9829,456.71826,435.0299,231.6755,373.41263,229.75473,251.57751,300.2894,251.71124,89.794395,546.97394,83.87864,618.3003,505.68875,160.55107,19.319477,94.11877,185.23306,200.41376,174.1347,107.56809,175.67178,56.784164,36.936314,82.712395,185.88962,265.22058,357.51892,186.83795,143.038,155.46782,120.29963,263.52502,427.25037,287.3852,248.53952,236.83113,300.53342,331.1598,172.20058,231.64732,198.8098,41.612637,267.0365,273.3905,500.5152,402.29117,310.0614,307.50717,106.09317,131.98018,245.07393,175.41751,245.46663,105.82087,85.20295,171.01909,306.20483,263.7867,160.83366,143.28642,186.16151,351.89133,366.42422,395.94766,171.35487,203.53955,459.78793,558.616,387.02856,659.78217,872.73444,937.37195,44.904026,349.0031,272.9908,391.55603,41.941475,209.37288,195.56206,186.57773,178.93706,262.47137,43.86511,90.94893,144.59845,115.36946,165.67563,416.32663,591.833,778.11127,326.61963,376.916,355.9378,307.6925,189.79369,201.88493,40.04594,29.577425,287.43863,362.9842,498.65805,388.23914,311.5783,154.35945,25.352194,55.87994,255.65596,400.92087,355.4405,135.50705,238.87846,291.3051,228.85045,226.24846,230.49738,184.44046,70.605034,132.71385,129.82835,74.677086,233.60196,136.24547,131.72998,117.08176,121.91814,127.00532,133.9691,216.01846,353.12128,209.54498,238.4893,364.60352,333.35245,368.54358,387.363,292.7576,345.0023,297.07663,209.63649,185.61624,376.28616,197.656,306.85657,917.27496,266.24774,719.80444,647.50226,687.3601,499.81598,170.10403,183.62215,304.31683,327.92944,232.86871,128.85324,162.2574,419.79608,262.29785,71.62014,198.75755,99.66072,137.4256,353.29312,328.41556,217.16449,255.51216,221.75215,258.08615,296.83246,122.571304,128.83447,11.896131,111.336754,288.04126,184.1229,208.98863,179.98505,239.85458,266.95334,186.19511,105.91685,107.07074,188.4951,200.90782,250.42822,329.4959,69.2909,265.19366,461.5556,228.59995,368.42493,260.99847,283.61246,114.84375,Desktop Computer,$Whiteboard$Printer$Phone$Shredder$Google Home$Desktop Computer
567914.4,243009.8,6503.364,9494.215,2760.0596,1570.9811,320.90875,3059.7344,5306.5015,1551.7089,1783.6105,13249.705,61003.39,46879.48,4407.5938,2320.7156,1138.4283,1136.9712,2705.3833,1458.2051,2199.45,2654.1074,2093.4644,829.48737,2307.932,2465.1064,670.488,766.3749,608.88446,799.387,98.63703,409.21353,1141.4932,244.20049,570.6536,552.0965,1921.1282,4932.3643,2711.184,869.634,1218.0718,513.17236,225.69736,510.89368,538.4952,453.04037,531.3371,787.6415,447.95895,388.8913,771.1981,232.81265,473.6615,560.4769,1526.6873,1386.9515,301.638,364.82068,194.42369,589.4102,247.54367,146.60844,622.1929,55.08598,206.85431,151.04416,282.23514,49.204384,322.20602,558.12775,247.69113,119.944916,521.5061,73.7067,271.86966,177.1114,261.7756,260.04306,338.0133,334.13672,169.16469,396.1769,384.40662,105.94072,318.90015,270.44006,290.45374,45.88317,198.12242,168.19101,143.06183,265.99274,95.37025,43.494144,228.7485,747.3246,794.95776,269.84756,133.12549,373.0643,352.5644,345.96222,29.260416,99.32151,353.8534,240.87315,200.28502,127.61321,304.42563,525.80035,247.99603,211.61789,325.8972,398.65723,376.80112,244.25226,365.6487,56.671932,55.47599,230.08636,504.78867,93.85268,155.17198,200.10506,47.52224,353.78653,245.00322,187.40558,87.76671,251.28603,421.1116,470.73624,380.30014,414.6517,668.985,270.92322,739.8432,165.77759,214.74034,124.57942,271.09308,190.34329,80.73889,111.1095,202.13318,294.35742,450.6702,291.4491,174.79182,290.26544,824.14636,609.63916,243.86594,144.41281,57.899513,300.37674,450.35968,123.526634,224.31061,180.52826,25.48397,60.678913,262.66678,357.5307,347.3319,402.9789,366.19586,164.18019,164.78162,98.50995,258.94745,269.91495,177.40681,108.82468,72.12475,182.34729,378.10562,270.77185,373.20038,314.44196,260.99167,465.222,197.89178,112.40187,376.4215,189.21169,108.08365,127.11898,365.7891,175.32494,281.2555,533.7241,590.4695,383.00323,345.85052,160.3985,284.0925,355.31232,152.3524,322.20493,377.82187,383.09464,380.40665,348.68024,834.16455,751.0653,490.28198,771.79205,299.485,430.06714,213.3208,434.83667,374.5214,291.30295,197.91702,224.54271,80.879585,126.003586,243.26802,257.3581,374.54694,442.98248,105.25394,170.24126,207.49435,100.46832,197.86024,281.7311,335.984,252.19666,129.32011,76.98479,159.35873,80.42434,138.3107,205.83763,165.42648,404.97607,149.67671,72.44158,171.19827,83.82926,159.28622,63.346508,278.791,510.68713,343.22656,355.34024,309.63702,56.127453,56.18865,315.2456,106.74767,262.76526,434.42596,205.01431,201.6875,Desktop Computer,$Whiteboard$Printer$Phone$Shredder$Google Home$Desktop Computer
567444.44,241310.27,5181.884,8211.3955,1587.5479,3373.5283,5081.103,3871.9392,5646.0537,443.19373,2379.0034,12984.396,63945.523,49949.746,3305.165,3302.428,2253.6343,1302.8126,1431.9694,688.3555,833.8227,3401.7644,2544.928,589.8815,1596.8788,2319.8772,368.1826,181.24763,724.29205,936.9902,195.73131,1063.546,1586.7749,630.9684,913.2015,891.4856,1742.4473,4470.2075,2272.0579,112.595856,503.53854,437.07446,308.87067,331.75134,453.23224,495.23035,123.09472,124.47917,332.18582,746.63904,216.647,472.0463,518.04285,478.72812,1376.5282,500.3022,470.22037,444.98187,508.23212,632.13794,494.83734,474.94907,435.36282,199.2649,458.1808,362.20224,359.3173,226.78156,207.0165,177.85376,194.57417,58.49104,350.94693,149.4926,395.2345,308.6952,79.76606,179.10184,75.4474,196.56285,129.92519,45.222588,209.70996,109.78271,34.54817,276.21057,210.94083,52.533066,104.63178,195.84238,440.22226,543.8154,474.95135,140.11823,144.97443,218.60121,111.25745,400.3985,148.66887,437.6205,363.41147,297.44583,295.95242,331.74753,186.33884,69.127785,95.51349,153.91554,414.70468,127.194,174.91992,146.35022,165.23357,351.82443,205.56772,100.38196,252.25397,283.48813,172.30301,172.33864,221.30289,67.54717,137.02611,166.22943,296.16806,297.59225,186.88632,150.77707,183.333,189.2246,118.284966,149.62004,299.99146,706.19116,1285.0446,540.35535,295.51483,192.52419,171.69864,219.15938,75.78003,166.10948,234.86247,216.74464,91.3764,199.09103,311.04974,236.4073,179.56473,273.7633,407.16644,746.977,480.63977,584.43396,430.30734,132.86668,423.15967,150.05603,107.244484,120.00541,221.69106,269.18024,354.9724,155.3943,155.5523,91.61567,184.13,84.33949,149.69196,137.73093,265.53708,349.3469,165.4214,149.77061,240.01085,106.83169,308.1564,303.9319,308.12155,360.38666,354.0483,173.92628,109.38668,234.70337,209.48814,431.5204,265.57266,97.498375,153.2291,87.352646,181.38618,77.13699,37.880615,137.63393,116.27394,168.26657,123.20109,260.891,483.63965,484.32532,141.49138,230.5747,270.33282,183.79695,256.7089,827.71155,292.0076,965.7284,1040.1912,571.63293,318.6518,512.76666,599.74286,273.42728,74.47484,268.03903,358.9407,250.41646,205.38605,276.9003,508.06,202.7793,119.590065,116.11495,32.77523,235.55623,173.00243,191.85646,377.0189,422.36517,260.96927,49.259804,124.42059,40.610554,104.30016,304.33307,434.1506,336.52646,107.85064,117.53908,236.46176,108.137436,95.61333,132.001,59.215862,284.42758,293.0598,334.82535,279.3832,26.824173,430.8599,522.43286,202.92528,281.58655,482.9928,356.7861,266.6875,Desktop Computer,$Whiteboard$Printer$Phone$Shredder$Google Home$Desktop Computer
566648.8,240139.56,5050.9883,5349.0312,1406.68,1657.298,3970.9553,4708.563,7318.953,866.9793,3439.3455,12795.046,64573.016,48872.71,4343.07,3435.2998,871.44434,1104.4728,168.4575,427.10703,540.25995,1807.1239,1117.3116,707.1822,1376.8904,2088.3545,774.1404,778.4005,1092.2046,1406.5275,819.1604,950.68225,1425.5851,500.7239,410.9213,856.6494,1904.7317,4494.822,1872.8629,210.84807,28.110746,361.90866,363.94196,100.72024,326.69223,464.56458,838.96967,744.0049,430.64328,573.9677,691.51086,151.2637,338.28015,710.5524,1355.7628,649.1132,375.52515,328.2948,241.83833,53.7576,329.11157,748.59375,761.2016,357.03973,48.53293,123.5072,173.08707,215.05006,114.57884,207.1818,116.87784,317.52872,378.22357,197.87791,179.81886,166.6835,276.69977,275.92532,188.42963,416.80667,151.7297,93.650856,120.4638,184.63042,148.94365,165.57628,182.86975,81.70363,172.26015,53.354965,225.62093,63.819138,191.3384,84.82569,376.5915,594.789,701.0229,424.62717,305.856,156.23097,325.3471,188.1651,177.37701,301.53958,286.03854,98.227585,181.51244,298.5328,412.12698,495.80246,153.80855,216.98805,271.2698,160.70401,180.22061,214.31012,240.74385,22.386543,82.39902,201.48447,118.69341,59.963238,79.341255,38.667698,107.43697,251.33664,264.26556,175.4496,305.50983,387.7128,409.51147,388.6927,455.76965,835.6953,1090.2747,204.94034,357.74854,192.61272,87.77732,174.87527,224.72638,111.151115,133.93536,174.46558,87.14271,152.84431,191.24115,106.43033,94.238144,210.64787,415.28516,457.338,414.63712,645.1834,224.56706,237.91034,451.18195,316.1246,152.00067,118.89896,137.08516,175.6683,56.372936,238.90358,464.92047,553.04425,439.91376,257.091,161.92738,170.18547,259.71033,410.6746,242.89645,201.88268,294.49103,394.87598,272.95493,373.69775,465.6851,395.46524,217.33066,383.8718,425.6932,461.60294,185.28851,283.2503,223.28496,123.043434,168.6394,343.11603,296.41156,179.70535,101.04124,257.93393,370.1614,385.23364,542.89825,616.85724,431.30777,352.89474,237.61314,367.37924,565.1605,405.4937,508.63766,780.7027,104.06397,875.8433,540.83514,467.18298,409.53082,440.5467,339.97528,593.5128,528.3564,428.1459,389.49252,502.98773,369.72336,431.58688,350.0857,19.858109,164.74434,154.9178,342.825,298.16827,146.9668,33.42569,100.44096,107.4818,115.62487,35.975986,123.12273,184.74655,303.29495,262.47333,212.138,62.172935,91.59655,28.661938,321.90463,289.64853,55.295116,106.89338,173.53166,346.86804,187.5388,457.08954,344.29797,206.66875,411.74228,497.38718,53.599716,209.07625,154.9156,86.581215,511.3125,Desktop Computer,$Whiteboard$Printer$Phone$Shredder$Google Home$Desktop Computer
571632.25,245774.22,7809.3535,9201.668,3563.0615,1644.0986,990.3102,2968.4697,9463.583,4883.1133,1179.3798,12027.722,61523.066,48328.145,5646.2026,2284.3982,2151.3528,767.4946,733.1537,1910.3091,1644.9467,2726.2632,1744.013,1078.2834,649.5492,424.3204,358.0641,1097.6672,1380.3671,376.63925,499.84232,1516.1749,1780.4016,1588.864,882.3692,766.0868,2209.8787,4680.824,1693.5647,542.52673,475.16827,431.4523,226.89357,541.24207,358.50143,416.79623,251.68234,371.76874,563.87305,1067.905,629.07996,715.4144,628.8024,946.46454,340.331,489.1445,463.15408,211.1399,247.60712,134.41432,417.1424,669.81885,962.3811,292.9409,357.74106,189.20111,145.79224,237.18105,422.11508,293.35513,264.2109,231.8612,229.42665,216.51982,378.1856,100.21892,112.235825,324.94342,301.33282,271.81833,324.9694,167.3678,290.59198,195.57588,21.98952,297.1552,180.0761,157.0002,94.27714,285.30884,164.07384,85.115906,384.6745,199.12123,171.00949,246.72897,325.0059,123.651886,51.519787,446.27667,726.3139,362.9806,256.77664,184.37767,214.76552,352.72656,99.875854,209.45296,471.76108,214.08786,157.22122,425.55005,232.94922,38.75465,402.80072,631.79785,273.00195,180.69272,199.41312,220.76299,21.678877,37.17755,93.25643,310.70407,239.86751,105.153435,136.24138,96.89465,164.93468,91.69503,466.35287,351.77945,462.23233,640.6373,913.68134,121.41385,496.41577,206.8679,130.8676,143.79224,229.67624,252.79034,129.22353,262.8628,160.80804,19.846352,206.54604,362.97647,324.23486,358.9816,120.697586,474.56113,997.5005,775.33673,130.30403,130.9064,251.2825,237.58676,243.98572,75.62778,222.91246,63.667057,220.67458,246.73488,212.41551,22.50165,131.41678,314.67307,166.07869,19.518093,81.128845,132.93295,107.559135,34.758533,76.541176,85.651146,132.03334,244.99301,83.00942,137.5923,211.8809,150.26387,148.2259,184.92719,357.05484,327.9133,333.03177,179.44212,151.46036,309.60257,213.96124,96.98009,218.40643,264.83826,264.9339,22.308664,214.65282,182.29364,50.17441,124.44651,184.93982,370.1039,211.84271,253.26053,403.09485,794.0267,179.04465,828.8361,757.6058,450.73544,386.87656,249.22318,278.82285,250.668,214.84293,271.35382,225.0665,280.14075,113.64866,161.42433,9.173657,176.37022,219.41359,213.19945,219.86256,97.457115,168.66302,268.48315,144.85782,62.85046,125.15237,117.61577,135.99818,89.2623,223.72153,270.57312,157.40906,138.58237,67.72833,152.30234,80.11708,235.4954,151.17465,349.39087,329.86508,287.51242,99.52228,327.57462,102.88658,228.68951,116.85076,459.50174,701.9391,291.75696,187.03076,331.16257,321.875,Desktop Computer,$Whiteboard$Printer$Phone$Shredder$Google Home$Desktop Computer
565161.4,240340.22,8711.354,10556.582,4414.2964,4527.562,835.83594,3177.3943,7614.839,4311.11,1433.9749,12598.336,60448.656,46843.266,4220.8975,1799.039,2738.321,1261.0791,1061.7545,2104.7227,2325.0579,1369.2504,1655.7186,415.01196,1298.1403,1817.2633,991.257,185.41438,389.8335,65.85826,254.2236,648.59216,708.454,336.7444,626.4931,618.72565,1815.6722,4638.3438,2294.76,208.3029,429.77045,415.06647,248.65639,348.52634,111.15995,210.42073,141.6331,321.7382,207.73756,697.1907,835.75244,290.40488,495.86188,821.08734,807.3206,710.6493,780.477,908.88055,742.2605,422.6773,574.15063,596.9157,1053.9756,435.00018,238.13124,555.6588,650.7187,484.50165,317.5619,205.46483,119.33688,173.16696,27.434816,152.28561,327.32642,312.39066,235.11418,148.84789,244.59006,76.836266,290.42438,126.95986,235.53923,187.97063,303.2386,118.03061,85.751976,292.86954,264.1236,262.0565,146.69978,150.71426,151.8657,294.0843,362.40735,207.81985,281.0426,658.7154,663.7163,187.27388,524.8776,296.02362,113.08177,158.94325,36.240334,169.99573,142.92776,61.394493,309.68985,352.3623,408.48425,158.28633,171.41324,489.07117,133.0942,162.80804,144.34995,91.88033,448.4049,309.29776,159.56483,67.96153,58.706486,96.403694,181.82755,59.504448,178.48683,171.33058,186.44066,152.4172,375.7462,336.29437,388.09393,544.1245,972.3449,41.051834,722.8554,415.78864,296.0984,268.46667,208.72548,78.69025,25.338047,215.71098,465.33728,410.94077,140.49622,313.31406,589.92523,597.167,519.0039,822.8535,465.1272,433.58292,594.5341,170.81813,111.1444,189.91446,188.70279,292.75613,295.7953,318.82278,170.66899,316.9077,174.64978,221.88942,7.938963,142.51811,145.8331,342.59653,191.59099,47.111134,156.90167,96.74176,128.20865,88.717735,42.432037,96.57216,204.4109,386.4039,220.59488,88.28607,160.67365,164.61028,163.68433,140.03407,153.00891,166.73212,142.26877,216.66388,118.83894,244.18759,147.49326,44.598965,255.44992,599.63104,348.89893,117.109795,397.29047,230.04941,172.04776,375.08633,169.68744,96.38415,262.82993,316.677,793.3033,1347.8798,690.20416,348.1799,115.402435,97.23709,443.48935,147.42773,138.78856,149.61354,243.01082,175.3569,112.64992,127.927574,132.98439,88.6459,257.68607,285.59406,282.09885,161.80687,72.59493,210.552,231.9348,181.21245,65.327774,197.03397,140.90318,108.951546,67.55751,75.87246,265.48804,211.74698,270.74612,193.50485,169.10397,143.6329,335.53738,241.47849,257.3361,172.81421,105.85254,331.11142,307.04495,69.33227,171.86963,715.5491,564.89575,187.14719,247.01628,99.82325,156.5625,Desktop Computer,$Whiteboard$Printer$Phone$Shredder$Google Home$Desktop Computer
566881.5,244118.05,7132.419,9311.655,2185.1248,2761.5447,5090.105,999.675,4954.6006,3052.4783,580.06213,14714.913,61981.305,46065.836,4151.286,3698.3647,1702.7898,1064.2435,580.2957,1457.7723,864.85126,1262.5518,565.4569,234.66449,921.9007,1876.9948,72.575714,379.01834,452.07303,1103.5546,112.84319,930.70917,1338.3899,560.5692,471.24493,919.0976,1738.2609,4216.8765,1701.3975,162.97804,317.35944,411.25616,228.72983,401.8567,681.3973,294.00705,127.496666,311.9876,414.0666,1099.3246,624.2099,195.66887,461.00647,353.8633,840.41364,474.23694,693.009,430.70944,367.69962,426.83087,573.8837,817.998,1221.2021,327.68362,267.47256,288.68304,459.18176,201.31265,74.14801,268.22165,382.19806,353.9198,372.60822,189.68108,225.07191,153.68726,167.26572,71.33754,182.23662,243.3962,213.85657,238.37703,107.30977,215.88834,240.68996,169.04807,197.37231,98.673355,123.053276,126.963066,236.73434,124.41055,207.68626,334.69934,499.2857,466.7489,555.2811,361.36533,550.9226,329.3133,488.8709,247.47945,245.21814,371.67517,251.16782,287.77505,373.82996,193.37907,154.45744,55.436695,230.85562,378.99316,263.8672,379.54178,87.21956,156.5755,262.58667,282.845,112.8353,219.73839,205.28311,15.842481,179.84578,85.65596,90.01087,144.37047,67.06955,107.27621,145.68445,88.645676,80.76849,263.35526,363.11786,579.2387,842.0889,375.5326,929.7644,548.7393,374.63257,180.52065,164.69199,258.5301,117.19838,72.0664,221.08835,108.21363,191.16248,148.00826,387.00748,293.19608,322.06454,248.92107,761.42316,467.23514,329.7426,344.27423,75.86637,111.18055,152.70093,174.32387,233.74966,175.75253,322.8537,411.88785,145.7803,169.42993,176.02443,71.450455,97.0186,123.676704,51.828663,197.6146,275.4756,220.87306,179.9831,191.61154,203.59973,358.0575,466.4299,349.12122,138.75946,270.29276,183.27135,54.567623,309.4955,343.8037,496.57687,593.5701,409.42743,219.05792,321.73938,334.78006,291.45673,351.97034,327.46744,369.78336,313.81012,430.04428,364.15982,633.35846,634.0762,373.52356,197.1184,109.790695,186.40947,420.01608,1216.217,951.0168,449.5142,313.3177,546.13727,547.6074,673.5525,603.48804,310.41995,183.50572,134.64815,125.71912,235.46239,251.05226,296.12625,277.31897,243.75874,378.92883,278.9077,88.95352,155.11699,335.8278,397.72662,228.8993,383.8175,483.03433,367.49197,403.29065,239.10486,216.99667,224.51294,319.8295,151.45653,176.68254,195.36409,235.0234,296.73474,213.33029,95.306946,88.41662,269.74768,509.85843,523.8202,409.38232,390.06363,251.87329,535.0019,106.14971,368.7957,356.961,413.0,Desktop Computer,$Whiteboard$Printer$Phone$Shredder$Google Home$Desktop Computer
567750.06,243739.2,8481.542,9082.972,4615.1836,4918.73,2529.5684,2433.8271,6260.3643,3101.1746,1070.7988,13353.422,62752.633,49710.195,6777.951,3105.7505,1137.3488,294.51428,1687.0558,895.9776,1116.8156,1042.329,1747.6562,741.124,1163.2144,1268.989,402.86844,773.6896,502.64035,1145.537,800.8976,612.7024,631.25104,613.2209,423.16776,380.63254,1958.8801,4029.5713,1653.619,722.3208,431.40372,373.73584,87.93158,160.35588,422.3193,246.84108,293.49084,47.971275,141.28203,569.59015,412.21426,579.2339,373.0405,399.20395,345.5095,151.98274,313.63965,420.02304,309.548,413.82355,610.60187,991.1999,1226.7661,466.54593,82.29391,351.04877,405.53116,201.33595,168.14395,175.54297,195.33301,137.95996,33.487755,206.16153,249.16147,165.75266,192.24849,167.62257,154.38942,497.14722,310.33646,305.07462,242.94867,397.02774,191.0343,233.97466,148.66942,194.16306,61.83843,202.07521,565.4052,224.47119,240.69077,134.62794,210.94415,224.09381,169.11649,290.23224,639.6318,523.30365,22.375347,392.833,137.19604,138.67137,243.94165,230.98631,462.59158,178.36046,370.93793,469.76068,245.8786,61.224987,227.31876,40.743546,238.25827,35.708084,248.16539,195.9034,154.017,212.39532,95.65953,101.95839,196.68597,92.07098,105.74667,29.309656,246.08615,50.56249,111.275764,77.37198,207.00883,315.77127,424.47836,834.3808,935.20593,352.649,564.3293,186.2741,122.68711,142.43382,51.494293,279.52188,259.43707,420.1389,361.1096,219.34943,154.1656,45.286175,133.27774,21.66662,232.50064,762.416,1288.3611,677.2393,230.08852,346.36984,273.15726,60.94625,147.50154,126.49658,235.76286,206.48688,167.82497,23.529108,166.40344,373.5337,299.65137,198.35597,164.78368,127.26416,100.15823,266.7121,224.79189,77.093155,34.14235,100.777855,101.06652,147.45918,89.439865,119.08013,183.43977,213.27151,244.5258,218.14346,202.19078,236.03381,200.7432,204.5994,63.93162,167.2003,187.42574,148.39503,119.76909,172.15137,345.61606,261.45197,147.02771,97.36353,347.57352,82.5875,240.66724,290.1596,276.54083,334.0312,357.527,586.64136,861.80505,402.7466,1205.0504,750.2427,158.0083,152.18124,290.96945,415.67792,290.84265,187.27559,278.57892,19.708536,120.77212,207.45425,351.23108,185.94672,211.85406,300.39807,242.91296,56.50514,305.03836,391.6342,215.86871,118.23573,447.82022,335.15598,316.72055,63.496704,151.93948,373.54672,257.4511,9.940277,269.49658,282.36472,341.08517,337.9314,193.60617,102.212074,88.87383,72.57213,194.58492,108.572845,193.41435,171.54263,466.5671,291.67764,249.21938,207.50948,150.63264,271.3022,96.6875,Desktop Computer,$Whiteboard$Printer$Phone$Shredder$Google Home$Desktop Computer
568338.5,243147.25,3236.7053,7817.978,3074.4307,1709.2268,1373.991,2193.9507,6059.996,1673.1328,4039.3027,9930.72,61918.61,47698.92,2286.1072,2600.1445,1955.1758,993.5292,470.87286,770.8731,1066.24,1267.43,589.25885,765.0358,3257.1216,3307.138,1234.4467,645.7399,1323.9932,948.50397,1017.61566,1039.3259,913.1669,290.68668,417.44507,192.81203,1711.8187,4181.4243,2042.6957,391.95868,327.82297,124.274124,116.345436,218.05153,304.2423,187.31223,200.17645,247.44069,900.7926,1549.9695,1354.3715,942.16144,1141.246,1147.8137,220.60591,628.39996,397.71182,554.32806,620.014,514.41003,549.2917,759.8416,718.1249,201.1644,262.1738,270.96988,236.525,32.523705,120.89385,238.57698,261.04218,111.44244,337.72144,401.70157,338.05453,126.17921,270.83646,212.27275,341.87064,337.36823,198.82246,193.22409,223.68916,97.93401,262.53516,285.4152,304.14374,59.487885,33.09424,171.88829,251.3335,98.731255,106.106094,107.75593,346.8071,427.74106,361.86047,217.91806,367.5229,831.539,829.4166,642.2489,262.52972,92.815636,215.90547,255.35493,202.98416,498.9603,769.40106,536.71765,363.01358,506.96378,615.94824,486.16528,295.17212,113.46336,241.63087,93.9438,207.0123,49.704388,118.82871,164.33437,277.75497,23.55272,126.091606,278.9541,343.78094,210.17789,86.02725,212.20117,411.3708,312.4832,120.775276,578.7031,1121.4833,141.90338,495.43268,440.36133,438.645,449.57687,126.97092,162.80664,127.45674,265.895,204.28342,180.69734,384.6615,209.35107,104.34643,168.11407,449.47128,578.14703,970.72565,342.53912,105.03303,327.71118,348.36414,298.57532,43.837814,174.76889,192.37091,164.4559,314.27466,196.13226,167.33777,219.50368,277.02084,175.93736,97.393074,331.9893,394.68674,193.03673,222.31845,244.88141,131.36835,184.57274,233.06819,173.15112,206.81693,455.99792,489.7124,260.65598,200.32115,332.80225,285.20654,164.64935,111.835594,205.09122,401.8355,436.04855,228.31664,283.0922,331.9209,245.54242,170.41039,337.29553,169.48755,62.22192,255.15004,90.33339,291.20197,82.71262,276.3386,788.1007,1143.0089,948.0101,281.11206,732.6471,546.6701,496.89566,582.6983,204.76465,77.94949,239.64862,173.99854,224.19862,54.576008,51.57796,174.45833,186.85684,136.63852,51.487255,77.354065,60.60315,173.16728,275.32755,130.34593,184.63937,297.40482,55.1035,148.40297,55.38989,138.33766,303.64783,325.62213,163.79268,46.468666,151.45222,151.23476,269.59903,303.30786,241.48953,242.42502,165.71193,163.91425,249.29301,398.17212,393.57404,340.50842,381.72476,463.04108,771.7949,786.3851,761.2644,221.24199,178.77744,230.84375,Desktop Computer,$Whiteboard$Printer$Phone$Shredder$Google Home$Desktop Computer
568239.0,244084.12,9824.11,11248.247,5078.993,3131.9636,1715.7761,1015.7291,4606.9365,1727.9553,4734.4717,12035.789,64619.707,49322.855,3298.0276,1564.8313,767.63104,894.26794,2085.7417,1460.3076,1157.7686,1484.8483,1840.3424,70.50413,1791.3323,2527.1147,1218.7157,438.20493,773.21295,776.09515,757.34894,786.2168,1451.0752,339.60327,635.5533,278.78885,1277.9331,3599.3496,1228.8234,564.8019,710.792,331.88596,313.25613,49.3213,88.91423,302.48438,585.2456,756.1636,364.3774,692.7646,827.9707,266.98145,510.10858,1133.7537,513.85077,614.99225,666.4302,673.9109,653.09924,498.3085,407.75708,800.403,821.34937,464.19543,187.1703,270.22888,144.9533,232.31578,96.67098,196.21837,242.7008,107.18624,215.01788,314.76178,466.24112,301.10574,240.2207,203.82614,79.12462,116.4496,117.06937,219.81328,290.10782,294.37427,129.56142,265.64777,371.6732,405.55792,137.2907,256.76468,228.11165,218.02995,199.399,317.28052,210.34366,66.248634,62.351295,163.55945,336.13144,779.7496,362.7464,248.6958,441.39728,111.227974,138.27502,106.243614,341.4889,288.28995,387.3087,366.6364,273.84067,247.14117,334.94446,254.92407,368.18427,194.56279,86.99011,196.42683,131.912,43.720123,68.38457,40.349,150.79195,201.96541,147.92467,235.95021,47.122784,119.16945,49.540047,95.03667,183.30022,99.932526,136.19057,715.0625,1199.0677,205.807,437.16827,332.0674,209.499,359.91455,299.29865,65.5418,116.4246,183.11015,75.39094,141.52516,129.13477,202.905,146.18504,403.5153,199.12093,499.3492,1105.8314,407.98718,357.76263,442.0826,195.84697,161.67941,122.444626,239.56763,155.46822,104.06412,182.70206,118.52948,130.03441,106.91567,104.47754,54.111168,117.64942,108.32004,81.05072,327.8583,252.76685,173.46535,118.06219,137.9402,210.56062,43.796604,111.22229,193.10184,348.23178,241.06511,141.60025,324.47775,265.03003,205.7785,83.924995,109.15316,382.32794,411.9717,77.32642,102.83033,157.44885,138.35277,126.39344,118.0702,206.67963,276.6103,412.13293,203.54834,181.90114,184.4145,96.67016,301.03665,322.4355,1123.3728,523.66486,670.12634,848.79395,410.86334,456.74014,523.11346,409.93494,150.3628,118.20319,222.81294,176.06813,282.3363,202.41237,141.3781,319.2608,314.10135,289.354,167.28656,157.01448,257.97095,87.01937,115.567345,57.0097,121.91159,143.91522,157.45883,243.05057,150.39522,47.992588,81.55353,137.84624,183.2521,101.70615,135.18924,78.020096,86.00035,90.28231,172.01619,212.79059,182.80266,148.99748,110.76341,134.58293,198.87885,232.52327,490.42206,283.50595,319.93167,387.87872,79.42006,125.375,Desktop Computer,$Whiteboard$Printer$Phone$Shredder$Google Home$Desktop Computer
566932.25,240546.0,2521.5776,8037.9565,706.4868,2870.221,2322.596,2140.004,5711.2935,3897.7834,2189.9539,13284.205,62086.832,48368.16,4986.026,1834.9741,660.9628,377.9866,207.89682,2301.9885,1204.9578,1273.6743,1192.9684,869.315,1522.0034,1499.5469,759.75385,293.23846,466.14758,255.56369,686.3816,1341.3706,1715.2936,398.02246,115.79616,321.26874,1935.5521,4074.6287,2081.6812,332.5716,169.16884,243.68726,61.75711,62.86958,349.01572,517.044,540.3646,593.7448,604.68317,857.57544,208.3562,236.85033,121.46254,839.00214,845.6693,131.82806,208.3271,326.64493,258.126,250.85524,47.011856,517.3388,762.09644,406.52118,112.39888,76.28817,288.15103,430.61682,314.1235,324.98026,391.39578,358.94287,299.3624,307.3375,442.45914,141.33405,252.47726,263.56525,93.70856,170.85608,134.01416,203.93591,132.16608,137.43494,263.8475,167.05737,270.03955,215.46228,243.60605,332.04276,288.6563,179.97856,152.79124,271.45834,364.52182,358.85678,350.4101,297.46466,545.9251,928.07666,290.23117,503.34015,346.91083,207.48259,123.65564,115.44211,457.8803,384.76175,203.72508,176.68637,36.390343,73.755684,38.430252,200.8458,129.3464,166.47418,80.376465,277.62842,177.22435,197.30403,216.86531,367.26337,268.71094,455.51434,460.48596,375.72406,98.970764,201.09041,223.22221,217.91887,205.1251,319.5935,311.66577,1033.9376,1344.3219,238.46278,665.5737,193.84402,81.915535,175.60587,221.08261,209.53712,52.17195,183.37866,256.7154,63.943462,135.6153,134.95795,197.8624,345.48532,396.62753,563.056,1088.883,641.7421,324.13333,274.9799,140.6234,159.11531,266.51273,217.36542,182.25124,239.28539,181.09799,170.0492,201.16539,194.1383,184.74031,176.61092,262.1853,112.591156,297.59143,209.56842,137.41885,24.64658,157.11209,98.39595,59.786015,203.96323,54.416695,40.391598,306.27856,197.98361,188.43796,262.74936,196.97145,154.23787,115.29901,221.54404,255.82774,229.71877,158.7727,80.93951,175.61491,170.63577,178.4841,323.55682,96.02026,148.43256,184.06105,223.07191,242.80469,30.286974,159.94687,379.3189,248.38396,1023.84564,853.9878,411.59393,793.6784,291.7534,344.29745,247.87556,238.64526,123.90957,193.93985,129.29604,149.97552,177.21907,147.69922,107.98854,208.94507,181.19565,204.36264,72.759285,209.9952,173.71529,119.95594,256.50583,285.10373,112.6485,99.03138,191.60574,52.693237,28.157015,229.90163,150.72327,130.39073,171.84494,131.34277,230.93346,300.44864,88.69817,126.679405,246.72598,257.68958,291.75275,374.47003,339.8316,510.6706,474.29272,419.02933,329.90915,176.60558,579.46893,370.35498,267.59216,417.09375,Desktop Computer,$Whiteboard$Printer$Phone$Shredder$Google Home$Desktop Computer
568828.9,241703.92,8669.758,7016.238,1820.7485,2570.1904,665.38464,2659.209,4715.323,4852.479,2368.5159,14150.25,62748.41,48618.49,4052.3157,2993.4314,2687.5056,386.45337,1558.3136,1512.5782,1156.8522,2185.9978,1159.332,844.19415,2642.5078,2802.75,654.64935,275.27512,842.94904,680.0134,729.7368,218.5181,1305.9479,390.83133,619.02075,368.39194,2238.7546,4843.5864,2110.9832,161.6542,321.5537,293.74875,309.39862,55.281178,114.943825,439.31424,228.37082,432.57104,586.8721,780.2011,684.39453,410.66687,822.2893,1430.2727,804.1294,280.39642,129.3792,239.19707,290.61975,448.99152,547.1117,561.38257,675.1523,363.65408,172.01659,171.59099,195.70035,94.19974,350.66846,317.32254,81.251915,152.23393,237.24867,40.93099,354.15338,266.94037,36.943066,297.87164,183.9173,143.40572,87.92237,111.3634,355.67462,480.60135,516.6726,209.28554,74.56671,100.64491,291.67725,396.8992,118.71949,108.069,166.34224,133.5554,67.70604,201.36638,361.59125,335.6024,195.79555,161.31088,517.24976,442.78632,380.49203,526.2586,469.26248,321.98886,567.28503,393.5522,130.7999,10.578712,145.29494,172.73686,226.95085,132.84981,135.49663,223.8719,223.30827,151.2885,166.01938,434.0355,319.0481,160.9825,98.88272,175.96384,233.81996,300.53064,59.128628,182.82852,154.33192,232.09033,352.90756,423.312,312.56985,842.95575,1098.2904,243.71036,618.846,304.09564,276.3025,37.44526,340.47318,354.39044,125.994896,48.66419,225.7722,216.08334,161.88272,342.86017,412.30307,425.74713,570.45526,605.15314,664.0332,373.091,465.5712,275.68906,210.14073,207.19016,143.69615,141.39806,41.89245,272.38358,373.76947,303.75095,190.59578,320.774,267.9607,343.95956,265.88547,145.52477,163.36473,382.8863,241.50815,66.67194,100.56571,152.56645,270.75558,433.38916,367.0204,173.19241,254.70323,378.41138,152.29375,194.24362,133.00627,329.30798,416.0286,254.47159,178.32231,91.84808,270.12387,423.08002,189.0967,43.39231,67.46774,270.93692,386.69,292.5306,520.7071,795.14935,641.1767,441.54636,472.5047,552.3658,721.3597,919.91296,130.9698,569.19794,232.56673,340.89084,225.70462,492.68454,384.80536,372.71835,182.63803,138.91502,232.51564,188.7869,186.22368,67.77383,272.31848,347.0908,282.1206,243.65161,158.64671,371.89,288.5438,164.97864,76.72378,108.75745,55.70954,183.39284,281.11356,203.48735,196.91698,193.72266,232.24895,180.93417,33.48586,74.25362,141.69836,167.81825,88.56464,153.01584,154.30194,224.52649,222.52708,173.08896,182.26093,51.69551,230.12035,328.65146,530.0268,230.21352,479.51645,273.04047,138.8125,Desktop Computer,$Whiteboard$Printer$Phone$Shredder$Google Home$Desktop Computer
566233.0,240728.33,4709.448,4983.189,2202.4082,3181.8367,220.67494,2632.8162,5080.042,2567.6567,1088.2806,14616.693,63353.355,46508.094,2410.342,1622.1897,295.92578,920.78455,757.11127,1216.8182,334.72116,2442.921,1999.2068,1374.7698,1981.6813,3285.5728,793.1826,179.78871,587.70544,403.08505,185.89452,1466.8943,1773.8956,763.61066,305.2693,200.64168,1873.9474,4735.6123,1832.813,108.19928,268.67297,353.22644,203.03957,568.7218,561.1039,348.0101,51.138184,560.86316,643.4467,1113.1652,727.13184,186.0083,323.80792,1201.1775,612.3167,315.07272,154.45378,160.24237,279.24826,280.80814,180.41602,660.8792,617.816,417.8392,418.36728,126.90278,204.52194,81.905785,102.50123,199.62086,90.19297,159.63266,131.32211,535.4622,564.8647,312.47803,216.1431,188.40674,80.25404,364.17987,149.74522,148.48299,158.19122,207.89926,103.041275,126.637245,248.36008,150.08258,277.354,285.38275,234.26678,243.55962,300.64728,247.53416,156.93991,260.06537,323.9456,427.2075,307.95673,138.64287,664.0484,581.2324,342.92215,215.2053,327.74103,256.92377,745.51355,443.2549,94.88257,96.94597,122.80502,147.65822,80.659325,124.62895,209.44348,119.41283,147.14532,49.549694,116.08542,151.17403,129.11838,140.78299,205.84164,221.70555,189.3221,321.33118,207.09134,299.17664,489.11295,413.8266,416.9843,442.61774,469.8916,728.9197,979.7502,462.0557,699.7506,268.88992,329.6372,56.399445,56.46437,168.55727,99.89508,92.02971,222.21577,200.79787,247.29744,197.00224,163.4643,118.188805,177.63492,557.20844,537.88654,403.09662,548.58575,43.94157,206.97038,351.18997,280.51965,308.87863,306.84192,143.4965,103.01331,250.09982,281.22018,157.4582,195.02187,276.93555,53.55323,162.994,304.33252,215.45567,109.273094,126.08609,335.53677,165.15865,80.30319,225.1369,223.84323,137.30246,401.47556,166.39253,110.51994,133.44905,256.73434,165.36429,131.53693,54.468536,39.928455,104.826195,180.53856,79.57859,141.79459,121.14901,318.7273,380.67303,176.76021,313.19693,431.26062,467.9525,308.26968,163.24768,263.40512,488.96365,587.77704,619.4692,515.64746,1015.80707,356.6538,128.45047,340.33838,327.12238,262.6816,376.8178,291.87003,257.4883,52.37392,132.36328,219.47482,153.68497,96.122154,113.15998,157.59659,201.0482,180.22276,190.70338,144.71782,151.51982,170.0886,146.62427,142.4794,193.57045,135.94226,246.3381,114.90437,176.90598,82.39282,370.79523,354.41553,329.09787,198.35977,212.93208,89.56608,200.51953,90.44502,70.85692,167.5594,167.05643,168.41287,214.0179,362.69556,606.5967,709.0626,287.14896,387.40308,295.2514,351.46875,Desktop Computer,$Whiteboard$Printer$Phone$Shredder$Google Home$Desktop Computer
566942.4,240880.89,5509.981,7961.1797,2455.5974,3078.3074,1901.1398,2205.2322,5001.8574,1976.8496,855.9149,13997.546,62922.12,48832.582,5460.19,3090.063,2000.0728,1158.4222,1094.6799,726.1125,721.5936,2298.073,1859.2461,552.39386,1293.922,2178.4778,794.58203,481.21225,375.38806,1065.7006,852.0748,569.99475,1538.2542,682.0991,1057.6941,1122.3546,1677.7461,4259.032,1988.7015,524.58344,634.51184,787.70605,205.38786,295.18668,364.27277,136.2832,207.35622,264.2021,254.48836,294.89227,400.35248,291.2848,743.72406,813.43945,265.3278,635.79315,53.362766,194.39896,461.19482,488.68198,239.5815,441.2317,674.4611,130.54495,260.60184,222.90063,526.12915,224.82771,94.117195,229.2784,205.445,154.9276,449.51715,99.719086,354.2119,396.61264,45.016624,135.27533,200.74284,202.92041,312.69257,196.33063,118.36943,377.69653,84.407455,175.65265,184.85555,243.95866,169.10962,362.8609,338.9466,292.0756,287.70227,33.0075,443.21066,347.86508,329.51758,217.28012,101.776825,195.87547,596.8035,277.15933,156.19919,293.63205,255.03975,383.29794,287.13507,180.07727,315.23627,208.13211,408.7544,407.10645,290.68402,244.36862,212.98091,121.76206,174.099,170.84488,288.11862,232.99232,199.00107,168.09161,349.8185,404.6533,332.44492,229.57039,149.52571,339.32242,429.69922,409.23044,133.65996,362.44858,328.4215,717.9234,865.5001,186.25882,605.0962,296.01053,359.28494,162.92567,216.11429,148.70184,209.38676,149.75212,161.10912,150.0315,167.81158,347.88535,417.0651,498.87753,594.1448,885.65967,343.3845,392.95755,39.680565,196.48135,193.24774,259.5925,353.8582,337.05865,279.18817,91.67391,140.32466,169.76457,237.43068,266.13992,169.69673,129.61479,68.931465,179.59784,84.48237,111.91704,278.21344,175.8011,389.73444,133.20558,128.361,337.41962,163.76411,216.8153,365.3905,231.20392,255.09567,162.81494,269.16663,268.90207,347.26175,123.42274,103.6563,100.93397,150.20146,186.62216,142.19879,95.50796,148.93414,344.26556,148.04239,183.13689,374.51202,123.39777,686.596,713.4776,674.6008,582.9459,428.88245,329.09433,1024.28,354.36932,488.64227,122.23157,308.47144,436.30588,313.66815,85.21733,113.36426,165.0106,149.71262,212.90706,290.91815,279.55118,79.183136,187.67583,165.15398,30.791904,54.063366,114.69756,106.87229,121.35124,106.68904,146.85475,101.78745,200.61145,283.07364,239.49843,233.72818,286.56476,123.04626,96.68358,110.25416,114.27838,59.260864,204.34831,172.17108,244.56383,381.95786,384.0363,222.14983,172.61209,199.64838,96.97293,238.0405,193.81438,82.2842,552.99817,604.45105,327.15277,138.34375,Desktop Computer,$Whiteboard$Printer$Phone$Shredder$Google Home$Desktop Computer
568831.06,242096.4,6123.434,10871.511,2871.944,3648.2317,2459.7825,3012.5503,6865.9604,3572.9011,1260.3639,11726.946,61672.895,46902.754,3101.0903,929.85535,955.4985,2129.4077,730.8392,1091.6018,1478.9438,1656.7135,1020.97766,657.2673,1506.7931,1474.777,273.4362,342.7644,84.34398,698.1229,466.10812,977.8689,1165.2343,509.83603,866.84357,895.57465,2323.6282,4921.973,2419.917,535.1706,199.20557,611.32117,110.730515,238.25882,151.21494,17.037985,341.55902,515.4216,28.494013,156.50734,38.89829,515.0645,632.06616,531.7298,424.08868,221.11514,697.14386,472.54242,163.4073,43.86817,226.38274,263.87595,541.0177,279.9952,248.75102,223.15207,422.0975,240.48315,310.25705,264.82486,269.20215,279.3859,577.9988,566.3655,675.9862,482.02234,334.45734,112.00262,314.28186,327.59805,191.18625,57.74571,101.8266,417.14603,669.9235,482.50137,308.37387,288.37387,90.93599,318.4033,401.37848,238.98285,193.40277,281.24243,672.0969,609.5471,341.62497,264.73047,820.45825,901.9483,123.68525,140.03717,300.1525,159.48012,276.9815,315.11658,184.45024,183.33138,148.71219,118.48091,447.92163,600.1035,373.9658,333.72305,231.84373,105.563484,132.3935,236.98502,35.83046,299.97528,172.89447,121.793304,61.711063,219.79138,72.26012,132.8083,271.11026,170.59967,246.04636,89.32418,48.058537,218.65346,247.85777,717.1769,1144.0272,350.19412,448.2459,377.65277,285.4042,90.0527,84.9074,189.44458,369.82654,426.334,193.36288,61.255325,173.23767,192.56941,203.11974,187.92664,399.55795,593.57574,968.0639,819.3386,155.50043,294.0636,164.68045,50.51564,266.28592,233.03491,86.015755,193.5814,168.65538,10.240997,140.28026,169.80244,217.20586,244.8435,117.821045,110.395226,64.49951,62.05906,277.7152,450.5354,240.53238,101.27841,71.48652,184.4524,184.78464,146.4978,118.118965,128.6116,177.70508,163.81941,353.81375,264.17206,164.28088,99.01557,92.34358,13.389987,202.33101,128.85114,352.6623,299.46875,91.24577,64.39626,64.67432,172.72015,275.06467,142.88637,261.40594,407.18414,191.72926,244.5682,480.1226,709.6712,304.18787,435.76474,957.73004,974.8352,508.37537,195.76698,185.24109,144.66577,147.8386,215.07552,116.6148,200.62724,234.2105,310.23846,268.16928,182.74066,228.50883,154.30023,198.52309,205.30838,175.2136,298.3732,137.63995,211.65634,185.4769,159.89732,214.32457,182.54367,63.18736,373.20178,410.7771,32.697506,142.81343,184.1578,212.9172,170.61911,55.90039,83.47383,98.19991,273.5955,152.89183,148.01797,232.79327,263.58026,120.648926,335.63516,175.4555,97.69481,394.5903,150.26524,17.375,Desktop Computer,$Whiteboard$Printer$Phone$Shredder$Google Home$Desktop Computer
566561.5,240818.48,3921.3743,3284.1106,1206.7604,1912.8234,2557.0566,4497.6587,9839.01,3231.5088,1539.0055,12940.875,62949.754,49683.695,6561.542,2424.809,694.17346,1291.6206,1093.4131,865.3898,795.013,2403.628,2171.5972,648.1179,1952.0527,2114.3372,316.93683,807.84656,102.66563,361.14383,341.92093,960.0831,1424.9651,441.24014,292.68713,496.08133,1365.9491,3850.6934,1371.2817,101.71954,244.99507,371.13858,488.3127,277.7109,359.01498,544.13837,675.5553,565.50214,508.1873,854.7856,901.7711,346.1849,329.32846,943.96387,1055.3201,435.11105,322.60016,428.25058,65.42115,260.44348,147.87885,812.83655,791.12494,512.7483,342.5962,642.553,374.16803,251.26675,7.8547277,47.38073,119.92133,77.43488,70.93685,338.0614,835.89087,522.73083,111.84349,240.27435,313.6515,468.60022,337.05817,289.02008,204.2416,453.2745,212.65062,171.82909,62.42072,280.30658,116.78443,97.71064,267.30182,286.84448,71.68498,206.8075,259.85303,208.29004,235.5674,256.50235,515.92615,818.0606,247.44316,407.50623,163.87932,104.182915,187.87976,351.31155,416.4583,559.14215,323.98236,217.55331,102.04879,284.3083,325.79623,168.34363,76.03984,196.04889,210.9994,129.33484,289.36664,371.3969,209.21391,147.60564,264.2345,420.53018,203.47989,193.10835,265.69128,318.2926,125.23469,280.80692,307.83502,329.66196,642.25336,648.64355,1092.7946,234.02258,467.853,300.98306,71.19373,297.34494,236.15144,70.76759,321.99625,85.02376,96.136604,319.70374,357.71826,204.31616,101.50417,105.32937,15.448501,193.04128,647.09393,357.49564,743.4715,479.86176,113.89099,274.18246,216.47862,110.875854,333.1202,244.77393,94.02993,98.8414,90.572556,253.4484,298.70016,306.1582,206.78195,81.0429,221.58995,253.85867,263.80188,94.87883,337.24716,188.61707,134.38637,78.3068,217.0679,71.454735,456.14212,352.96942,208.76219,200.62738,200.25465,297.07242,24.99041,33.714996,186.43524,248.45528,44.83764,122.36089,228.0966,80.21726,182.47282,169.33192,51.546932,271.34406,466.48285,420.8493,237.27914,158.1231,59.529026,121.247,212.59886,867.9828,773.8883,215.8187,758.83905,877.2661,505.12732,455.64764,283.2525,255.80617,252.37947,194.41153,63.193565,229.53448,80.54548,96.730385,403.4,256.86514,158.66684,111.87738,132.66777,246.70021,329.46674,371.9959,75.55275,49.436954,184.54265,181.31976,159.96864,297.91977,59.915367,97.19816,284.93552,402.58908,153.61534,91.91896,99.55393,322.11777,330.90152,237.45332,221.13057,325.56168,354.95023,370.145,327.20657,278.21765,292.75482,302.87378,214.7399,569.31866,455.28146,127.35149,225.875,Desktop Computer,$Whiteboard$Printer$Phone$Shredder$Google Home$Desktop Computer
567630.6,241471.78,2890.7197,4243.182,1673.0188,2573.468,2558.4087,5066.834,9613.463,4684.1865,614.3213,12612.232,61337.09,47632.426,4426.797,2522.4368,1388.4769,1158.7645,1747.616,1254.1522,441.26242,1529.1151,1927.8397,678.7549,1507.4825,3219.7888,1744.9054,710.39764,594.9523,773.1448,888.92944,219.70975,916.7836,1227.9065,312.23624,265.75586,2546.5757,4269.11,2061.4822,172.60175,293.56183,467.81064,338.29083,497.44366,220.09718,331.4988,512.4983,266.00876,242.33922,1053.3799,795.5038,95.90917,522.74524,1073.291,263.65375,526.52014,525.24725,572.30023,216.53238,265.72443,203.29265,505.93408,651.43,204.06445,207.38492,305.51706,387.62534,202.63301,43.89564,228.09673,178.05063,129.73987,34.38025,552.6694,751.7378,285.1353,248.72726,245.35304,451.97186,213.70177,152.58904,217.01514,262.12598,229.126,248.1102,240.56107,96.08666,104.09922,257.31033,198.78075,250.80777,41.05146,69.441864,215.53328,172.72307,98.13873,97.74282,304.82452,273.86044,613.8063,403.82526,396.48846,204.2951,299.2282,181.01428,225.8405,314.53345,110.95796,293.72476,192.84317,113.783264,221.41946,544.3118,274.00253,46.540142,259.94824,219.16182,157.21432,136.5468,56.417248,176.12659,334.4641,175.08641,221.93826,300.06003,243.38567,122.335884,138.7268,336.7276,175.98378,176.4038,277.51413,860.5037,951.19305,1281.5433,180.37228,601.0161,337.44885,412.26495,238.00432,193.37587,344.52905,424.3214,239.1178,230.58565,68.55588,200.87021,169.97156,104.879425,79.66399,201.38432,476.12723,887.3863,615.1162,649.8931,365.89062,317.11893,67.887344,388.08563,285.03067,219.27658,143.83565,233.31601,136.2934,110.370026,297.3685,303.4785,118.73109,223.80658,232.79892,344.34692,88.704796,18.124615,98.60723,154.9839,298.48846,138.89255,174.79337,409.814,327.7468,162.3249,445.61862,298.42755,162.13156,285.07224,174.57913,336.33917,269.91458,151.03856,205.17326,107.52757,227.34258,409.5807,331.34616,593.8822,669.4623,355.34354,83.88216,98.46315,158.15869,84.267494,145.159,257.73352,236.15909,513.91205,489.269,542.6968,817.7661,534.85187,815.22955,278.1977,132.23293,141.9911,332.61536,214.09868,284.0771,329.87155,236.09544,335.97443,281.88834,495.2184,752.4785,151.33307,133.64787,21.783195,214.80252,249.65335,284.58398,145.49329,149.66089,203.18439,392.2139,50.54726,331.4587,489.22028,342.08524,103.13216,17.923513,156.1938,125.38509,77.525154,164.9995,290.7358,138.79163,189.1721,157.05843,209.90407,84.83097,127.43897,140.25604,460.79816,538.949,326.46408,283.82962,101.18819,264.07596,240.03125,Desktop Computer,$Whiteboard$Printer$Phone$Shredder$Google Home$Desktop Computer
568549.0,242674.67,8133.488,10321.482,5803.5186,4877.446,2007.6832,1177.4597,6691.1226,3089.5386,1232.5183,14634.774,64869.797,50689.324,4153.8667,2748.5679,2300.4956,170.36655,1603.1423,994.93365,1408.3745,2704.5576,1530.3577,1000.1357,2485.7988,2267.394,1126.0785,917.6031,1446.5638,1817.88,825.6138,758.1113,1149.2837,490.14478,326.14798,306.7381,1529.8717,4172.438,1950.5895,108.43904,217.11388,209.10559,451.70514,331.45975,358.05472,442.23004,495.95108,550.98004,346.75705,501.67993,372.422,25.599686,453.61664,1189.7322,1108.4135,364.97403,303.97815,347.71686,370.92108,339.7851,286.661,147.82825,372.94553,281.33328,338.31085,457.97827,308.3882,221.7001,234.58513,232.32709,99.545784,84.1175,133.51997,91.093254,548.3089,290.4066,381.05664,338.29846,69.28186,343.76733,150.58253,227.32764,468.1489,386.09067,356.66458,403.4638,290.17575,203.75813,289.0876,229.51086,249.23311,165.51291,109.60769,255.32045,389.0187,307.71646,321.99258,456.41595,904.8182,847.81024,181.83438,227.11516,309.5253,323.11884,148.72946,111.662506,394.99362,571.8596,255.60974,51.06994,174.75084,337.93646,358.5933,335.21515,211.4089,340.5038,370.4409,367.75308,225.42938,211.39674,25.12339,178.3396,442.07288,295.0049,307.27527,175.71233,114.30517,334.29666,270.0677,231.69301,159.13008,382.77753,452.02548,597.45056,1205.2938,531.2304,710.8245,334.7396,82.24075,41.838184,36.19113,53.775997,205.01266,139.09113,169.8182,169.08972,97.88971,229.48773,77.72162,258.2325,182.39577,426.09177,772.56885,273.4057,495.46774,349.04187,308.09128,32.385365,66.10465,157.8594,291.0884,311.48367,86.56459,88.22683,151.90907,246.13545,81.77267,197.9972,71.280464,159.13887,220.40004,130.05525,61.365936,8.20561,51.648148,23.051756,181.11024,62.54554,144.20473,37.565845,264.5387,192.77951,152.65167,99.66136,34.22945,211.04971,382.96988,330.77588,273.76834,87.3229,333.81226,315.6556,140.34488,84.35874,280.44644,274.1472,72.89616,111.32012,70.26268,265.23514,276.71902,246.4324,140.82114,200.60443,285.91553,707.58044,983.5705,51.89817,705.48254,405.02948,117.93441,149.87917,13.046035,127.28194,152.83965,146.13492,330.69647,396.6899,137.96135,162.71552,229.7539,176.97942,219.47134,150.17134,163.35915,157.57193,147.39807,141.45935,187.67896,115.50708,209.09126,203.50912,136.95667,90.94494,62.513412,243.35161,203.30368,301.23645,146.67747,189.30458,166.363,211.52142,255.84462,156.49161,238.32236,315.6149,261.00555,144.18573,130.6208,361.189,604.04346,347.83353,293.12668,536.03705,372.4099,318.27658,192.84375,Desktop Computer,$Whiteboard$Printer$Phone$Shredder$Google Home$Desktop Computer
565955.0,240768.27,4009.2253,8125.398,3614.7551,3686.4805,4129.029,2561.4165,7837.7935,4384.809,1065.1118,13904.541,63055.926,46904.453,2703.1729,1461.2223,410.56262,619.2508,787.04553,390.95184,378.3624,1295.1107,1669.2173,897.4092,1810.1287,3336.5796,1208.0217,112.58626,770.842,632.639,737.24615,671.42865,1302.2019,355.5659,687.5615,752.89954,1646.326,4569.0454,2266.666,846.3596,724.81366,791.3024,382.09933,409.085,551.207,806.3718,94.45021,169.26146,161.21092,835.79785,425.02396,354.24918,375.61588,597.51874,523.1807,427.9613,756.95233,433.29526,383.2626,432.22586,199.81175,529.07556,486.49472,377.86624,272.83063,229.03935,205.52422,117.04094,203.769,116.553215,397.8876,347.22305,186.15398,213.97086,523.9012,285.47296,370.3435,231.89336,384.02524,298.319,112.61908,214.49564,197.66791,260.71863,197.57242,97.722626,341.14474,252.54764,100.23213,239.63422,175.11156,234.36664,220.76845,179.34322,92.35697,416.91226,595.19806,457.69864,311.32565,415.83575,379.7081,519.5954,502.99866,457.59695,766.6285,454.09662,426.1673,401.13983,179.71475,287.29037,430.00604,238.36783,541.16254,522.5097,438.61005,265.58975,189.41504,180.14047,62.13792,218.67894,179.07185,90.943634,335.15366,182.6167,31.087482,25.913282,134.151,218.98685,190.46689,189.01369,91.73624,92.8593,350.0843,749.4698,1101.9142,333.68213,369.9703,217.40826,217.27321,205.5913,206.91504,352.31924,228.92126,293.11972,210.80753,41.711987,39.470192,368.48468,208.37212,419.15506,515.6574,414.9428,474.04794,347.00668,814.1663,728.1555,476.10468,243.87363,508.20938,330.92404,65.9505,267.35822,152.43718,141.37404,327.49265,101.48682,121.47572,201.73328,228.24603,170.80618,60.931732,50.532787,146.85057,172.85114,294.72528,189.99289,259.74313,243.36568,282.4846,212.17967,206.87308,431.30762,190.19637,132.486,192.13531,44.186775,181.98645,81.00421,266.5111,338.5227,165.81152,260.02676,141.31656,244.45703,294.50882,107.06367,66.664604,129.61617,41.088924,362.475,555.58563,510.6922,356.84293,807.85315,362.606,912.41016,987.20355,260.73334,544.56964,437.98035,523.40356,383.91595,141.40865,116.933556,155.02295,172.07274,202.54071,127.21201,265.71817,342.2177,357.4787,290.34964,486.5866,296.0778,240.22466,150.62967,230.9262,342.15463,194.54315,236.78035,172.03857,155.27083,112.119675,231.90771,312.035,289.19467,219.37642,453.9488,466.78104,561.4521,437.1957,358.0415,448.59286,253.31728,224.24655,217.34143,357.96045,531.0927,566.3191,487.67346,242.03995,240.06696,625.6298,507.17886,346.13022,414.66632,276.625,Desktop Computer,$Whiteboard$Printer$Phone$Shredder$Google Home$Desktop Computer
568672.9,242726.47,3710.026,4941.3257,1112.3157,4583.7646,5097.587,5809.564,7597.821,2545.1167,913.9637,12750.171,60022.285,46681.43,5153.3667,1692.8746,1088.1736,698.48566,1622.8175,380.18048,1542.7312,3038.7908,1289.9866,193.65031,2418.8699,3274.6414,417.99042,464.84232,462.65704,1329.9087,775.71576,1138.1826,788.68365,332.5248,164.58191,677.70294,1655.2954,3865.708,1696.7291,218.44499,245.30582,249.77254,501.4878,202.09018,64.71301,139.71948,247.17589,48.94816,559.252,762.9366,1000.6918,656.4626,409.37338,535.74524,796.1622,619.4635,750.1464,74.9649,280.55112,144.02274,161.33363,99.40578,450.88147,128.63908,178.1691,243.46422,439.87344,271.18512,181.28795,190.26015,434.4524,269.41443,457.31424,450.25143,496.66943,86.281715,342.2767,198.36258,28.647924,405.10074,72.59102,145.48483,389.26978,154.63072,316.76172,530.74164,258.78284,77.95449,194.03622,478.95496,42.285515,156.95502,286.5199,307.1156,353.18137,409.7735,430.24448,608.92993,68.58183,391.65152,384.7259,367.5583,415.24765,606.1035,457.21112,76.32131,319.3339,338.771,160.59506,334.9203,266.26874,131.41212,263.31287,132.49403,129.97404,187.30411,386.36215,474.78204,586.53094,117.48532,310.70917,315.16516,442.66315,241.19016,211.22107,130.40959,84.64315,147.6139,234.45374,174.26695,379.0511,439.52478,473.60095,974.6381,1120.8146,144.10985,438.5995,319.2916,110.83131,249.36475,251.3274,285.0639,165.93652,184.3891,75.94333,227.67102,11.924268,53.98185,323.28412,380.06253,220.21596,573.3233,77.208885,493.7274,187.20894,105.06492,358.12677,203.06084,379.7012,410.52866,167.86063,166.85689,217.28012,351.8054,173.37495,310.83948,173.86494,282.3533,212.7797,79.66352,33.599598,213.19487,212.63417,233.46138,192.49979,231.24559,82.4973,253.17828,296.47925,214.57394,56.707203,222.61227,282.4019,147.45969,206.87138,98.888695,41.995296,58.588825,173.12865,334.60626,310.48956,211.45656,357.97458,299.4155,68.590294,106.257996,224.3802,229.28577,240.78322,199.63826,315.8463,553.7124,121.0089,665.05945,1007.8845,989.8262,174.52834,542.1388,236.89966,315.96936,601.3657,267.6028,458.14664,307.37766,352.54926,538.70593,490.20114,278.0608,47.950424,120.3548,283.94305,200.00407,115.72206,295.23785,227.93047,39.17745,239.03627,325.91956,215.83733,146.91385,186.78285,113.91817,93.60006,164.5194,94.8413,46.296,206.62178,213.08253,373.5265,574.45386,214.84758,226.33524,138.5833,251.35168,324.38565,182.42996,414.3053,219.20874,121.919754,22.45318,171.76643,265.62268,179.83797,427.75497,329.28366,336.20316,489.0,Desktop Computer,$Whiteboard$Printer$Phone$Shredder$Google Home$Desktop Computer
567950.0,241179.45,1906.356,1859.5205,4484.397,3656.7075,2461.0637,3964.9385,6662.151,5343.633,1810.9945,12889.271,61032.71,45965.605,3959.947,1480.7993,384.9042,1913.8977,692.0751,617.72736,1306.7816,510.05664,881.102,1109.4922,1582.0157,2031.909,460.63242,241.60123,164.86478,517.4966,105.594246,879.26306,1064.8994,203.99069,450.81512,651.3288,1284.9165,3974.3916,1644.5077,444.2434,110.128296,182.0125,207.77614,186.61725,258.44034,52.12074,191.40137,433.4354,655.0122,1093.8087,878.45807,455.012,417.4157,865.9355,1015.1195,469.58432,619.41693,223.87779,53.900043,145.34691,392.6943,693.15076,951.3788,368.12762,352.78775,189.1904,294.81396,549.7929,552.7971,510.40842,229.32182,246.78421,433.7601,567.85614,808.52313,567.78125,582.8331,463.78647,451.26706,478.84238,315.86026,189.7095,304.4643,288.02582,226.64545,280.13547,392.3322,397.51144,399.42004,538.8781,384.59586,111.86559,88.1831,73.44415,352.54965,304.21896,574.6224,897.1876,607.46094,153.48651,267.30023,38.75967,78.77284,369.76575,484.37393,335.31866,283.89987,94.53585,64.022964,196.77798,410.6945,276.9881,180.0967,306.4089,244.00316,364.1522,173.45021,144.07709,336.4627,74.319084,242.23454,427.98273,392.81754,137.60696,183.9733,224.57509,220.17404,123.028465,176.924,112.66689,361.58377,354.5329,200.3489,825.72266,1296.5992,327.609,343.37128,271.90042,188.27971,283.2642,228.72836,77.18572,310.44705,481.36786,295.31824,315.9978,258.66714,253.76126,353.1306,526.1373,578.4699,988.7694,807.8309,315.60345,419.3067,161.32495,131.66048,209.27315,302.9488,249.75018,289.6456,156.70076,108.04186,311.17084,292.22598,282.03665,153.74826,193.309,266.65997,138.92778,85.75648,168.93611,284.3912,235.93292,221.25363,105.746666,159.14038,229.44226,161.31012,17.71892,114.97909,96.1629,84.20893,152.11977,163.88832,83.92699,231.29594,314.25412,148.87878,197.46587,351.9658,171.26949,315.98907,376.54526,328.4742,227.78426,108.291725,212.70271,269.0153,244.77913,121.5082,165.76642,296.87854,189.75806,529.4977,686.0503,119.68443,936.5779,346.55453,408.44315,503.37555,443.7918,639.9454,500.85654,361.35443,274.48227,396.17487,425.0756,541.3173,405.74402,113.94124,109.88153,194.65784,170.70778,63.843178,310.98004,282.72723,225.52339,236.51358,176.04286,109.016365,127.57612,184.26076,37.40466,123.72763,89.36913,239.84277,339.0643,80.75325,327.00024,397.89963,218.90923,69.249275,142.33934,231.72037,160.39359,249.44499,219.67755,81.88857,163.40208,183.84344,409.82175,283.65335,382.12936,175.9374,46.545345,209.59375,Desktop Computer,$Whiteboard$Printer$Phone$Shredder$Google Home$Desktop Computer
568692.1,243083.62,3029.7458,4305.628,364.705,2216.9673,1160.8729,3842.9016,7003.6714,3299.2346,1673.0856,13347.239,63156.03,48316.523,3784.9597,2381.6587,1947.9166,827.3425,423.91254,1268.1367,1402.931,2773.052,1092.5079,654.8867,1847.9276,1848.216,490.78104,1036.7274,682.74915,687.9908,289.7413,607.8287,1340.654,974.03394,808.4692,595.00275,1946.1858,4537.01,2143.0164,748.69977,285.76877,457.8592,178.79385,285.9479,299.52313,370.87906,104.72862,305.23288,193.84515,862.9479,887.6166,328.8793,637.4513,1039.8969,292.94507,653.127,437.7364,284.07916,383.18298,393.67883,222.80028,606.9107,559.9463,108.90614,227.208,223.39497,115.26515,78.71715,257.25034,287.0032,254.43033,128.52174,254.70683,336.23154,614.18567,391.7034,156.24425,337.73697,307.9988,186.31168,185.70972,132.01767,344.92233,163.66795,32.91327,63.0653,264.89755,213.69875,221.75552,154.67575,198.50911,134.32953,57.789177,211.14369,313.01813,239.41954,214.28705,487.00638,351.92554,507.13586,542.8013,341.48856,547.86304,435.1382,185.64319,332.20447,390.32343,120.248405,207.64343,189.88559,304.78564,416.56403,273.1426,190.07425,435.4958,291.4103,367.65744,375.66943,188.26631,115.11709,242.90627,165.04727,223.42249,240.6494,151.58548,102.17401,220.59929,256.37338,263.6587,149.05858,336.53522,299.8994,454.2581,553.8677,938.46185,121.22924,676.2948,405.9308,187.8199,121.079544,41.50837,67.88717,224.85513,236.36954,160.79552,7.411246,264.5096,243.71338,259.308,209.46065,137.41914,279.91312,988.67633,537.78687,335.54822,549.614,41.95806,141.38608,310.34375,264.58987,18.392708,275.84747,261.79572,266.1085,149.87509,57.404793,323.53146,154.79866,35.135918,108.292755,211.39745,249.63298,116.56349,149.88753,134.85178,206.42735,142.06628,113.426956,161.21294,53.68224,141.84619,76.633224,51.995216,180.49557,170.37575,142.71243,50.609535,101.94694,241.83652,58.157845,266.24054,135.3076,213.61685,175.56487,168.57045,77.04846,84.93387,26.576246,29.605286,46.64358,154.66924,208.21179,204.66322,184.7634,478.28317,994.0274,516.12897,689.29047,899.6885,459.73306,331.7445,477.65823,416.85016,244.9231,297.32382,478.4943,381.05975,214.78409,91.48363,78.0099,49.74369,140.15689,136.39684,81.70909,37.033165,259.6771,81.6331,61.54474,110.0575,42.51558,126.21567,247.57098,349.14554,390.791,115.31671,161.3592,71.01025,229.48352,80.02775,109.44785,174.86623,181.72675,140.87955,218.80966,245.67213,215.6552,189.2468,223.2216,340.68896,527.523,166.77557,261.21216,530.87616,101.48987,369.44873,233.16739,34.25,Desktop Computer,$Whiteboard$Printer$Phone$Shredder$Google Home$Desktop Computer
566919.3,242848.27,4862.878,6122.0005,1039.4791,1663.1635,2476.3523,4178.5464,8959.619,5030.584,2606.8418,14986.189,63363.51,48245.582,3748.4016,2055.0498,440.55313,952.6787,1081.5924,1406.5072,231.61691,1269.4386,2573.5156,757.4686,1955.414,2321.3567,1361.3342,499.61795,368.3976,1309.6582,571.18835,835.48004,1040.3483,894.52124,595.9771,555.41766,1621.4794,3711.1267,1652.9706,410.00836,160.55945,174.27838,607.5455,185.14973,330.6376,180.89172,465.15363,911.64166,82.97031,1129.6934,1022.2931,239.72198,291.87885,835.2231,590.793,429.38028,205.09032,489.31033,119.27382,291.51965,431.6075,672.07355,1088.0713,433.93027,415.15137,399.37302,156.75569,94.74076,235.64699,82.107445,163.9516,145.62318,390.39148,267.68234,347.20047,426.38153,306.57693,441.6619,82.02395,136.79607,173.00594,332.21268,167.72813,56.244267,87.74784,382.84937,263.5213,212.15169,222.34279,200.6351,352.28644,78.27301,140.71992,317.3075,37.574417,394.72733,352.9664,373.4123,338.32864,119.54889,175.41446,353.80084,83.86227,256.73596,556.7657,211.90517,247.40521,208.11595,312.41113,385.13046,409.83582,455.7321,202.19315,117.33904,509.97293,394.1384,255.6943,136.70148,209.65613,97.80382,355.30676,423.68674,276.07806,258.35675,371.29105,244.63287,265.57562,274.30487,263.5949,255.07649,107.7757,373.94736,409.54675,828.71344,1104.6614,228.10625,511.7663,231.04857,259.00638,79.76981,95.64386,39.21669,154.57225,117.911644,179.54898,205.20776,423.66315,233.71402,226.36015,449.9869,356.17407,402.87946,186.4207,374.13663,312.02087,510.97403,380.52884,191.23907,156.67506,320.5713,227.77562,143.2026,121.11148,441.15802,386.18457,201.58131,138.92813,56.919727,204.83044,99.83133,155.00862,37.927113,165.14723,51.90028,125.974205,110.48794,304.30026,366.7168,180.6027,204.58891,100.21846,213.46324,160.52895,61.69755,142.35419,272.80704,116.459274,129.3462,137.84364,238.88152,454.56378,342.23187,469.42032,292.7127,195.99422,354.22226,246.51419,136.9027,247.81894,395.5859,374.60614,260.57108,248.91902,412.81317,653.5726,716.0168,645.63983,689.4406,448.318,347.34323,632.84924,463.2169,519.581,230.3916,57.828674,107.21597,289.03632,304.22757,189.41975,101.54066,171.91402,134.58607,255.55904,131.81532,267.31357,38.48981,92.42954,142.07954,133.24193,199.37376,246.86403,160.66658,60.10997,111.22374,289.15405,62.960068,78.35792,148.6195,158.73016,179.76949,189.30367,190.55577,181.88086,228.93214,150.90205,127.68383,347.55362,211.28981,306.5647,366.55383,348.8465,394.6669,310.5845,374.06467,672.42584,381.76486,225.3125,Desktop Computer,$Whiteboard$Printer$Phone$Shredder$Google Home$Desktop Computer
567397.56,243238.73,2345.83,2160.221,1602.5978,2442.9873,2789.7483,5947.189,9935.849,3924.1558,1230.5712,14381.942,63132.188,49888.77,4980.9404,1324.5854,1255.9567,1760.1053,635.7325,642.54724,595.4557,3317.5178,3187.6204,2547.6294,2430.6284,1839.4136,402.48978,455.425,716.7153,412.68124,504.92856,747.648,796.74084,347.97958,847.7393,491.17096,1842.9124,4598.865,2465.522,485.9236,123.53083,356.28683,471.68503,283.55737,295.36975,429.8641,281.8966,161.80345,342.49173,972.0616,709.19037,189.2582,113.62146,58.395,1163.3678,969.85815,28.327742,379.3309,288.916,306.32736,262.3097,523.2928,707.1664,238.2423,508.06665,310.52307,188.18726,123.76197,135.76514,91.523506,156.91731,333.05048,86.960075,498.7703,589.8293,383.63196,206.32819,64.639145,207.64,88.76282,167.94783,178.76701,66.12709,118.53538,132.32356,39.629417,95.46571,135.0296,220.83818,109.69676,315.7721,523.15027,354.91888,285.0749,302.9383,558.1522,584.1106,716.9231,235.35428,414.64105,219.50648,356.10187,374.46164,459.74466,200.806,160.35188,179.11548,141.29811,436.357,285.85394,172.47559,293.05008,371.20648,226.33696,116.98776,273.0934,162.08766,220.46422,366.5336,249.64943,108.312485,10.383552,284.8339,235.98654,146.4372,134.4221,294.54498,247.04677,310.15762,211.04193,234.1477,190.9351,199.9887,571.7445,963.9905,82.47015,416.73587,134.88802,312.2735,204.63997,255.44066,251.74503,250.33928,96.70704,187.19865,17.03132,339.88113,384.64578,409.85034,443.10327,438.5178,622.66406,464.23294,300.16083,171.8771,212.47818,10.846066,169.61827,140.67665,121.62944,276.80765,198.38655,187.89064,243.59119,114.551895,320.4077,308.3196,250.09023,194.02827,115.512215,214.88043,163.96562,136.05534,213.57191,138.46799,234.90909,253.68213,194.09845,101.89908,134.24606,106.94681,278.24707,298.46747,177.55688,169.45949,437.03113,457.82715,343.7122,209.4537,227.92426,64.943306,256.44254,167.12798,137.72026,138.49461,266.57532,355.37173,64.29942,94.1491,100.48625,135.84883,91.41787,66.57432,170.66373,315.72568,740.958,674.4764,566.35815,547.66296,91.33157,374.92728,463.35342,500.45828,352.545,309.05176,306.11896,158.51376,112.3361,54.359768,132.63734,178.79282,205.72887,56.600594,239.15778,297.61298,162.21263,160.2953,128.50424,155.5608,163.22003,280.08185,94.15608,103.8001,128.1887,250.39066,192.8458,231.73166,249.27167,66.27712,79.27793,146.2903,275.02884,330.45932,258.59018,86.38489,412.58752,546.6016,551.0736,403.18597,324.2968,343.33524,151.62035,348.58093,316.9001,216.51888,198.50137,112.4375,Desktop Computer,$Whiteboard$Printer$Phone$Shredder$Google Home$Desktop Computer
568441.7,242405.72,2197.8872,2878.7368,1242.2552,2339.1418,1541.7651,3717.6055,9530.731,5072.815,1172.275,14376.025,63298.977,48185.9,4757.503,1419.8308,314.92136,1288.5992,889.8749,102.38929,724.789,1699.1394,1711.0732,571.98706,976.32715,2183.1047,1190.2733,610.33954,568.22003,927.53314,118.28578,556.3166,1926.6112,349.2399,315.54666,424.44318,1673.9911,4395.04,1649.6853,66.44821,394.2727,145.86365,248.02953,250.8459,128.63295,28.21597,591.0208,320.78598,309.84537,658.4201,511.33746,302.76245,647.8484,1065.301,1206.5828,465.455,239.984,444.7696,365.25357,739.15625,239.53398,704.6728,898.2971,439.9341,125.98964,450.2126,123.69256,209.09262,121.2329,38.949516,316.15436,153.76524,138.1844,354.41492,306.80902,201.75269,332.46487,450.90216,304.13223,189.58458,505.90598,301.4355,220.48097,167.23943,402.67963,350.27884,167.48741,336.28125,159.38794,182.14493,230.67058,518.02655,421.5059,327.94882,99.52999,330.02448,125.62161,370.10593,935.60516,387.58435,227.54572,126.17418,408.56058,539.9446,638.4292,419.81317,403.73495,396.29742,77.9167,405.54153,450.22903,177.23643,220.12268,272.35797,266.24637,296.41922,233.31436,163.16264,70.136,364.7641,170.20993,212.17937,104.288345,308.53833,318.79382,107.95707,251.37886,280.20782,208.3367,108.17335,171.90927,216.32286,360.41522,733.864,1003.44476,194.67519,546.1775,466.53546,325.4896,505.4734,366.62256,336.32407,278.37106,155.11652,278.56015,126.41761,225.2526,384.80243,524.201,504.08997,368.0405,629.8029,582.58374,136.04053,240.78113,107.40723,221.04918,339.21982,198.28125,150.12953,295.23563,308.14905,81.24765,64.497284,49.281654,228.34879,100.57627,29.45553,92.45264,129.03668,165.64835,320.1994,398.24423,143.18611,62.37127,146.84494,69.83496,334.5594,406.61057,453.70935,374.7729,402.7808,167.86336,196.0086,141.62743,151.21674,50.28709,310.59003,176.45288,195.0421,121.44581,178.75952,253.31696,365.62625,345.21924,339.78238,341.73587,325.2933,266.56467,457.32236,515.08716,639.2848,438.5985,296.38446,463.10114,595.0375,183.78937,1001.5902,479.218,418.28857,437.0862,452.64478,601.76245,509.1701,468.05466,260.4308,299.4555,197.77214,113.377625,173.70305,63.43833,311.61887,261.99942,155.6871,130.64426,339.43274,223.33322,126.10476,345.28766,100.88617,260.26477,285.77127,130.84181,83.372986,107.27028,183.88124,74.94124,89.71895,240.28882,140.89682,264.0599,218.70941,182.41457,149.22255,99.16819,170.60078,107.56107,119.085236,409.947,528.1156,496.99167,244.5018,465.29834,175.83281,388.1371,184.96748,52.1875,Desktop Computer,$Whiteboard$Printer$Phone$Shredder$Google Home$Desktop Computer
568620.4,242373.84,7602.552,8453.384,3145.2764,3165.569,3488.243,3181.801,6939.105,2282.5962,314.90625,12309.428,62333.574,48618.523,5826.1475,2350.4746,1451.8868,243.89836,874.8047,637.2977,865.9521,3070.554,1516.3593,507.3879,1615.2166,2840.5227,681.36584,1020.5242,619.2539,366.1915,1062.0201,1830.6348,2412.8936,689.86993,460.1414,569.9749,1054.4615,3381.6162,1900.2133,545.9091,960.5416,563.5509,450.62927,674.583,300.9462,575.7824,499.8523,119.197754,528.91943,840.70544,215.98795,753.50336,584.23224,1394.5059,1417.3416,1009.9054,92.37424,270.15,306.4324,448.2372,552.0393,280.81622,670.68463,920.9528,426.8554,155.48672,504.53326,253.84477,343.2498,364.26828,257.84265,262.13458,242.75471,229.39207,371.197,143.714,157.92473,122.56325,210.37086,250.33629,250.51395,344.2773,216.39326,87.071754,150.49913,250.40178,577.16296,354.58145,171.5231,182.25017,228.08447,105.36446,199.02286,180.76266,157.39052,260.92728,212.09564,407.79437,715.21136,804.6061,261.77768,176.11769,122.20882,163.21198,323.0982,223.28062,401.10022,361.6632,139.5753,201.11868,72.88481,37.068428,113.8221,129.54723,150.53725,207.06396,156.65353,164.61647,126.489296,216.90028,248.72543,258.4568,113.95255,186.05078,145.87503,218.2695,266.148,335.887,242.36124,75.20281,240.39531,497.07468,679.98596,690.81824,917.9067,116.334816,326.48654,218.14027,237.82114,491.2182,439.049,336.19907,142.42508,49.17534,98.311195,93.84368,198.79648,376.02673,632.8736,506.9782,474.97055,759.47723,780.30817,366.54486,208.41927,267.0757,319.29266,266.89398,276.80777,267.07358,221.41632,159.07265,76.53394,104.12103,203.8528,45.1105,168.57425,190.12288,292.9186,113.31327,15.560219,292.66098,345.09943,235.00041,211.35126,64.075226,105.863625,241.85342,225.88689,34.072594,185.89145,233.52881,242.72905,206.75955,155.45502,239.38121,164.2043,85.37744,187.95679,86.27424,232.48767,239.62457,154.59966,127.14106,347.74475,330.1045,303.19144,335.64972,373.21304,80.42084,52.588406,240.49413,212.752,272.12393,101.92394,815.65735,648.27673,292.00336,644.8701,505.8957,324.27908,278.3256,160.85072,148.3827,182.60472,389.3463,306.8214,297.25662,197.58849,269.68292,198.3645,95.48801,39.89195,13.98395,86.30435,261.3408,393.62384,184.50446,113.36074,29.775183,123.99728,199.577,313.68204,237.085,275.26965,100.856895,112.15497,123.08985,86.346954,109.051155,124.62565,322.79944,315.5489,295.4822,127.04497,134.53355,49.783894,320.19498,353.26147,299.351,338.0323,429.94614,411.3619,645.76184,184.65807,131.11911,21.875,Desktop Computer,$Whiteboard$Printer$Phone$Shredder$Google Home$Desktop Computer
568020.1,242308.72,3733.3647,9416.786,3058.3606,3946.4934,3227.6018,3843.02,9463.745,7247.526,3634.0623,11123.682,62261.27,47024.812,3818.6162,1719.3209,487.4419,904.27356,1229.8555,956.599,188.86818,1523.5712,1756.8761,331.73712,1154.7296,1184.3212,560.0929,490.20367,319.55865,239.84677,370.62607,1181.8608,1541.1205,520.7365,128.41075,360.11002,1964.9203,3891.6787,1487.7017,267.37823,350.30682,148.92975,412.7827,260.93042,186.19368,244.75902,309.0156,190.68144,425.29388,804.8044,828.6973,75.420815,500.19043,654.6854,1005.96466,577.1533,884.2702,663.32776,260.27017,111.77145,151.74474,479.6357,428.3572,172.84195,184.14989,302.23932,269.17908,263.61038,248.9305,162.80896,164.0943,12.0503845,149.50568,278.435,315.542,133.29906,61.835903,145.07367,136.16228,156.24911,72.3978,134.52657,66.539154,160.00424,322.84088,106.916306,172.41289,201.55806,139.35869,164.58282,225.3821,136.62698,216.37282,509.43677,514.4756,108.89038,351.85934,430.15512,161.2187,91.26215,524.7807,345.85812,410.11972,584.64417,484.15897,166.8788,251.27193,164.76048,249.6076,520.1193,608.12994,439.959,203.39359,155.26862,101.99949,178.37053,315.05728,213.55374,51.31145,39.921238,54.94998,146.89632,111.76426,68.48345,195.00325,283.45905,433.6821,412.44235,223.25128,267.09308,117.63782,253.53479,408.73737,935.5652,1499.6589,384.37708,235.81581,30.337326,251.77095,367.99026,69.805725,91.17158,299.6954,315.8222,157.28271,70.48912,224.96294,71.62217,451.55875,575.1675,443.29474,471.36282,253.60782,379.02673,439.5905,183.01166,296.4812,179.45,191.49307,212.41794,315.69547,97.24665,123.727646,202.9018,217.06398,335.88043,334.08044,239.13782,307.41666,202.01717,309.32983,137.4301,121.6177,126.66658,51.895866,141.52065,70.455414,233.05228,71.23538,161.84763,293.55624,213.59332,105.98031,287.26343,394.55246,49.35732,147.24373,159.96411,88.58446,238.36287,347.51083,181.30867,155.48763,218.87643,59.286953,367.91943,238.17976,173.7492,269.94067,146.26093,59.106663,111.73485,592.7763,622.4242,652.6572,192.33963,717.85284,462.63538,349.67413,28.459152,72.88663,257.85928,441.48642,473.61832,424.95456,190.28334,311.7461,406.0024,145.10457,42.755478,46.140396,28.053104,139.54326,329.3005,435.85883,358.39606,199.51509,298.92255,245.97853,257.8625,60.817123,223.23483,180.57077,97.24622,41.099846,58.59325,132.18237,69.840965,170.09354,323.6028,435.69037,254.67747,216.26486,161.08331,114.49617,297.05917,245.36304,250.5193,286.5247,73.33986,186.46729,193.15515,517.6538,499.75876,491.82523,461.41153,316.3125,Desktop Computer,$Whiteboard$Printer$Phone$Shredder$Google Home$Desktop Computer
565983.56,240274.78,3476.6187,7234.276,4920.6875,2987.3813,3691.4631,2445.6567,5778.4194,2212.3496,1711.4962,13657.32,63693.5,49116.156,5493.4927,3139.627,1354.2554,1567.6831,905.6535,1750.0792,810.85486,2109.7734,1549.0575,1428.5305,1526.1885,1708.5592,500.43063,627.6906,827.5305,1408.4941,704.99176,441.5565,1302.2284,524.1254,413.47577,165.2272,1822.3708,4556.522,1930.419,445.34,26.855062,125.41167,181.5658,294.06116,370.29163,199.10664,224.9293,561.2821,361.47748,850.63074,622.89923,227.6271,583.2491,1112.5814,168.60081,497.5416,312.92874,298.09113,450.16705,136.60243,238.73044,675.0038,880.052,348.20935,254.69386,244.67303,55.753605,384.46576,115.94725,36.754337,286.74277,246.49142,178.68837,158.41795,215.06808,451.79578,231.97769,183.01898,206.52245,62.356438,223.35132,245.0643,172.52733,64.77167,262.05215,156.16656,112.9166,272.55005,231.95915,317.91922,141.05666,88.66983,204.7843,127.762245,187.1928,387.78122,646.06177,745.48096,542.1424,393.9349,483.1429,380.18152,292.0681,256.19177,81.206116,366.5454,409.1806,351.7924,351.14688,309.1669,231.98401,261.49564,186.50812,227.65993,109.209335,132.0117,223.53648,135.93219,129.88818,81.40865,204.37314,227.3454,85.154205,104.345375,134.65115,54.58601,98.39336,56.112583,205.9485,279.41293,271.72006,86.23875,400.72192,943.87756,1071.7285,504.55206,709.9494,435.16476,277.42493,145.86075,146.9663,65.51911,95.65796,177.47232,194.83481,276.54758,378.5337,415.96768,297.27982,343.33743,390.70328,209.4419,620.64154,823.874,732.3768,332.72644,177.4092,39.37955,61.549587,409.5065,185.5788,81.908165,193.69695,153.15161,142.00961,140.58214,292.96857,402.93723,162.55444,330.58905,101.73444,106.23603,31.481186,144.69975,227.56244,268.9243,304.2347,180.75346,26.150822,150.00137,148.57845,119.7805,137.62917,85.42196,78.22828,172.33264,308.62497,399.81015,119.853264,109.78182,74.27925,318.80093,278.1063,305.24338,410.7125,75.117966,103.6265,210.53403,280.93213,78.53849,181.91995,143.78886,209.90721,272.81424,217.95645,966.17224,1081.4071,530.5652,194.63635,535.5587,598.302,487.5147,88.15786,107.729256,264.2348,204.70906,183.86462,388.2494,211.68599,136.63673,163.96362,16.25469,21.792522,88.10328,199.97537,150.72772,33.58609,169.37964,195.29285,122.80414,179.50891,53.097908,91.50455,231.43933,262.85895,226.13106,220.88385,115.09057,232.21614,198.18907,82.512825,206.69023,170.48068,80.361664,283.0451,279.24976,350.66718,232.82693,443.89325,432.65933,145.80756,271.3796,311.1532,162.62215,299.12292,111.05047,237.3125,Desktop Computer,$Whiteboard$Printer$Phone$Shredder$Google Home$Desktop Computer
569791.75,245099.4,3859.3574,2394.1965,2232.396,3474.3972,2493.182,1705.265,7879.5244,6318.403,3358.3115,14439.4,63405.28,49213.82,4397.9175,2650.528,1842.6931,802.3412,1124.1447,111.016945,262.72134,1518.4008,1806.4429,812.39294,2688.0261,2953.7756,1416.2316,826.9887,439.33093,469.28018,425.00403,512.2169,1446.5818,155.84999,539.483,1255.8633,1610.5007,4344.043,2372.1445,343.56677,601.6599,375.2727,407.8916,563.2578,347.17395,439.45297,213.48012,94.31179,597.05133,929.2712,732.93414,485.56107,532.27435,750.33417,1047.9312,196.0641,317.5539,288.40427,564.83795,409.35382,352.70972,546.6436,772.7269,285.81268,348.1749,214.40787,639.25397,614.5579,148.62413,203.3528,178.6497,194.71129,373.6243,478.14954,230.07358,337.1466,315.89584,171.46332,339.17932,238.22696,248.21754,169.7481,160.40436,336.88116,108.49716,231.63722,465.89374,177.75479,121.02949,236.37999,288.90466,146.01706,246.4161,320.44757,157.06737,116.62255,200.5782,714.2298,832.3288,377.54596,151.58635,298.27216,274.63507,91.0981,170.45834,130.53394,253.58377,313.48703,77.444725,422.56876,568.8254,293.40375,150.41066,343.1755,381.00623,282.66553,172.90456,250.05269,91.12663,118.73781,195.30013,85.684845,235.36462,274.1983,179.86246,300.40237,324.22852,141.97348,34.888268,306.65768,694.39026,491.0223,538.348,748.5236,1283.8949,205.735,466.49,240.01424,91.76841,202.0061,63.207977,137.41795,218.74152,148.19128,204.76851,400.75775,321.13275,460.68088,520.2214,82.93399,167.44339,532.22284,473.3518,172.60727,418.5635,471.1547,245.92313,249.78972,400.7998,347.47977,251.06885,490.5238,79.32383,280.46234,220.9527,301.2275,544.46265,483.4206,242.09465,370.66913,256.10617,299.02496,238.94997,149.20245,121.75857,233.88824,295.52765,185.4128,151.66791,202.15161,219.03598,11.130703,128.22421,218.33537,268.9253,285.78662,287.72678,217.35034,357.52762,115.68876,294.3358,106.25343,206.32521,208.69536,452.7285,470.57962,153.75128,110.39722,331.07495,163.31636,180.57379,144.13754,286.823,189.50618,561.7514,913.6602,291.4231,861.6703,753.8441,314.7132,628.89417,342.57556,300.5655,233.4141,160.94342,126.42248,193.43431,386.6227,462.92032,275.25208,92.825874,314.52872,429.58154,474.79306,407.969,70.6391,152.62755,180.68842,370.00024,342.9086,56.833054,103.57404,62.549694,127.87433,202.80559,335.474,254.95338,290.95065,150.34618,58.42895,154.05856,75.60484,104.77648,37.7663,225.08871,106.38327,209.83589,142.19206,304.14325,565.2195,396.25693,391.4912,348.09167,73.52372,184.18521,109.14543,239.65625,Desktop Computer,$Whiteboard$Printer$Phone$Shredder$Google Home$Desktop Computer
567014.1,242313.33,4411.217,3033.2366,2618.7717,3182.8923,3375.582,4015.1892,9163.867,4171.9644,3076.6704,15143.056,65995.25,50288.316,4082.7512,1848.2826,1171.5602,722.38727,355.7042,457.0989,1553.3438,3480.7888,2571.1426,1189.3143,929.943,2107.4043,409.06247,187.34041,918.63336,128.72531,197.7463,913.6624,1768.2632,365.9457,412.57043,293.8287,1874.6667,4719.833,1620.4626,258.502,465.42548,190.3297,170.46239,310.46292,287.20126,299.17746,250.0698,183.3733,81.542786,789.716,567.36865,249.79788,630.8373,597.40924,811.29004,166.32368,533.73914,525.75946,247.9579,144.38556,246.54175,222.52292,559.2156,92.187065,148.6318,164.70642,285.7618,27.083582,277.70667,30.172907,242.85744,201.28348,257.64575,239.1798,299.22876,40.16946,109.16893,261.58838,250.69284,152.10751,178.29918,106.77963,165.38232,209.47836,236.5389,16.264746,184.77165,107.18043,144.00871,212.67017,264.34674,259.46658,345.2533,330.53854,141.80144,186.45454,367.4124,337.42157,578.1111,362.42188,93.16459,254.8542,300.49536,200.16382,432.5307,446.43002,266.0817,117.63989,636.9901,428.18777,323.8028,216.73094,194.1048,348.39523,456.35745,187.4383,35.40881,103.1996,82.46909,83.090805,238.71793,87.11225,127.02639,280.7855,95.85722,90.80484,43.574474,98.10662,201.93115,262.57678,246.12068,160.35907,338.84793,672.51556,978.2943,166.90767,615.10443,187.7882,196.30264,152.1641,155.74052,151.47705,35.919323,123.9348,79.913826,74.7371,101.27207,327.1861,487.9715,602.1011,453.21045,135.36763,245.20433,164.20439,388.8941,137.17192,9.898172,137.58182,157.55319,280.68475,142.3228,182.86061,67.302216,266.95407,181.91869,104.73773,302.67255,90.83177,182.67941,15.234067,185.45268,262.3057,140.33801,92.701035,91.41874,232.79817,292.34637,350.31073,148.7369,166.12064,57.246994,109.09492,30.283594,42.90089,199.19806,256.8475,161.68634,105.96185,220.00563,101.65057,121.02452,66.31113,294.8652,163.13463,399.26157,200.62958,239.14091,320.3084,239.92393,90.70733,173.14684,469.5628,505.76337,366.59076,568.9143,481.25775,1055.329,556.50934,390.32266,331.57437,389.38565,358.0251,356.95227,189.11856,124.46566,376.22183,220.44481,168.25677,201.26541,303.13077,303.90366,226.37413,121.97125,269.98145,274.0299,125.16212,318.39722,339.44012,254.81548,67.11783,82.2733,72.776085,67.87024,164.05627,209.53882,148.9739,132.72008,217.21817,148.34242,232.90306,125.54074,62.286053,90.68096,260.15485,281.26926,236.6762,241.55426,325.50006,323.32593,236.62225,319.69223,246.50006,581.1757,157.29317,21.689266,119.62841,200.625,Desktop Computer,$Whiteboard$Printer$Phone$Shredder$Google Home$Desktop Computer
565645.25,241302.47,4648.6875,7983.508,4627.3467,2244.1914,863.42944,3045.3772,8119.256,3751.4846,4917.027,12069.235,63341.055,50109.758,6321.0063,2676.2017,996.6848,1675.3729,1893.0864,1823.2045,768.2052,1389.9806,1279.0609,987.35065,1503.0161,1863.8856,517.45654,715.85175,1771.8323,1064.5151,308.0883,1520.9287,1475.8773,772.3551,541.66187,857.4021,1854.07,5008.441,2293.5994,735.45966,698.34235,649.5708,625.56964,101.57428,90.69094,337.83093,266.05994,218.94034,214.13577,794.3434,540.7868,97.191376,386.44852,737.8824,1194.1133,678.80365,222.7769,313.04608,287.64328,228.3209,315.78763,906.26715,727.21985,314.24243,343.97034,359.45126,520.12506,263.96054,412.14133,163.52084,139.63799,77.00821,195.39888,254.80739,366.2972,145.22842,106.02835,19.23095,139.23114,277.37408,115.75551,151.1835,222.07216,142.68526,278.26263,395.14874,400.3939,239.40665,219.86067,86.965965,302.2878,108.92332,125.00465,140.16142,263.0287,537.9207,442.6541,334.78555,774.4081,176.28375,347.86182,139.33658,419.4551,321.17798,48.33143,284.9828,256.30798,625.84247,963.0582,318.89017,107.31232,209.25073,167.40834,141.97945,184.46353,182.63216,100.408966,272.6997,220.18517,316.9691,45.554474,114.3205,289.23566,278.80536,257.578,29.665886,102.659164,6.42297,50.896416,289.71655,285.51825,583.3709,511.08893,687.11017,810.26965,347.89844,878.37714,441.55106,150.17758,168.65771,242.40607,37.9616,204.43745,195.57231,79.184074,410.6121,416.86096,435.51285,316.3003,375.51187,394.93173,517.4999,580.2055,124.60044,396.63986,116.21612,46.7647,115.74785,92.65254,275.1784,236.23422,399.6618,452.35455,279.33295,402.51303,248.00708,239.69225,173.36063,374.6579,340.04663,258.15408,74.62741,280.69916,455.56482,267.56268,419.37598,335.99225,412.41504,250.31961,185.48076,341.97906,192.24033,184.74359,68.431465,132.2121,227.67076,376.83948,405.16592,288.24252,403.7668,175.99141,314.72665,402.685,189.40845,329.87378,183.52904,202.27135,6.537613,310.81683,130.12779,47.840153,92.25493,206.3129,236.73721,290.51913,625.00635,1104.8997,167.71881,654.93677,474.3343,370.0892,189.7273,202.98459,271.91776,292.41266,359.25967,102.67187,176.08014,361.71048,124.645935,68.47585,172.51793,172.69786,265.52112,177.0222,189.92184,118.15956,31.263908,31.14268,31.520618,62.037697,84.53158,122.628265,117.02298,166.07677,206.58601,323.73114,127.8528,91.1309,129.44357,13.410777,158.21094,226.12143,186.04192,113.89972,284.35388,241.21677,293.0983,260.62805,202.93384,421.83438,51.274204,752.6171,591.56354,219.52281,195.00258,427.09375,Desktop Computer,$Whiteboard$Printer$Phone$Shredder$Google Home$Desktop Computer
567124.6,242449.62,4746.432,3550.5818,1852.928,693.6001,1241.6216,2356.4958,8051.167,3751.5503,2049.1162,13056.095,62590.85,47754.086,4784.804,2132.013,2047.465,1014.7629,391.43182,2505.4485,1054.573,1768.7621,1264.7192,503.71786,1429.3618,2742.5657,482.06274,311.75665,979.5261,460.04715,513.9774,1473.9241,1671.8019,495.40973,500.6769,1047.824,1627.6995,4416.6274,2398.0093,189.88275,170.41013,500.83676,449.24493,87.737404,327.66306,221.75862,120.961685,179.58984,125.75228,850.4643,806.0571,421.3768,290.73093,1049.3229,613.889,341.0691,388.2254,256.16647,290.39468,219.71173,567.5425,501.38672,450.5681,226.69455,287.31866,38.047573,165.32129,279.65576,239.31819,96.52243,314.07523,95.0591,286.99808,101.279594,380.30167,271.5624,278.81265,68.94472,94.09091,68.564186,149.8669,145.34198,151.48805,133.45741,219.01958,142.01552,244.55882,256.69327,244.78975,388.27762,239.7972,250.99825,157.2417,181.12549,125.611115,124.582954,279.57767,296.44263,550.2634,856.92584,153.14815,295.35153,246.72868,335.69455,203.21057,441.37912,292.70023,234.8573,261.4133,290.09006,355.8264,196.94589,64.82708,119.61401,225.23567,199.74966,188.56319,217.19649,283.4179,177.37282,136.33018,138.35532,170.47597,302.0041,118.91654,215.90102,131.26488,280.77887,177.19254,184.76459,201.41563,279.9198,410.85312,645.2729,1045.3691,153.53336,828.4804,528.4995,383.39664,295.6125,146.10715,144.7713,176.93977,339.0694,176.67348,131.11504,23.663168,258.22995,253.04718,230.01613,282.608,611.31854,811.2846,529.4973,89.201416,129.576,317.01044,242.46861,117.629906,117.744354,96.74193,187.42392,69.34622,287.39792,390.03387,0.052622277,145.31767,42.880123,156.91432,93.357735,48.423107,158.42352,320.00476,396.58823,132.89076,171.17867,179.0523,205.9809,49.277855,259.3086,276.90924,124.85426,12.348249,105.91519,138.57587,184.78766,33.65097,178.69833,368.56567,249.7059,223.25015,232.48373,347.25653,306.07007,184.56734,244.65498,388.58405,394.48804,216.77156,68.613174,50.660217,98.21925,186.61249,342.26108,620.7269,893.40955,619.2414,302.46942,701.7746,613.5572,475.61777,407.31464,558.67847,364.13235,135.79593,233.31792,173.45425,44.832382,334.62534,241.80391,224.31255,105.30109,30.914772,213.79933,277.97885,73.21069,122.24363,133.58308,159.87257,156.16602,252.72127,138.98691,208.77028,101.520325,124.83166,268.0238,77.70973,157.62927,104.61491,203.64908,202.87329,53.836933,110.74467,132.15399,216.0721,206.7336,202.5015,12.6302185,244.56575,144.90956,332.96817,538.85144,134.73862,160.41217,250.7108,486.22473,123.28125,Desktop Computer,$Whiteboard$Printer$Phone$Shredder$Google Home$Desktop Computer
569509.9,243845.88,1079.927,4383.147,857.01733,2015.5504,1988.2313,5370.2935,9742.9375,6111.172,2655.1438,12398.142,62768.062,48919.13,4799.289,1121.8948,892.1337,1033.4429,282.74487,1108.6891,400.2146,1959.5148,1563.7924,1394.007,1905.7916,2817.5103,839.3406,477.7021,377.94458,612.6428,820.8491,698.44824,1683.7578,515.9474,494.16196,125.42771,1787.1565,4313.533,1796.9141,339.80414,252.1469,525.1489,80.26423,135.29536,474.8743,404.71036,375.4257,56.146553,399.34183,1001.355,677.25085,416.29422,482.85635,1084.1263,481.00372,373.7911,238.19139,170.94109,367.98358,431.38815,201.09795,273.70004,576.71277,111.793976,234.178,228.51057,376.19604,439.0714,411.19455,215.06544,166.97751,462.65247,508.76782,202.51964,319.77768,152.27058,387.66296,440.72073,247.53218,75.80298,212.42374,187.67058,189.39178,347.24374,319.72165,245.20996,249.40533,145.24135,396.5195,541.9322,315.52963,189.80818,263.987,151.79158,35.29524,12.160626,282.41797,479.66153,365.37082,397.87827,911.624,497.10703,295.10956,145.14043,366.8335,422.77472,364.68753,556.8589,456.76633,391.50897,585.3581,403.63522,195.5726,47.722557,246.93713,337.3234,300.94598,268.52695,194.36148,100.967224,398.54907,507.0817,390.94446,281.93747,462.5488,431.7186,383.56537,400.81924,506.08444,377.12256,288.8934,257.15897,277.22958,421.6433,1243.0931,589.0872,448.38525,116.58547,168.92899,179.28758,299.77695,372.00217,289.22598,269.5509,221.54211,142.13853,204.80765,73.132866,235.36505,332.46902,406.65854,462.02515,342.42926,336.9736,115.31605,133.63608,376.3997,481.77734,252.01407,184.01686,392.1939,290.1103,163.69113,158.91788,135.95535,193.23856,258.06717,42.191227,73.379166,224.71971,198.65248,76.08181,44.99381,151.75587,182.95892,229.08693,120.243645,106.13287,178.29044,324.04123,247.41124,108.09578,71.02324,251.73378,239.81479,393.19263,223.71613,21.15521,107.24496,136.3138,89.84371,123.96549,202.01627,212.58977,294.15506,213.218,196.99086,195.90764,239.31558,226.90247,150.0182,306.3121,335.81573,527.91925,1042.034,746.0483,480.28488,644.3929,460.99094,247.04958,287.35266,339.19678,450.14755,426.8576,220.29454,314.28748,232.6358,91.689064,92.02945,106.32583,204.22905,87.0291,327.81033,220.70943,299.05927,281.13776,182.85234,113.43293,114.99874,84.59319,115.219986,48.672165,190.9573,60.974285,287.37564,237.13936,134.86813,113.33879,198.50697,267.70688,92.7998,42.74115,177.61467,175.11404,227.23727,190.88725,270.81818,87.56514,107.82509,98.95183,123.80947,277.8613,382.63776,308.5009,321.78635,394.44724,68.59375,Desktop Computer,$Whiteboard$Printer$Phone$Shredder$Google Home$Desktop Computer
568283.0,242253.95,4486.5776,4921.156,936.9974,232.54369,1458.2432,4661.635,9913.238,5709.574,1932.6173,13249.429,62180.51,45841.13,2215.7874,1649.07,1662.2582,965.03015,1403.4001,788.34875,786.2631,2478.215,1541.1943,185.04912,1843.2878,896.5694,626.1608,307.7465,603.21313,640.5118,561.228,588.3067,758.83636,250.31166,621.0809,1266.636,1897.0552,4175.5923,1411.74,229.06921,310.8745,128.50279,558.8575,392.05295,449.69678,215.57632,234.93134,119.36167,148.18883,839.30707,738.8604,324.0399,509.94604,1204.7412,582.3236,374.48935,232.62006,168.28845,169.04791,49.177097,213.06781,426.35873,593.6998,262.45212,301.33926,222.2953,170.18546,144.76077,365.15134,102.831726,144.37302,259.65625,295.7557,532.9,245.23994,205.74217,124.851074,347.50833,223.31749,297.89478,399.1618,240.73457,174.31038,262.06143,287.18198,174.79646,57.433994,211.4259,351.8155,404.5272,224.88675,241.8098,216.69339,370.02496,264.8798,632.8847,487.13754,481.16183,340.44208,507.04697,274.09393,391.8188,156.6153,108.94757,288.45374,297.57504,278.9476,193.437,386.38025,299.4271,433.25098,259.34247,252.39548,238.18025,373.5721,162.36653,160.45082,132.10428,221.22354,123.845215,200.99503,215.387,118.150246,78.151794,195.97519,79.906784,230.93086,241.2853,343.27502,122.20052,8.147054,267.25394,486.18988,895.2038,1349.1394,416.6647,733.2151,433.88602,246.03996,122.50466,289.70444,222.29942,187.44794,138.95316,51.895786,263.24948,377.00797,105.459366,171.05913,455.51965,522.52594,704.6444,621.2748,181.83553,516.049,65.156456,263.80557,515.95337,559.4007,437.73007,380.6102,106.572556,168.68822,259.1194,140.96976,168.32928,81.1724,188.18242,201.05162,330.84256,189.5065,42.33206,73.93405,57.802185,249.57643,248.59862,375.40952,205.5303,69.37258,177.404,77.270676,22.869036,84.45317,230.34718,345.97357,157.34497,67.67056,243.27818,245.3449,112.10892,267.10864,295.99564,251.0316,101.54377,241.28134,143.31082,183.21092,219.47685,123.64651,73.40227,299.63803,328.93018,458.59933,573.80804,816.5388,939.6159,620.698,801.78125,311.17734,536.3508,388.44495,301.76828,159.07545,57.292133,218.4039,132.68658,250.74455,252.40211,190.35597,278.22253,234.45758,270.4211,142.99216,302.80017,256.1732,101.81722,119.22228,67.37586,144.11484,157.18507,127.47832,48.30703,317.72256,176.54074,80.88945,137.04298,174.49774,242.52422,127.241264,208.8174,273.45306,145.85968,161.47357,209.76645,299.38995,345.35583,564.97217,451.6842,68.282074,170.68188,151.59244,425.1602,449.40186,198.73703,438.36072,335.66327,106.21875,Desktop Computer,$Whiteboard$Printer$Phone$Shredder$Google Home$Desktop Computer
565467.6,241518.62,4854.72,7810.961,5893.615,4300.202,3797.9395,4670.947,8278.752,2202.4827,526.147,14595.326,63735.016,49759.523,4625.899,289.43082,1306.7465,1940.6991,1836.703,399.8547,677.05023,2046.1268,1500.6586,221.31255,1506.9542,1341.7013,871.248,580.75793,643.15283,291.49396,405.669,1159.8402,1405.4382,1187.4055,532.3451,232.95703,2140.6836,4404.763,2563.7998,607.9366,406.76816,338.29288,558.2769,385.5754,91.49224,433.42563,142.64783,206.363,289.8211,742.00415,1096.7062,661.6984,377.0255,912.95447,210.9319,436.17786,645.55023,508.02567,305.9458,489.0388,224.91127,376.37054,346.60544,138.66006,75.01796,474.5336,504.8239,552.7278,38.64904,253.96892,163.33792,343.2641,412.72153,371.16992,157.71437,409.6829,382.67673,613.4174,264.55576,163.86252,254.27977,322.7361,334.49957,409.42725,77.11648,367.28094,299.05515,306.54578,56.264072,80.43886,260.34094,330.3613,117.28238,272.1486,181.20932,197.3977,191.19519,175.55208,103.63565,174.88457,682.25806,517.42596,162.25227,460.5647,303.6251,312.00607,565.36005,470.4079,282.92206,262.54315,199.14404,528.2426,293.65613,84.51595,390.33554,140.6134,75.43459,88.22607,67.105515,270.88336,248.31378,187.65468,191.7106,139.75006,318.06082,165.90616,155.02664,208.5661,236.78326,325.63644,192.63423,344.3683,535.8323,955.5779,1098.3477,129.20071,641.63214,216.97151,178.07759,203.33665,210.25793,181.09975,168.49641,226.7496,150.4707,326.92303,174.39323,179.48283,303.3499,357.27023,449.61646,624.2455,594.145,703.03217,707.45917,258.65704,81.24808,225.17587,520.55994,334.95563,136.50516,156.08923,240.9814,189.64996,346.09708,185.59941,53.416042,365.74374,62.777832,259.14114,286.36694,236.78815,33.33993,253.25238,159.84805,46.99343,84.22096,165.20853,124.1354,220.33421,286.06647,118.8558,86.309296,194.7852,140.12921,183.12172,45.447105,141.39214,94.39309,160.4174,113.93715,129.75351,71.85564,258.24814,184.08557,199.69571,254.08356,143.46838,97.27794,64.26766,231.17546,319.0869,374.18613,336.0145,1045.3359,608.974,911.39844,1465.6538,724.71185,261.26523,340.89825,357.57422,387.84027,330.11884,96.824265,161.2161,146.3047,267.72412,186.38684,234.74686,230.17258,274.94095,261.76056,248.69011,253.77087,148.7021,70.482056,73.22145,104.5865,298.96158,233.01404,289.00244,264.44684,382.16055,254.4078,237.85101,183.8579,159.76402,83.57638,106.03833,197.12611,134.10612,189.60364,177.75218,105.55012,120.43857,168.89233,284.0795,118.81934,226.27946,173.09543,303.9809,469.81616,486.76035,206.52599,307.9902,88.03125,Desktop Computer,$Whiteboard$Printer$Phone$Shredder$Google Home$Desktop Computer
567745.8,244300.81,3070.9016,3772.8218,2320.8352,314.2816,3436.9548,3741.675,9854.896,4386.9883,1954.3735,15007.838,64662.875,48713.49,3909.8682,961.8454,531.5079,949.69904,1245.3527,843.1038,524.87695,1720.1154,1468.5249,1131.7328,1447.6019,1954.9526,467.65396,502.7729,278.70758,274.75516,271.56915,693.5923,1630.8469,622.1716,392.28632,153.89035,1680.8188,3903.1694,1444.5,285.32956,288.49277,119.095085,66.80069,147.21417,400.61655,727.57404,645.95276,734.9535,736.84705,1062.5208,690.7,318.74002,883.76013,1172.4724,234.89685,108.95431,355.4648,202.74632,106.87674,348.0023,205.3749,345.77252,504.11557,291.43988,219.54445,242.1432,279.92245,462.0348,417.74222,283.57974,310.80783,245.07181,198.7244,106.90872,273.08566,246.26878,366.23553,450.72675,342.23047,386.5747,216.05345,197.28825,242.30887,220.84077,316.87878,131.62103,77.97684,177.13036,178.1163,185.06714,306.28763,170.67279,118.0759,74.29717,157.30154,110.02578,243.89775,243.72574,186.24452,652.4934,406.7261,19.229471,239.27324,218.53424,297.26874,524.17645,608.7353,314.89706,257.6949,20.216373,262.24887,42.16641,242.04417,53.772736,207.35367,296.58932,183.03632,183.61087,198.29483,79.9014,80.94559,139.38124,214.58234,51.020042,228.29005,185.82933,126.09967,292.0992,201.11038,221.49094,35.627613,174.67076,377.61966,720.5533,1136.2555,168.19244,446.13657,302.93893,184.46928,113.90266,100.47362,95.61963,154.63597,243.42578,394.8947,348.6955,235.56625,255.06097,154.93428,253.92882,312.7951,641.7852,562.57983,299.09418,398.40823,193.73839,168.23993,214.06952,143.82436,126.81357,86.091446,190.87297,233.02434,77.457214,140.14963,97.72696,186.72372,224.13268,162.42058,132.46764,271.48132,272.13678,204.48337,40.094128,48.663296,103.52082,180.38646,40.16315,163.82156,174.06529,181.68974,180.82787,81.62395,117.47836,154.87656,237.75519,119.08357,233.59982,194.09628,152.6868,63.90015,69.012566,169.78217,172.49507,202.62787,161.20924,306.1451,246.21785,209.36763,267.31113,67.898926,409.09335,529.5097,553.7844,687.4886,694.32214,624.01227,674.7771,96.08043,425.33673,602.5404,394.59683,478.3522,322.5919,198.62352,261.70132,311.9055,137.7692,33.57462,160.13924,142.8396,146.44261,159.27013,107.2262,268.00577,185.48767,207.3826,104.38054,160.26529,282.82242,123.24784,233.23866,254.7022,171.28265,154.4839,116.335434,79.389725,126.94631,263.0682,299.23083,304.4091,233.34764,91.64886,239.50723,222.25375,103.11016,65.930336,163.19884,407.62183,269.13416,127.04799,333.59064,252.48906,240.95135,319.94122,390.74268,386.5625,Desktop Computer,$Whiteboard$Printer$Phone$Shredder$Google Home$Desktop Computer
568680.4,243254.73,2969.5159,4988.452,4819.4575,3019.9543,1506.1022,6841.388,12789.036,4832.965,3040.7527,12284.294,63578.86,50548.453,5887.305,2595.4055,1287.6158,770.42535,1650.8866,1088.9078,331.92514,2143.4805,1518.6422,461.70496,774.5603,2312.8254,488.7129,453.78186,498.25427,233.252,593.18427,961.0036,1769.0967,198.2571,397.11945,125.98631,1249.197,4034.4905,1886.5913,516.6746,303.0329,323.2081,64.83693,276.39606,128.50003,148.50421,436.0573,566.47345,393.198,553.49585,622.9409,201.34181,488.88385,988.96857,723.45026,465.25006,433.70554,315.87698,268.568,388.25006,154.32217,528.8653,563.13776,480.44153,352.06055,265.5461,74.51606,274.9892,318.15536,113.916565,47.203014,226.55785,193.03984,315.7333,555.2634,181.82458,175.60204,228.73628,107.399994,129.7619,155.99501,146.10353,281.90814,201.15648,175.03383,273.33203,179.36143,228.08339,234.62866,83.92029,358.16223,286.55496,119.043465,146.84901,206.76933,247.07622,405.3702,481.09583,394.12866,190.66837,444.68317,787.9733,331.49203,235.8466,163.65352,430.21133,514.84247,193.46974,161.62259,252.11082,278.1188,373.929,209.3268,199.10678,150.03748,191.06445,93.66308,224.56128,200.81448,102.728584,209.91963,100.80206,207.81087,103.78642,143.39067,209.64568,215.79868,227.09683,146.43019,79.80964,67.560295,238.3844,342.11066,678.6469,1070.019,182.32924,470.84473,361.1691,273.843,235.02226,147.38083,175.56796,305.9011,308.74353,117.88333,150.63486,86.1613,317.88422,327.38284,292.088,227.32,376.93732,533.2347,324.1763,432.12408,194.15022,365.67093,135.52652,84.19515,467.4248,298.01312,285.7889,76.73271,126.59045,245.59541,260.18793,358.0913,229.40604,161.77498,283.8497,244.33,114.01637,124.28092,84.77128,240.46912,268.0371,164.5351,260.01697,289.26413,327.92538,287.1589,336.97998,199.49599,279.5315,351.4387,279.07028,39.224934,60.341152,148.64171,204.4136,116.725044,157.66008,184.52597,168.07468,573.0094,575.825,332.7288,118.66198,207.06891,438.6923,306.57153,308.74118,438.20523,376.17548,523.3219,509.967,607.21716,1026.5983,535.451,448.868,291.47903,267.1324,210.75299,313.54745,338.7528,422.71887,219.92972,410.4566,338.37497,178.28291,29.512747,56.15073,172.30377,83.217,146.85959,195.02113,167.52332,164.48248,112.58251,182.0613,124.41536,329.18973,237.31538,241.89532,51.12583,164.52272,127.283325,130.59096,93.35379,56.538555,118.907005,151.44525,172.78662,226.92564,207.649,175.008,85.62194,213.404,150.96695,269.23517,287.48965,493.86896,756.4175,490.60812,403.3127,525.17834,579.0,Desktop Computer,$Whiteboard$Printer$Phone$Shredder$Google Home$Desktop Computer
566131.44,240902.52,2782.916,288.02722,2707.387,973.6065,1930.4491,4588.242,10899.442,4814.5,628.92194,12093.354,61894.11,47040.918,3511.7388,987.75806,1461.0587,854.7326,1124.8114,893.9442,692.69916,1938.2761,2328.9944,291.87466,1732.7848,2366.811,216.70322,231.12016,107.296135,610.1831,517.1797,1299.9534,1350.1608,464.32843,711.5825,385.20837,1718.4573,3275.5505,1079.6083,691.38605,512.2609,482.1528,112.76164,229.55482,92.22274,65.793945,556.143,191.43657,258.34616,927.54614,739.57245,393.857,1121.8525,993.2261,261.63596,76.53374,231.76549,382.68738,328.18472,260.0682,93.28863,450.7053,449.31506,221.6606,252.68042,177.66763,90.23142,194.3477,51.629932,144.29509,123.382454,164.59694,353.61075,238.20357,429.84567,378.92755,121.798805,182.87708,269.19434,145.39386,51.221504,230.2448,190.79848,413.12573,426.81213,427.95245,260.4582,45.050686,205.24199,73.40081,39.90085,303.55704,446.72348,545.49005,231.27194,185.85028,17.60747,289.44424,342.15494,539.14655,179.63254,582.11444,705.79346,241.03287,250.6623,544.00775,333.88748,187.50116,237.84665,84.9324,85.98096,108.03146,18.34169,146.48999,190.64304,224.61394,362.92664,183.33537,216.34393,266.75244,154.56085,134.6678,104.63689,419.00992,416.27338,194.76997,123.404305,251.99234,400.8406,256.0554,113.44269,61.688194,157.63634,704.14124,1165.9093,122.81908,724.2435,445.71432,719.3238,517.49054,121.42366,196.35707,310.15594,215.97943,51.219814,87.455246,89.04172,267.2109,502.09827,409.03244,235.60893,412.24,537.8068,192.0276,670.8308,407.62668,95.05719,197.56293,152.46469,116.94488,187.5127,144.19064,205.10352,211.24173,189.59106,171.74344,213.6229,375.1001,176.33614,324.30646,240.68932,237.60861,52.872288,224.53482,331.22296,363.71545,227.89496,118.69513,39.22949,102.68902,82.684746,88.211205,115.52041,90.08955,18.425747,99.30355,193.21,343.8248,272.75092,222.44243,453.40942,451.73993,238.21037,49.36545,229.45665,119.00887,14.954757,223.90834,194.18704,470.02304,420.94604,278.75174,419.26678,749.2806,764.9955,194.7815,1098.954,753.0618,312.2687,193.29121,394.97913,117.784004,130.10443,267.43463,258.26306,131.60811,393.70618,437.03412,450.25287,703.0258,601.867,279.41302,303.2103,333.283,142.6247,38.47997,150.24236,223.02283,315.4666,207.3164,307.17416,259.8448,170.81082,245.89809,243.21129,152.79716,63.502705,173.55867,123.9284,185.68471,197.90207,433.42975,459.07053,391.39026,254.25768,89.91278,159.23508,294.95413,537.42786,445.60596,360.873,355.29602,564.60016,388.8876,158.85431,541.7278,474.5625,Desktop Computer,$Whiteboard$Printer$Phone$Shredder$Google Home$Desktop Computer
568102.44,243035.98,2003.8613,6284.499,4406.624,4511.901,2847.6528,3564.58,7462.6562,4081.1218,1976.0255,12984.945,61262.36,47618.41,4266.436,2462.145,1767.4423,580.2365,1340.5664,928.67896,296.86887,2478.9355,1994.0337,822.0419,1767.522,2709.2085,1280.1906,101.33653,414.7102,493.0188,77.87605,965.97943,1446.8663,594.55945,89.38803,272.24963,1371.0533,4071.5862,2256.6436,271.04913,264.0206,160.72905,148.82552,97.25595,79.01766,402.63068,476.34094,181.5129,203.16913,482.71237,158.54207,228.7818,202.09239,1154.6139,725.2413,163.78178,280.37692,406.054,327.46225,249.50085,166.08453,313.17197,480.80374,125.73203,223.5312,151.83192,304.61993,373.15433,362.04514,210.507,229.81328,360.46292,306.6543,501.6892,517.02954,220.063,110.73875,148.09045,220.64258,190.18294,56.49779,123.58542,215.70038,173.27046,157.95282,119.52628,131.9839,204.95728,306.91016,179.55292,35.651268,60.33477,44.136543,186.92993,264.80685,374.43625,166.86122,354.65485,466.8116,521.7059,375.20837,352.38678,206.37695,330.634,362.54852,308.7806,351.63455,253.17366,374.95837,225.36986,204.16385,254.83722,414.57355,508.81006,409.3195,313.92703,200.2096,60.125256,212.17952,247.45465,314.9312,101.61139,185.60437,414.1609,343.80682,122.392975,215.50792,194.25018,373.62842,287.75497,373.39758,471.29697,461.9186,866.5041,1182.7876,113.95621,694.19666,482.04034,531.59534,136.00119,292.70822,338.7645,77.23389,222.66321,315.92578,124.16548,227.12576,232.15112,125.62573,234.88742,512.8524,707.837,907.2204,425.9388,258.88116,269.27222,34.227436,93.77981,190.3167,335.46298,144.37106,188.22911,199.6297,304.0615,316.21066,174.51714,333.37268,197.1708,83.049644,242.90538,246.28366,227.55023,14.749441,311.26614,235.1284,73.18514,99.0907,118.70934,102.440125,95.16126,105.837654,56.680084,147.54247,201.41077,119.48042,67.29089,89.49893,118.60742,212.382,132.26425,261.19003,185.94885,125.02441,248.67719,409.37445,477.318,306.30658,255.98112,265.04913,152.91457,154.7952,228.08395,351.036,398.17593,609.0157,945.9163,265.67734,746.00543,461.9062,432.89355,538.4775,435.6693,306.55432,189.0185,97.28007,323.7902,616.33636,356.94418,109.12678,182.03836,318.42044,12.377801,301.08118,206.96759,15.409693,112.101776,63.170708,45.210613,183.28261,270.04282,234.79866,101.12238,17.625956,81.857895,39.920788,90.49307,281.69138,143.3835,206.01381,202.49086,184.98839,199.31755,117.911095,270.8048,159.80241,241.72331,83.356285,158.13432,192.81668,437.49808,347.98688,442.0391,152.27519,264.50528,437.06903,258.70728,31.4375,Desktop Computer,$Whiteboard$Printer$Phone$Shredder$Google Home$Desktop Computer
569068.4,244352.48,8744.8125,10138.604,3354.0164,1040.3425,3211.021,2879.0461,6635.2695,2626.0981,262.67987,14277.349,61265.055,45089.79,3905.1582,3998.6125,2078.6438,2391.5898,977.06476,554.44,1104.4199,985.056,1427.322,274.43155,1771.3263,1426.1243,582.9672,675.1602,949.0686,901.168,813.30194,665.1215,1787.0936,948.77747,795.0709,286.59656,2133.866,4701.4004,1843.0776,306.40558,379.8675,317.7933,472.7204,371.07895,240.64299,876.8002,743.3984,133.38939,466.52866,1293.6199,886.655,663.485,896.98114,1003.88416,122.35717,253.35077,316.29562,245.13315,106.27994,232.68527,285.91052,912.5881,874.96857,365.58124,148.50732,214.49359,215.90346,136.20808,326.46368,309.19672,358.82864,363.11026,151.60884,416.57642,363.18716,145.72142,165.97028,14.782798,145.8583,179.57301,103.96524,100.28931,213.01944,159.14339,266.3741,307.6922,97.389595,61.372612,156.14996,79.17731,58.578926,29.070642,249.0864,90.99084,356.5425,486.79138,231.13217,67.81713,458.2027,657.23315,696.6545,419.41058,356.12726,485.55774,398.96002,383.57623,199.33118,333.5808,338.20322,266.1542,465.43317,289.82642,295.16452,311.0607,143.91617,199.10277,238.23802,353.0377,59.765636,173.87221,421.89474,379.21338,448.3196,503.03522,190.1303,273.47122,492.22754,534.3907,149.17442,159.01685,232.91138,363.9641,454.711,592.8577,852.06647,383.11932,558.0807,243.13002,212.64273,508.22913,340.82956,75.16883,350.55737,283.3547,286.1137,147.3885,246.25818,244.95284,193.67596,85.40438,325.41324,762.6222,1289.4774,628.8034,202.15262,698.7098,479.08527,333.19882,271.91898,85.73192,187.2961,232.33008,234.40726,74.1409,319.52277,201.89317,209.83203,375.21503,458.31354,350.65836,255.80061,162.22218,279.7692,173.96451,236.892,161.2388,275.2086,161.28496,102.199905,213.08083,70.70577,136.14748,200.81372,244.97316,8.169087,180.19696,84.737175,28.459122,167.05682,322.81024,172.3173,99.90997,140.98299,46.341766,341.74612,238.87787,45.258137,212.69453,209.50354,120.33365,117.16807,299.67276,260.27084,361.87854,776.54126,1011.85724,139.95851,623.6451,802.73584,605.7397,418.9427,236.89793,263.07404,229.75818,305.2035,240.71548,230.37042,269.174,232.67311,191.50673,213.87958,119.61324,35.515728,46.45192,201.16823,159.00021,57.226006,140.20532,108.22651,67.00357,303.75452,280.857,287.44037,110.74243,210.17683,221.91275,167.28783,101.57528,140.40022,268.71677,141.86818,87.717285,43.438946,86.76608,160.76654,128.13976,289.86554,398.7864,241.7362,136.61794,355.8909,263.2473,202.6811,260.11465,449.4308,439.17377,203.96875,Desktop Computer,$Whiteboard$Printer$Phone$Shredder$Google Home$Desktop Computer
566816.75,244882.47,5673.2495,4735.27,1075.1055,3018.0999,1037.4044,2736.8677,9329.503,5782.087,2285.3542,14282.025,63274.773,51096.76,7450.457,3769.8794,1754.0565,1443.6709,1187.0332,2006.004,1137.1094,2873.67,1708.3788,929.93335,1502.5077,1658.3788,438.00375,385.44342,697.83405,862.50305,1242.0385,739.2889,1098.018,138.91353,1116.3756,660.939,1949.2584,4115.725,1821.8593,633.7948,836.15753,602.0254,332.44046,471.47064,480.46594,678.0104,538.0693,624.9954,360.63663,630.8388,1024.3623,304.40085,450.4579,646.93286,555.364,94.911674,163.10437,446.8028,169.42528,106.5957,292.6507,753.8995,681.0925,159.73448,280.73694,165.7642,93.44467,177.58044,407.8965,179.81657,340.40463,449.60275,181.94667,174.90007,336.89133,355.26514,134.57869,182.70096,237.27443,37.139034,92.01663,236.7736,78.16851,117.94336,124.82252,227.22975,282.53622,196.67233,382.2475,302.2346,379.0677,337.7142,440.89432,319.90863,233.24704,634.04486,499.093,359.92133,832.5057,578.41705,341.62607,307.09558,32.26079,153.7055,169.69124,224.92665,327.45367,394.646,302.45044,341.32983,203.68594,231.9599,185.4323,18.331987,440.92416,446.5638,318.5158,98.594154,116.90823,220.98618,156.38057,171.16269,260.48398,403.45148,146.0615,130.0225,167.53749,303.0604,283.1521,205.34842,266.08914,113.88814,343.12766,519.2768,1097.8441,417.0438,377.7919,324.58316,143.78809,417.34534,431.75275,352.66812,64.871605,176.70856,206.36855,168.95482,220.35764,83.823204,320.69962,519.38226,592.84814,939.66156,701.359,482.99133,267.62912,294.7769,299.7852,194.8694,183.63625,167.93059,276.70837,186.89885,245.21513,358.77722,111.78831,68.253,169.71199,288.53317,253.92883,125.87905,246.56146,97.99883,200.7896,247.50613,298.57336,168.77963,235.44691,126.28518,303.31662,216.33472,129.88953,73.63074,135.30832,148.15292,130.78264,74.88486,133.59521,236.63416,223.74762,278.7881,205.95718,202.21323,44.15187,247.90271,428.29758,324.1262,340.7125,149.5854,64.20763,109.61202,68.92699,109.43402,281.97336,619.3405,996.5864,157.11357,384.75464,378.24344,806.44464,483.20886,271.57925,317.79834,362.55338,347.18637,262.98502,75.40051,193.57578,108.652176,128.82397,217.12578,48.664913,161.62022,73.434784,2.7546701,224.55344,107.45044,92.10638,99.0094,70.90012,140.02896,282.01,94.37602,119.90309,131.81657,210.69661,240.78061,68.514626,152.36136,163.32219,119.15858,410.3258,85.09984,104.885796,67.71192,219.54831,36.996483,362.8061,484.3023,178.85933,91.46957,183.61935,444.40262,50.35598,73.260506,55.832836,153.57301,176.65625,Desktop Computer,$Whiteboard$Printer$Phone$Shredder$Google Home$Desktop Computer
564658.5,242102.61,2332.7178,49.01484,3073.3203,3424.6724,1978.0208,3121.535,7777.9453,2922.772,1232.8865,15914.013,65192.637,47876.59,2490.4036,1584.3174,1383.8408,1392.8943,928.30194,804.05945,927.5821,1902.9885,1174.2401,788.25525,975.9536,1899.4332,611.72595,476.84573,215.3481,507.7356,459.51498,1027.2849,1306.7059,899.9679,501.11246,303.465,2158.1672,4599.5825,1761.1768,269.59576,482.03378,73.633,196.0059,218.57063,121.45353,132.20526,234.97223,196.43102,342.58856,1101.0387,1119.9713,502.6294,832.2757,347.26776,389.59912,563.6275,510.03668,548.50745,346.24625,232.13048,47.056168,369.17688,657.06635,217.51688,156.13889,206.39148,242.09998,194.03465,154.63313,148.21776,82.318634,63.484016,51.318142,317.39755,654.851,463.9438,286.10568,361.83743,295.58307,42.163292,64.78787,132.95358,89.30533,182.53882,73.87937,65.693344,125.32474,128.33403,140.65608,85.50702,124.803,53.051056,164.36778,136.27379,242.51982,387.4664,513.1155,69.598045,251.4359,202.06647,398.25742,584.12634,83.71924,387.44724,522.225,438.2812,60.97767,152.96738,159.13614,154.70871,66.66781,246.91745,236.17755,310.1184,89.0462,328.89484,266.42487,298.8464,186.48743,128.5939,176.2257,322.73257,329.94995,283.59683,324.84506,139.33878,40.001125,117.870514,89.85455,155.40671,279.42163,74.10901,83.61585,578.21936,1272.1221,280.34018,540.59326,233.8563,151.28711,128.96632,71.565895,300.6877,395.0272,288.26962,198.54079,91.339745,92.91812,264.32062,242.16197,308.90054,772.9835,884.6355,423.52377,233.80919,178.09465,363.07584,369.5338,62.245785,288.39557,200.45055,217.97168,199.37216,183.68596,126.03247,208.17519,111.06188,144.15054,76.659546,95.41619,151.23633,23.354519,129.81764,260.94263,215.59235,99.53529,209.69843,73.956535,110.57857,160.08835,108.42999,86.65021,110.64231,196.05988,232.85841,64.9919,116.7286,88.58097,40.96665,176.45168,227.25592,244.14221,169.53574,151.73883,275.33698,300.2723,140.64204,212.9402,222.4958,281.48508,232.84492,302.50143,362.44617,498.21933,867.6335,536.6219,550.95636,483.7234,436.70416,613.0586,293.68887,584.6294,660.05695,171.48378,229.16745,18.770782,119.00905,325.33752,276.31158,76.586075,133.1284,98.42855,132.47493,25.968513,229.63498,307.54153,286.71524,294.67224,203.01456,178.81163,148.72054,100.378006,184.36655,5.457365,35.8143,209.58961,177.5761,201.1138,130.32077,137.24994,241.52583,89.94091,149.08348,184.33667,200.30334,124.099144,75.48078,119.62841,209.60274,173.65692,360.71457,87.47528,179.48743,432.83002,216.347,547.6789,568.29694,325.15625,Desktop Computer,$Whiteboard$Printer$Phone$Shredder$Google Home$Desktop Computer
567994.6,243285.83,4259.879,6492.8184,2167.3926,562.3833,1741.6359,3045.9307,5850.6,1404.7618,3677.311,13127.367,64019.523,50821.168,5304.6562,1592.7933,1323.5975,971.8681,995.38855,1910.9077,667.70166,2345.0051,1645.8756,1515.0677,2133.0925,2546.6873,190.00316,175.22722,150.15642,387.57056,679.76483,1470.8967,2162.8196,1376.8062,997.3378,477.20245,1658.6327,4378.5083,1778.5697,412.20862,262.62067,279.08273,337.1,104.16793,431.33978,202.00647,239.52942,376.46088,139.03165,615.30865,482.11472,697.84125,487.4014,1102.5364,745.11536,80.99801,169.72917,363.29263,319.00336,392.22113,184.40047,483.26306,490.6934,331.4303,391.10324,361.8512,305.85565,98.75127,27.567234,167.29857,391.18478,134.55153,93.86368,326.55893,418.27325,198.17001,232.22856,389.967,206.63261,70.95871,97.486275,276.28854,116.8134,61.15163,200.81863,439.47272,336.27954,164.66426,129.78993,220.67734,374.45004,142.72395,130.1143,117.49849,147.71387,203.238,234.27274,746.70465,555.0738,402.05908,767.16754,533.53064,267.41168,99.17889,286.81805,75.621895,405.27206,127.47283,151.69957,279.78818,154.23805,269.06168,192.05753,172.1951,212.26598,167.39618,89.35699,74.67395,92.22106,237.34547,188.83679,384.633,192.18394,116.00153,309.16516,187.46758,59.518917,337.30563,152.30185,207.21143,286.36453,317.59085,364.19214,1004.78613,1195.9669,372.06116,692.09064,333.10086,238.95001,56.113907,197.85753,269.05652,106.284225,191.54994,298.98352,506.17255,219.01749,221.8322,84.33303,350.06424,511.6354,649.0738,376.20117,394.56696,88.10504,160.0976,289.73364,175.1161,222.38815,157.86122,188.96428,268.6279,204.43683,248.01122,182.77544,169.20244,117.87171,44.594646,70.98389,190.60815,157.66713,154.42535,159.17717,75.90019,165.54956,137.79779,152.45226,56.82743,109.98854,190.82925,162.93306,132.88646,210.62848,204.43414,45.252155,49.6588,188.92677,148.6391,170.95564,185.57457,266.59027,81.96268,90.31187,93.84299,133.8926,197.79724,296.03415,272.21753,143.77306,148.47188,178.86917,321.5937,398.54327,328.1718,944.797,292.0939,557.1587,644.2384,377.02338,53.798977,257.4706,374.14066,257.38074,490.9009,501.4326,585.1548,435.99402,366.55338,493.40924,400.7082,107.576965,125.43892,102.42969,341.2247,288.754,71.37594,144.1735,157.36603,63.042877,174.55432,142.65681,252.35349,129.10095,243.379,86.17043,78.05683,187.37633,69.24827,162.76082,79.33756,48.28512,228.75464,31.159506,167.10808,164.07549,253.04375,231.2523,323.89426,517.2865,385.34888,340.6857,544.18024,301.32504,275.2632,340.71115,440.9999,91.3125,Desktop Computer,$Whiteboard$Printer$Phone$Shredder$Google Home$Desktop Computer
567002.94,240781.3,5118.0625,8345.159,2015.6084,2114.123,1408.8816,3196.1345,6367.996,5126.9,2500.6438,12327.607,63179.55,47907.73,4298.622,1289.6965,272.5145,1226.4303,853.92267,733.03925,912.1083,966.5032,1749.1143,1000.3095,776.35657,1926.5415,282.12775,172.94695,577.5704,613.66425,746.64355,813.7988,1399.3894,254.56006,652.87683,476.3624,1962.3887,3847.2869,1695.4537,442.54053,220.23633,531.02576,215.77332,210.51862,359.33606,369.39404,356.5925,313.25873,371.49512,1178.4148,656.1205,185.58293,226.91891,1282.516,836.4649,572.3797,557.5701,503.36356,538.6605,428.02155,460.56793,505.39905,599.88617,499.843,451.68716,187.62793,121.42062,290.05597,226.37941,277.31726,507.2924,157.8315,104.27232,286.02216,473.5132,145.54028,221.60246,91.28385,122.63004,201.04042,126.4116,176.68054,343.9384,102.62495,61.930264,85.25967,248.02165,97.8302,167.63824,374.17667,53.68469,230.39493,324.54465,267.21042,361.1736,262.20438,305.71606,450.65454,511.1754,463.66504,456.83948,91.31389,201.01938,162.83603,47.319942,151.43175,212.92854,317.01526,84.855034,40.310265,158.98018,263.36758,471.58655,505.12903,221.87444,281.66187,306.35336,316.02582,125.79471,18.915766,48.006847,184.66208,128.95618,408.77774,317.66663,246.2296,201.4913,263.596,204.02959,381.1234,400.29074,382.07626,292.00296,666.8668,960.75903,139.39156,528.82623,333.7281,477.24515,224.33911,162.04636,234.19493,169.36003,187.18996,416.35794,206.94298,344.27942,336.16092,347.99075,344.64655,401.56628,55.97955,711.3724,930.4575,588.45325,194.88837,121.56483,223.84192,283.98358,183.59795,107.38097,95.68222,190.31543,163.36932,79.630165,181.34932,309.72565,135.85945,209.84137,215.13147,61.11177,88.39438,107.79129,164.73341,171.63924,225.05206,36.49935,190.48363,128.42108,134.9468,182.9508,25.426964,162.50638,70.73391,192.7516,191.09442,149.2141,267.50333,240.48938,161.60004,155.65295,100.39001,208.05171,133.89215,122.67019,148.43974,60.97251,114.429146,190.90793,339.05804,247.86865,348.0014,293.7876,412.6969,638.4524,374.5014,919.5439,557.87134,473.21664,566.03394,624.0887,328.70166,209.04015,158.88374,183.0233,156.4109,177.81201,262.40927,36.523067,159.99237,136.10196,330.6627,134.27853,348.34406,345.42578,154.93665,107.368996,57.200096,178.55486,196.09303,226.7452,280.68756,117.21072,228.98572,351.01776,168.68102,151.89148,99.65118,161.52118,38.246292,144.22223,205.51689,241.47163,266.3157,253.30786,234.92778,93.72984,206.77696,211.13895,457.966,314.62408,243.59074,529.45416,237.41608,129.01675,111.03366,119.5625,Desktop Computer,$Whiteboard$Printer$Phone$Shredder$Google Home$Desktop Computer
567914.06,241804.0,1915.0361,4606.348,2251.159,1680.368,390.08105,3464.5378,5608.909,5227.393,4107.9253,10683.161,62461.348,49699.03,5060.1553,852.6691,1283.4413,621.1056,1942.5619,1523.9606,1453.8894,1940.5994,1110.2594,759.6496,1702.6699,2160.5823,156.97493,577.3666,511.39084,352.7093,326.57715,797.9616,1383.3772,446.33536,264.90323,161.32843,1611.8516,4150.8115,1873.2054,125.89132,151.93881,74.115105,102.43092,154.04523,183.37514,332.0463,355.44815,375.1621,440.18866,1057.4476,1059.662,621.54193,918.0382,1310.8317,1125.6833,318.55954,116.070045,467.0504,184.08347,305.99155,321.03516,326.83954,555.76086,295.14432,126.93049,112.04412,173.85695,127.70774,134.76553,114.670265,115.65397,80.31792,123.21414,78.9334,391.21878,142.03981,162.67818,130.52045,199.34145,136.20335,23.593746,114.71334,61.93474,115.5344,119.513054,136.60623,237.15904,26.159315,115.295784,255.8532,67.551384,231.28984,134.30777,66.69959,83.16525,285.98944,204.05157,275.52374,854.3271,1113.1682,671.0777,214.3631,17.719679,61.70293,152.5532,276.30038,237.06349,311.14093,109.585144,279.417,529.3839,474.98135,181.07727,77.59679,212.39612,119.07189,99.189896,222.2226,151.04268,168.4238,125.22248,47.411373,52.56828,214.37457,187.40596,70.305984,230.04184,127.26934,106.32613,119.70395,275.41705,406.2286,572.243,746.5672,1100.522,150.0905,539.23706,328.7911,296.9732,331.41998,178.08627,197.26747,81.25035,57.06532,131.51176,72.05916,291.72754,280.0048,77.99338,259.93738,458.5949,511.2493,901.3341,404.82584,250.59322,219.2223,176.29675,217.77785,79.54185,51.137794,62.0193,162.95053,108.63416,128.81834,154.2698,182.81348,257.34286,207.01999,260.7539,78.31328,166.55841,105.90258,247.10852,171.98703,101.79232,326.55664,200.78807,167.38286,216.64766,142.75633,126.3469,349.852,198.93713,196.78455,247.4237,151.0595,137.36914,77.88046,194.15248,95.28252,260.1127,404.66727,360.56412,147.65234,163.55817,71.184326,108.262924,175.01682,151.31,268.11765,129.488,281.7926,315.84012,425.56705,573.586,903.2603,940.6429,389.78464,802.581,521.8213,269.36597,162.07039,138.25084,160.49231,151.03941,135.98593,93.05938,152.63431,128.48294,65.76187,186.41698,373.63965,202.71078,235.3156,408.74158,206.3334,150.74979,242.33035,252.85652,193.088,35.241665,135.11002,103.70532,190.16016,106.78855,184.70457,154.96213,141.22014,173.15059,203.30379,160.75629,183.41972,326.65985,359.72366,273.48956,153.3718,81.98249,172.05281,204.76836,551.28644,754.1196,704.0302,350.44778,475.7738,352.08417,265.1922,82.4375,Desktop Computer,$Whiteboard$Printer$Phone$Shredder$Google Home$Desktop Computer
570640.0,244098.1,3723.2668,2471.2659,857.93176,764.11017,1950.4161,3053.8884,4957.1187,2502.946,1433.2363,16582.945,64473.887,47278.52,3229.606,750.62744,1229.3777,1527.652,1220.4469,750.88007,685.0107,1614.2795,1838.0112,1122.6398,2038.0112,2422.9055,1620.0619,187.41277,866.1894,111.106895,139.09404,1767.953,2088.0142,1285.8645,274.98788,411.59732,1711.9515,4681.2554,2377.0142,452.49747,135.33583,311.30194,300.75052,424.36566,342.1903,242.44304,215.2154,115.39328,256.59644,1138.2085,607.49713,301.91083,796.3017,1034.1855,301.91443,258.07776,229.03322,294.79947,237.60417,79.10057,370.85397,359.99167,407.6254,154.4496,66.684006,85.36303,102.394394,186.11551,18.236065,153.19423,180.77039,277.93027,266.5482,211.12646,512.97015,480.67746,259.6613,354.59576,121.54994,143.79506,101.56368,143.41032,179.01276,298.55124,179.95778,194.88725,210.53343,268.3601,405.98514,214.78271,33.68523,336.8812,135.97688,313.7127,219.19337,331.64526,119.65374,161.38051,423.6271,505.51242,419.18317,404.2502,370.3319,199.20471,118.82661,157.33067,150.32794,273.93784,360.3548,167.7875,204.09975,231.52213,141.03491,201.46872,125.27178,148.83351,114.988594,380.82617,501.02325,131.51993,50.209694,304.06815,223.68192,347.843,141.90865,54.25197,234.88852,264.00647,328.84125,163.37346,160.51204,173.52502,410.1465,632.214,1282.2451,196.12224,689.61584,425.57355,403.43365,466.5746,283.7423,182.05003,200.42517,241.01321,200.75854,318.61145,223.84442,496.02774,659.8592,663.5145,604.7832,682.5984,626.3738,341.44415,587.4205,48.998955,106.46454,65.650566,214.27176,248.77968,321.45233,249.53549,409.42233,270.10556,335.55792,161.32256,256.89603,293.17484,149.53424,99.26188,216.67116,214.69617,273.34778,101.88651,250.511,416.61948,288.3663,159.88716,109.19992,223.25087,148.90646,208.69693,220.1704,182.14508,296.33344,135.22905,223.23308,201.3036,90.36387,125.59628,197.42613,254.55608,123.342255,90.2197,70.262955,84.90023,17.072325,75.89305,165.30116,313.28308,518.4076,504.9124,471.5115,528.47894,743.94916,487.26782,543.19037,647.7464,129.95226,202.0628,283.48923,248.76346,266.1695,130.68503,437.4189,234.76054,300.38617,295.9796,134.26347,181.44789,179.7139,4.151232,249.68587,125.833,199.02646,57.664036,153.23877,124.68402,29.171293,170.61714,86.0477,106.94572,206.14627,67.42494,190.46677,318.1602,315.04547,217.60272,253.90625,116.68984,131.6383,272.45743,427.09494,451.06772,250.83546,189.46645,107.48537,219.26857,127.561066,123.03855,217.46393,226.36305,258.54718,406.798,246.82289,185.35533,109.78125,Desktop Computer,$Whiteboard$Printer$Phone$Shredder$Google Home$Desktop Computer
567038.0,242901.47,6942.7056,8541.536,3920.2195,2021.474,1393.9962,2166.9565,5005.518,2658.0183,1742.5568,14607.701,62635.395,49484.83,5004.4463,2180.829,2149.628,507.8158,1277.6984,1058.35,1429.9388,3399.288,1753.6072,1285.6207,1555.6552,1482.8347,656.776,421.71158,473.02432,120.0052,365.51468,1202.4182,1639.0796,176.1387,363.10675,507.96112,1986.7703,4178.193,1454.7195,132.26643,486.22568,269.68668,452.9108,148.63315,191.23096,213.88164,333.4958,273.82123,270.6653,974.209,963.4823,421.46756,532.9785,1269.6729,788.161,118.02623,272.19528,371.1721,267.6833,118.54656,239.47633,377.63437,585.2819,314.11224,124.56015,270.49854,181.53352,333.46875,394.19894,467.87482,125.774506,136.39119,77.38912,214.05984,656.0744,430.25052,351.29788,192.23816,110.44838,163.6623,23.661512,229.26047,125.43237,163.52782,57.06787,169.13588,290.48135,370.50626,332.31134,82.85653,228.32741,190.7956,253.59238,162.56148,405.1984,509.4489,303.19992,260.47733,201.63528,438.45468,448.64645,220.73676,78.32395,270.85062,305.34406,410.6707,145.80606,161.34204,198.90411,49.260544,138.85384,420.0816,257.6351,251.60631,171.71228,138.5213,106.95789,291.09973,219.86743,211.75392,193.05334,61.800835,120.52111,163.27951,398.632,223.8576,204.02982,173.75542,281.99335,306.5593,243.9186,300.07834,526.0907,800.91394,1280.7626,355.1324,826.8116,750.709,466.89374,245.80531,265.66013,365.47864,149.67094,246.47672,313.54193,319.74692,310.6239,311.41577,535.0222,499.1213,465.77142,430.15375,235.58801,777.9668,260.05728,407.81128,326.40353,239.60011,263.6601,499.6725,408.6518,208.58273,81.55109,93.103584,80.32072,189.50821,221.18698,322.50974,326.06696,184.44287,129.53923,70.62663,229.12508,125.65494,54.37741,122.128426,241.30296,277.19873,41.172516,265.5325,367.77966,295.23688,106.39436,91.5264,225.7118,74.67245,301.09622,334.36444,232.69843,209.88333,176.99205,281.1141,129.69232,180.9628,198.84361,288.2118,238.07503,154.87285,206.01889,361.20642,450.74646,296.30252,318.45367,309.11163,507.68958,244.63191,979.94684,868.06525,850.62036,605.6287,210.55653,326.18463,441.90527,445.71313,310.826,147.72612,192.07866,109.66905,152.7542,78.06745,87.486824,109.04923,147.99345,109.15225,187.29184,94.79046,248.89818,270.69153,273.25412,212.4909,89.94107,62.934784,184.66916,212.78375,213.50084,130.7671,163.50777,151.57635,203.18092,170.86732,57.233578,208.35919,135.87447,34.601593,108.08479,303.5724,321.87842,61.0898,152.47417,215.11446,322.4983,287.6924,325.2703,299.03485,451.62714,566.05945,71.34375,Desktop Computer,$Whiteboard$Printer$Phone$Shredder$Google Home$Desktop Computer
565640.6,242835.25,7143.606,8492.441,3503.492,617.43097,3004.4812,1703.11,3820.6077,2050.3445,2023.2948,13141.465,63084.242,47303.074,3057.5168,1891.3492,1392.217,1124.1792,1173.5867,835.60583,1388.7854,2121.7834,2115.8203,339.4344,1040.6884,1926.5521,518.421,939.7933,701.676,634.6649,333.5474,1125.053,2124.2344,431.0727,471.23184,119.803474,1643.8109,4667.749,2495.6797,550.5111,139.24231,430.01712,204.48605,228.00511,33.463055,222.34525,212.21216,243.91263,366.3251,773.7017,563.7468,205.17853,799.9975,499.06683,568.28033,457.37906,327.06778,408.60477,196.0045,308.8382,454.98087,750.27905,884.7157,310.66516,316.40985,293.6935,431.3821,321.97067,316.9137,63.92171,116.07199,117.835884,78.277084,375.7974,708.26,482.04184,224.88356,437.66318,235.23291,231.78693,198.75946,238.24028,180.52702,118.36574,355.32654,456.9938,706.4888,572.31335,386.3703,500.14734,701.1165,498.19678,206.7961,310.14706,476.21158,256.69345,239.76018,336.3069,559.09436,695.20685,475.39185,194.45279,124.776596,305.44913,521.5865,479.69464,393.34143,417.52475,338.9589,273.8149,335.85245,424.23288,446.83917,534.7613,489.35526,469.50964,515.1052,550.0495,746.48834,654.1192,553.37573,211.76112,277.14606,335.5533,623.51337,493.2702,365.6192,348.88007,468.31906,268.5464,222.22987,294.968,528.74066,875.0256,1367.6793,694.75824,245.18982,217.89265,107.59645,214.87648,206.36017,133.60165,143.05373,173.38568,260.5435,215.62213,69.95661,285.53223,373.19153,389.50943,642.2355,710.64014,302.38626,569.6742,297.6366,369.81836,314.90952,410.8504,387.04837,162.73907,296.04254,354.2549,258.78247,197.34634,123.44781,16.39592,64.80008,234.28021,220.6402,327.69006,319.14594,315.05704,242.84015,150.45294,164.5641,305.87387,425.7126,569.98224,423.99463,192.69745,455.37952,237.58495,220.17691,196.79742,121.298485,256.4447,346.62323,436.3357,335.1111,153.59439,167.51326,270.51978,182.36717,182.77905,212.44125,207.86981,187.54926,218.45053,166.42488,67.73509,337.3879,293.76016,306.38934,647.3095,539.7645,563.20447,804.5508,717.3812,718.49567,492.7882,185.17465,180.65785,441.17273,549.277,540.1153,385.49973,281.361,340.5419,462.0315,273.5901,194.1924,269.1712,186.36281,74.46904,127.00179,226.85037,248.2513,165.36342,145.37346,252.85571,209.14612,343.51956,373.19443,314.4733,225.27219,134.47598,234.78783,264.28064,135.73878,195.53014,82.53901,190.0177,137.89014,218.96848,188.75298,159.03009,382.131,327.27664,212.0205,206.75903,117.53117,187.847,61.74072,231.52896,267.94763,224.86705,595.40625,Desktop Computer,$Whiteboard$Printer$Phone$Shredder$Google Home$Desktop Computer
567517.44,242092.6,4021.4243,4346.343,1333.9408,1564.891,917.6196,2599.4265,5143.5166,1675.277,1264.9744,12268.549,63431.336,49626.18,5839.856,3267.3125,2366.598,761.6219,1767.1127,1680.9365,1150.0659,2276.162,1322.5144,605.73065,1539.6245,2394.223,196.3027,696.5402,905.28467,430.64343,374.8058,1244.5559,1259.3977,427.80612,269.9584,893.2147,1431.906,4250.461,1715.1514,451.91132,83.45065,224.7674,348.18347,372.44482,512.13165,246.12979,61.03535,252.8349,701.91974,969.9264,967.81696,345.209,885.93085,789.98193,209.84024,780.154,243.90567,432.1065,210.51355,140.11087,288.97955,244.73393,628.02954,158.47194,155.28386,243.71912,266.8349,268.94357,86.74896,187.09325,273.2625,347.73294,56.95632,278.94644,609.9796,270.82712,276.34256,169.75256,330.2639,210.3939,242.30203,275.8197,396.47202,518.50836,343.70627,89.348495,232.30351,221.41032,172.79471,251.43236,462.9044,515.13544,135.01784,186.59207,83.31476,45.314137,188.22417,206.80653,59.015697,541.8481,711.659,363.35468,62.159786,78.31473,367.8597,426.1465,389.2142,241.01457,539.3934,325.94467,159.31549,157.4923,343.7213,367.04123,191.30412,56.538177,209.53757,98.57718,116.20408,248.28372,163.3282,313.06177,225.83597,495.66837,365.7099,88.8881,104.01137,167.9108,318.5852,239.81755,390.61887,393.35593,362.40103,595.47394,977.12335,499.89203,346.68256,395.98764,296.50888,137.18903,361.00284,277.33005,260.55997,208.79095,400.14868,529.9892,357.41718,412.54254,342.9604,93.94367,278.3435,295.13876,967.7186,995.22473,193.88358,14.635424,56.409138,298.70895,246.15741,116.56942,224.43448,139.10252,276.98938,90.90856,213.18584,220.14148,404.1726,277.33246,329.16312,525.49817,404.27374,238.98048,64.66758,268.8126,431.89438,308.2037,20.905834,52.42904,263.47778,251.52643,177.36862,254.08273,205.76454,270.86865,334.83392,359.38043,252.79782,117.13006,260.61786,60.281475,247.48164,294.20898,283.5809,156.9178,362.66733,387.92685,490.00107,490.85455,211.78064,354.76117,323.82925,200.02928,72.101204,148.42612,385.01578,949.48883,276.094,1130.6278,808.4279,606.68976,402.17548,266.35614,459.18143,394.36826,153.19763,241.69629,148.9587,88.118454,60.2881,287.36053,157.49765,222.90018,210.78055,173.89581,102.09468,228.43059,59.63306,248.73526,219.14786,165.05338,62.34838,201.13242,297.57034,195.34805,422.99155,93.62319,129.99852,271.3279,216.62189,291.6648,511.55948,574.81683,326.88937,161.02647,160.94489,27.412588,74.74589,333.62216,444.34506,447.52505,163.14825,221.91313,313.67984,22.9287,338.41833,488.85303,130.75,Desktop Computer,$Whiteboard$Printer$Phone$Shredder$Google Home$Desktop Computer
566653.06,241367.48,3370.468,3893.4595,3104.3901,4710.185,4080.9624,5099.804,8377.941,5451.896,3149.011,11218.368,62663.96,48484.523,4363.041,2244.4128,1282.955,972.1358,796.6247,775.8824,1268.3325,775.7334,1300.677,360.27524,1398.3855,1931.9332,744.6682,331.46793,351.695,335.85913,277.25006,864.71063,1153.0757,644.769,91.20101,241.126,2150.4883,4364.2354,2133.8765,545.072,397.9826,347.40375,351.38455,195.51532,44.852085,96.34212,314.67834,362.5571,481.62057,749.61945,796.76514,769.4934,882.3709,1117.79,115.350945,687.61304,530.0518,357.85825,182.60149,123.68918,218.29688,345.6184,603.04193,277.90237,26.041565,109.82309,85.51593,120.606895,465.37735,309.3317,310.3746,171.88493,189.1996,585.06494,804.1972,325.68246,130.88646,202.79784,213.53337,422.8045,325.4829,153.76729,451.15405,441.43628,323.30518,483.97504,149.82828,228.427,253.11574,277.72476,390.8518,466.07773,175.06026,205.04561,374.1198,488.42474,340.68338,172.68399,254.98112,504.7552,446.28046,373.91888,93.5743,450.60083,462.74255,264.40707,364.75937,313.73782,190.77461,346.40408,329.13754,262.2817,183.7183,375.25574,164.2755,177.42111,129.25967,192.30634,235.47218,366.3328,284.43372,402.89407,87.5179,173.093,81.166374,309.76782,333.57965,258.38004,109.23671,212.96837,269.8189,131.34982,116.00286,688.0947,1161.8698,486.67935,295.0413,378.1675,313.9839,215.58154,94.9641,71.76405,245.11151,265.417,36.71277,67.15619,160.70279,112.68929,284.194,235.64148,308.1871,331.54547,928.3884,626.4744,125.999916,506.27026,523.2532,148.6537,100.69621,66.79098,252.01752,302.96768,289.95038,281.3419,207.04497,168.84573,171.33418,51.693783,80.7838,161.20703,322.5732,169.72739,292.88596,318.7875,316.2949,252.77466,99.00376,198.23659,258.98993,104.85674,197.8426,208.58847,213.17278,153.02248,108.6185,160.82419,201.3399,195.74281,195.71191,34.938473,70.253746,231.48505,208.29796,4.8253026,165.15918,95.46141,58.461998,140.30305,316.63855,180.124,176.88742,143.51244,271.24762,479.43533,758.7702,949.2529,248.03195,1034.5106,907.1946,390.69824,32.587143,228.33492,286.87384,162.64706,142.66995,148.33562,331.3784,333.95474,443.19885,278.75443,49.88474,14.313044,17.469145,9.456454,218.26659,156.77228,112.53082,124.62429,201.09027,109.49303,75.28436,132.78206,249.38368,199.48834,484.32086,385.2372,159.03358,39.241314,238.49811,236.16653,44.22378,90.48046,31.436684,134.76266,108.890526,102.455925,26.812054,108.16165,270.4889,278.64703,84.04375,178.66524,461.26813,285.66296,174.40884,492.9367,719.8125,Desktop Computer,$Whiteboard$Printer$Phone$Shredder$Google Home$Desktop Computer
567718.25,241174.17,2307.1672,3438.8892,391.97458,2075.6174,2361.477,5042.45,6132.6675,3487.6035,2717.9663,12342.918,63369.777,49495.41,4001.8862,2016.137,1858.3577,290.85913,1340.712,692.2235,671.3397,1937.893,1175.874,760.1278,1520.3501,1968.683,795.7169,440.39944,566.9984,363.86264,545.9338,366.27313,1384.0957,539.7675,508.45508,396.78943,1888.6855,4280.107,1750.0784,335.1268,499.97067,622.9898,660.6917,377.42044,104.79752,278.015,210.36395,304.3646,293.18494,1148.7504,881.0478,73.185646,227.4036,901.2409,1059.8347,268.3884,311.09076,395.93726,343.0421,518.3854,565.7232,870.0323,787.1256,147.41911,187.98152,349.56833,285.3347,179.57935,346.39487,302.09775,161.82529,50.268993,226.40977,359.97083,713.10425,279.89066,94.524796,77.444496,123.14742,164.82797,435.15665,335.24442,118.3078,112.8698,206.56036,322.09592,404.77252,546.8483,257.1148,252.65338,409.18176,210.52666,268.91895,204.92964,351.09848,369.49057,524.1834,568.1737,371.76596,208.13403,174.45508,308.6548,107.06542,398.94702,458.1879,240.07758,315.01978,307.58316,140.22441,30.021423,331.92627,55.272766,257.53088,321.00833,426.76404,189.52522,102.41481,229.80972,204.42647,407.1,296.93005,229.17467,188.03276,162.81917,68.94999,81.80187,296.70773,247.21982,448.1778,267.79715,224.41298,372.93945,303.5788,597.0263,1057.0216,106.32316,462.11383,137.10834,119.70665,82.26086,216.21,87.29134,95.51681,224.13469,91.73077,106.48046,114.00769,152.81969,172.92223,409.176,825.5405,901.12714,236.9958,332.89694,268.2742,691.2874,264.6911,241.84497,223.66641,139.42104,62.510628,220.233,310.2393,142.04495,74.12828,169.87231,186.62703,223.63042,197.69441,136.97218,493.95966,571.24976,172.09897,137.55453,95.834816,184.65202,224.12128,189.38147,39.244217,157.58424,147.16344,59.343956,88.76841,170.75806,89.160416,41.52785,85.89778,165.28998,162.55931,149.10834,254.99887,212.31825,181.0214,186.49765,313.01062,323.64743,212.60432,310.39368,361.42178,337.71262,135.84135,297.99048,352.0457,545.6544,1152.8429,730.9882,507.15424,301.66125,256.6346,599.3464,506.14896,360.0007,293.8017,71.80572,90.57257,77.679695,286.05264,295.4807,246.81384,173.47238,48.35818,117.05068,209.38812,201.50182,409.761,280.90488,101.23455,116.65609,121.764114,340.84857,305.64957,277.15833,74.19832,307.68045,167.37386,145.57436,140.79314,361.85776,248.04117,132.19418,103.711,88.69683,281.02133,329.4848,264.32562,204.22057,126.60218,220.34634,205.16856,173.83043,321.9024,258.96567,335.53314,91.57795,488.23416,171.41116,165.375,Desktop Computer,$Whiteboard$Printer$Phone$Shredder$Google Home$Desktop Computer
568039.6,241973.58,3216.6726,6708.4204,5099.584,2435.0798,2538.5256,3241.8103,5212.184,4512.4233,908.6132,16132.277,64879.28,49128.848,4627.603,2140.0684,346.40768,1073.7412,402.94412,1421.7004,1548.2579,1871.1313,2353.6082,824.8063,2183.9543,2163.1677,832.44403,610.208,799.96173,476.12186,345.80606,668.3235,1707.277,304.2945,437.3912,491.1678,1912.5774,4356.7095,1883.1451,213.98909,170.379,413.90936,123.07539,242.79305,176.6027,241.18271,342.32272,310.4227,367.51083,709.23706,466.98868,215.40157,846.7612,1095.1399,377.72003,326.2395,109.16902,398.96463,424.6312,412.3098,182.86337,327.20462,608.90924,325.35428,270.62436,303.45334,153.59572,286.80594,170.03761,250.70609,159.04721,29.70974,94.385956,237.03555,383.23355,50.874645,189.68651,224.62027,98.428894,269.06934,65.98679,36.569065,181.57043,146.08736,56.595314,134.15721,388.6042,406.61856,203.81866,86.38907,141.72792,174.1595,145.63995,209.15843,242.04607,239.21251,321.53207,291.71738,395.9572,641.96216,841.5908,397.7608,362.00623,184.69533,396.49246,538.2204,346.45166,159.87529,335.60907,380.83917,506.72794,492.15552,321.7402,292.5244,195.87886,149.62096,179.29576,46.53207,139.05333,182.33336,212.5611,56.092617,190.23572,44.239002,167.61006,161.91402,260.1513,218.56082,354.07004,290.194,212.0192,61.402958,315.42978,618.4098,1111.8315,158.2236,742.6865,528.7144,249.75027,40.461937,53.600998,237.92531,253.62534,260.43918,7.731842,119.45075,174.09166,141.46878,171.61775,226.20587,230.47392,507.38052,951.0155,555.2823,336.8533,599.5494,261.1376,240.3172,171.8204,37.59826,228.7667,160.49701,97.731064,142.6242,101.516556,109.91364,81.630516,182.55997,112.33724,72.43741,224.37794,205.68639,279.1666,203.58154,164.33234,110.44612,233.09396,133.61758,217.74533,263.3877,133.71223,222.03357,128.68979,96.74932,120.906586,69.43436,82.27298,131.02885,203.12582,26.417423,166.78825,119.96994,199.65558,268.4765,118.401634,94.32628,292.67432,342.57706,242.22972,374.05295,447.82764,223.49106,151.45625,107.65118,494.97583,1248.0056,296.20276,642.3061,572.14636,287.4304,247.15712,510.84976,297.31122,95.95526,229.00653,144.23647,164.09097,188.80098,139.01921,101.697716,131.24287,139.42644,173.14001,230.23502,166.19258,174.11086,154.16768,141.64838,166.98128,426.04294,377.12677,155.90384,169.9515,189.83696,108.25535,234.21794,310.4121,89.537285,191.04372,62.172386,154.42923,58.574734,116.174934,50.110268,90.11468,164.36708,283.13522,178.03711,65.014,317.3587,403.92563,673.8609,669.8172,290.37137,439.27853,333.6495,50.34375,Desktop Computer,$Whiteboard$Printer$Phone$Shredder$Google Home$Desktop Computer
567430.75,241923.1,5764.126,7729.4194,4131.0957,937.4599,2289.8657,4567.312,7979.7144,4111.6006,3804.9958,15052.791,63471.34,48586.69,4634.4727,677.1503,1241.9843,919.0873,959.8926,2153.9087,615.992,1569.2156,2164.574,425.6725,1246.611,1911.7203,725.2322,757.9495,720.90814,923.30316,127.527214,815.2306,1334.4084,145.25995,857.87933,44.84651,1486.0116,3935.7146,2049.3855,674.8012,332.0444,325.9213,569.05115,190.04588,189.96211,305.01083,403.4023,384.17984,469.2034,949.79175,826.82135,436.32755,595.27637,586.4527,609.3109,670.24274,558.07404,763.2889,451.7525,299.1014,273.7739,392.39038,530.19275,183.59601,276.996,468.34024,298.50635,169.43393,292.75183,170.19637,117.979294,210.46518,85.73281,131.28848,513.182,264.65952,217.32196,278.9327,104.17345,96.6981,257.36148,258.19376,245.66104,63.269375,236.98691,459.74872,341.71002,268.43256,359.93262,201.40703,257.167,286.13937,309.54773,137.35696,165.4158,273.20883,442.90695,478.33453,640.13837,855.57764,449.75613,362.01617,539.4974,123.621574,414.41162,121.41581,196.97386,76.20481,157.75829,410.3201,189.87224,78.937614,191.62808,143.22981,313.27103,384.66595,153.43039,92.07114,148.64659,231.86813,216.49095,347.60272,462.6364,187.3187,184.44745,150.00644,44.72326,110.58314,363.72778,317.51047,438.43478,370.86267,319.0919,675.4483,1135.6155,92.25118,647.3282,176.0333,180.13863,30.512333,135.45665,259.50348,369.51294,359.4845,237.2955,154.09674,104.054115,149.93852,226.22603,349.5793,497.16608,319.6003,317.63754,947.91876,462.42865,180.26465,330.527,215.95473,150.40427,253.67558,37.542507,143.26534,220.02057,261.79028,154.30017,173.01683,126.5556,46.380836,67.487755,282.39462,232.5008,263.2778,384.3391,235.16135,142.84912,145.46677,208.41869,458.3712,327.61316,227.80434,336.61188,155.69505,87.513664,158.82242,107.06414,81.68296,65.90821,75.47629,122.884026,166.58743,323.92322,543.2317,521.5538,339.06128,168.08456,161.65553,170.72539,156.66295,183.63448,260.09906,450.91467,455.05933,295.9372,56.629013,526.5164,490.12125,820.9761,457.2078,453.4434,524.3878,642.6901,446.9216,520.33563,420.14856,349.5871,132.86578,242.95692,328.91623,248.97496,148.24937,174.47813,209.56854,211.03554,372.6845,495.1003,519.401,325.4493,174.43849,33.409893,149.43916,33.898605,201.26447,139.08318,187.25911,208.11903,262.08484,271.30005,371.01483,358.40723,126.68687,76.656204,95.650475,114.66221,84.22593,9.717711,238.23538,311.47968,440.28467,443.92426,186.99207,115.63503,94.534386,113.65256,294.02087,403.7601,303.5403,257.90625,Desktop Computer,$Whiteboard$Printer$Phone$Shredder$Google Home$Desktop Computer
